   70.00       15.08      0.4094
   70.00       15.87      0.4336
   70.00       16.66      0.4570
   70.00       17.46      0.4795
   70.00       18.25      0.5009
   70.00       19.04      0.5211
   70.00       19.84      0.5400
   70.00       20.63      0.5575
   70.00       21.42      0.5736
   70.00       22.22      0.5881
   70.00       23.01      0.6012
   70.00       23.80      0.6127
   70.00       24.60      0.6227
   70.00       25.39      0.6311
   70.00       26.18      0.6380
   70.00       26.98      0.6433
   70.00       27.77      0.6469
   70.00       28.56      0.6488
   70.00       29.36      0.6487
   70.00       30.15      0.6463
   72.00       14.70      0.4212
   72.00       15.48      0.4462
   72.00       16.25      0.4704
   72.00       17.03      0.4937
   72.00       17.80      0.5158
   72.00       18.57      0.5367
   72.00       19.35      0.5563
   72.00       20.12      0.5745
   72.00       20.90      0.5911
   72.00       21.67      0.6062
   72.00       22.44      0.6198
   72.00       23.22      0.6318
   72.00       23.99      0.6422
   72.00       24.76      0.6510
   72.00       25.54      0.6583
   72.00       26.31      0.6640
   72.00       27.09      0.6680
   72.00       27.86      0.6703
   72.00       28.63      0.6707
   72.00       29.41      0.6690
   74.00       14.33      0.4319
   74.00       15.08      0.4576
   74.00       15.84      0.4826
   74.00       16.59      0.5065
   74.00       17.35      0.5294
   74.00       18.10      0.5510
   74.00       18.85      0.5712
   74.00       19.61      0.5899
   74.00       20.36      0.6071
   74.00       21.12      0.6228
   74.00       21.87      0.6368
   74.00       22.62      0.6493
   74.00       23.38      0.6601
   74.00       24.13      0.6693
   74.00       24.89      0.6769
   74.00       25.64      0.6829
   74.00       26.39      0.6873
   74.00       27.15      0.6901
   74.00       27.90      0.6910
   74.00       28.66      0.6900
   76.00       13.95      0.4414
   76.00       14.68      0.4678
   76.00       15.42      0.4934
   76.00       16.15      0.5180
   76.00       16.89      0.5415
   76.00       17.62      0.5637
   76.00       18.35      0.5845
   76.00       19.09      0.6038
   76.00       19.82      0.6215
   76.00       20.56      0.6376
   76.00       21.29      0.6521
   76.00       22.03      0.6649
   76.00       22.76      0.6761
   76.00       23.49      0.6857
   76.00       24.23      0.6937
   76.00       24.96      0.7001
   76.00       25.70      0.7048
   76.00       26.43      0.7079
   76.00       27.16      0.7094
   76.00       27.90      0.7090
   78.00       13.57      0.4496
   78.00       14.28      0.4766
   78.00       14.99      0.5028
   78.00       15.71      0.5280
   78.00       16.42      0.5520
   78.00       17.14      0.5748
   78.00       17.85      0.5961
   78.00       18.56      0.6158
   78.00       19.28      0.6340
   78.00       19.99      0.6506
   78.00       20.71      0.6655
   78.00       21.42      0.6786
   78.00       22.13      0.6902
   78.00       22.85      0.7001
   78.00       23.56      0.7084
   78.00       24.28      0.7151
   78.00       24.99      0.7202
   78.00       25.71      0.7237
   78.00       26.42      0.7256
   78.00       27.13      0.7258
   80.00       13.18      0.4565
   80.00       13.87      0.4840
   80.00       14.57      0.5107
   80.00       15.26      0.5364
   80.00       15.96      0.5609
   80.00       16.65      0.5841
   80.00       17.34      0.6058
   80.00       18.04      0.6260
   80.00       18.73      0.6446
   80.00       19.42      0.6615
   80.00       20.12      0.6768
   80.00       20.81      0.6903
   80.00       21.51      0.7022
   80.00       22.20      0.7124
   80.00       22.89      0.7210
   80.00       23.59      0.7280
   80.00       24.28      0.7334
   80.00       24.97      0.7373
   80.00       25.67      0.7396
   80.00       26.36      0.7403
   82.00       12.79      0.4620
   82.00       13.47      0.4899
   82.00       14.14      0.5170
   82.00       14.81      0.5431
   82.00       15.49      0.5680
   82.00       16.16      0.5916
   82.00       16.83      0.6137
   82.00       17.51      0.6342
   82.00       18.18      0.6532
   82.00       18.85      0.6704
   82.00       19.53      0.6860
   82.00       20.20      0.6998
   82.00       20.87      0.7119
   82.00       21.55      0.7224
   82.00       22.22      0.7313
   82.00       22.89      0.7385
   82.00       23.57      0.7442
   82.00       24.24      0.7484
   82.00       24.91      0.7511
   82.00       25.59      0.7523
   84.00       12.40      0.4660
   84.00       13.06      0.4943
   84.00       13.71      0.5216
   84.00       14.36      0.5480
   84.00       15.01      0.5732
   84.00       15.67      0.5971
   84.00       16.32      0.6195
   84.00       16.97      0.6404
   84.00       17.63      0.6596
   84.00       18.28      0.6771
   84.00       18.93      0.6929
   84.00       19.58      0.7070
   84.00       20.24      0.7193
   84.00       20.89      0.7300
   84.00       21.54      0.7391
   84.00       22.20      0.7466
   84.00       22.85      0.7525
   84.00       23.50      0.7570
   84.00       24.15      0.7600
   84.00       24.81      0.7616
   86.00       12.01      0.4686
   86.00       12.64      0.4970
   86.00       13.28      0.5229
   86.00       13.91      0.5512
   86.00       14.54      0.5766
   86.00       15.17      0.6007
   86.00       15.81      0.6234
   86.00       16.44      0.6444
   86.00       17.07      0.6638
   86.00       17.70      0.6815
   86.00       18.33      0.6975
   86.00       18.97      0.7118
   86.00       19.60      0.7243
   86.00       20.23      0.7352
   86.00       20.86      0.7445
   86.00       21.50      0.7521
   86.00       22.13      0.7583
   86.00       22.76      0.7629
   86.00       23.39      0.7661
   86.00       24.02      0.7681
   88.00       11.62      0.4697
   88.00       12.23      0.4982
   88.00       12.84      0.5259
   88.00       13.46      0.5526
   88.00       14.07      0.5781
   88.00       14.68      0.6023
   88.00       15.29      0.6251
   88.00       15.90      0.6463
   88.00       16.51      0.6658
   88.00       17.12      0.6843
   88.00       17.74      0.6997
   88.00       18.35      0.7141
   88.00       18.96      0.7268
   88.00       19.57      0.7378
   88.00       20.18      0.7472
   88.00       20.79      0.7550
   88.00       21.41      0.7613
   88.00       22.02      0.7661
   88.00       22.63      0.7695
   88.00       23.24      0.7718
   90.00       11.23      0.4692
   90.00       11.82      0.4977
   90.00       12.41      0.5239
   90.00       13.00      0.5521
   90.00       13.59      0.5777
   90.00       14.18      0.6019
   90.00       14.77      0.6247
   90.00       15.36      0.6459
   90.00       15.96      0.6655
   90.00       16.55      0.6834
   90.00       17.14      0.6996
   90.00       17.73      0.7141
   90.00       18.32      0.7268
   90.00       18.91      0.7379
   90.00       19.50      0.7474
   90.00       20.09      0.7553
   90.00       20.68      0.7617
   90.00       21.27      0.7666
   90.00       21.86      0.7701
   90.00       22.46      0.7725
   92.00       10.84      0.4322
   92.00       11.41      0.4595
   92.00       11.98      0.4863
   92.00       12.55      0.5125
   92.00       13.12      0.5379
   92.00       13.69      0.5624
   92.00       14.26      0.5858
   92.00       14.83      0.6081
   92.00       15.40      0.6289
   92.00       15.97      0.6484
   92.00       16.54      0.6665
   92.00       17.11      0.6832
   92.00       17.68      0.6983
   92.00       18.25      0.7119
   92.00       18.82      0.7240
   92.00       19.39      0.7347
   92.00       19.96      0.7440
   92.00       20.53      0.7518
   92.00       21.10      0.7584
   92.00       21.67      0.7636
   94.00       10.44      0.3959
   94.00       10.99      0.4216
   94.00       11.54      0.4471
   94.00       12.09      0.4722
   94.00       12.64      0.4969
   94.00       13.19      0.5209
   94.00       13.74      0.5442
   94.00       14.29      0.5667
   94.00       14.84      0.5882
   94.00       15.39      0.6086
   94.00       15.94      0.6279
   94.00       16.49      0.6460
   94.00       17.04      0.6629
   94.00       17.59      0.6784
   94.00       18.14      0.6927
   94.00       18.69      0.7057
   94.00       19.24      0.7173
   94.00       19.79      0.7277
   94.00       20.34      0.7368
   94.00       20.89      0.7448
   96.00       10.05      0.3609
   96.00       10.58      0.3847
   96.00       11.11      0.4085
   96.00       11.64      0.4323
   96.00       12.17      0.4557
   96.00       12.70      0.4788
   96.00       13.23      0.5015
   96.00       13.75      0.5235
   96.00       14.28      0.5449
   96.00       14.81      0.5656
   96.00       15.34      0.5854
   96.00       15.87      0.6043
   96.00       16.40      0.6222
   96.00       16.93      0.6390
   96.00       17.46      0.6548
   96.00       17.99      0.6705
   96.00       18.52      0.6830
   96.00       19.05      0.6955
   96.00       19.57      0.7068
   96.00       20.10      0.7169
   98.00       9.662      0.3275
   98.00       10.17      0.3494
   98.00       10.68      0.3714
   98.00       11.19      0.3934
   98.00       11.70      0.4153
   98.00       12.20      0.4371
   98.00       12.71      0.4587
   98.00       13.22      0.4798
   98.00       13.73      0.5006
   98.00       14.24      0.5209
   98.00       14.75      0.5406
   98.00       15.26      0.5596
   98.00       15.76      0.5779
   98.00       16.27      0.5954
   98.00       16.78      0.6120
   98.00       17.29      0.6278
   98.00       17.80      0.6426
   98.00       18.31      0.6566
   98.00       18.82      0.6695
   98.00       19.32      0.6815
   100.0       9.274      0.2959
   100.0       9.762      0.3159
   100.0       10.25      0.3360
   100.0       10.74      0.3562
   100.0       11.23      0.3764
   100.0       11.71      0.3966
   100.0       12.20      0.4168
   100.0       12.69      0.4367
   100.0       13.18      0.4564
   100.0       13.67      0.4759
   100.0       14.16      0.4949
   100.0       14.64      0.5135
   100.0       15.13      0.5316
   100.0       15.62      0.5491
   100.0       16.11      0.5660
   100.0       16.60      0.5823
   100.0       17.08      0.5979
   100.0       17.57      0.6127
   100.0       18.06      0.6267
   100.0       18.55      0.6399
   102.0       8.889      0.2663
   102.0       9.356      0.2844
   102.0       9.824      0.3026
   102.0       10.29      0.3210
   102.0       10.76      0.3394
   102.0       11.23      0.3580
   102.0       11.70      0.3765
   102.0       12.16      0.3950
   102.0       12.63      0.4134
   102.0       13.10      0.4316
   102.0       13.57      0.4496
   102.0       14.03      0.4674
   102.0       14.50      0.4849
   102.0       14.97      0.5019
   102.0       15.44      0.5186
   102.0       15.91      0.5348
   102.0       16.37      0.5504
   102.0       16.84      0.5655
   102.0       17.31      0.5800
   102.0       17.78      0.5939
   104.0       8.506      0.2388
   104.0       8.954      0.2550
   104.0       9.401      0.2714
   104.0       9.849      0.2880
   104.0       10.30      0.3047
   104.0       10.74      0.3215
   104.0       11.19      0.3383
   104.0       11.64      0.3552
   104.0       12.09      0.3721
   104.0       12.54      0.3890
   104.0       12.98      0.4058
   104.0       13.43      0.4224
   104.0       13.88      0.4388
   104.0       14.33      0.4550
   104.0       14.77      0.4710
   104.0       15.22      0.4867
   104.0       15.67      0.5020
   104.0       16.12      0.5169
   104.0       16.56      0.5314
   104.0       17.01      0.5454
   106.0       8.127      0.2134
   106.0       8.554      0.2278
   106.0       8.982      0.2424
   106.0       9.410      0.2573
   106.0       9.838      0.2722
   106.0       10.27      0.2873
   106.0       10.69      0.3026
   106.0       11.12      0.3179
   106.0       11.55      0.3332
   106.0       11.98      0.3486
   106.0       12.40      0.3639
   106.0       12.83      0.3792
   106.0       13.26      0.3944
   106.0       13.69      0.4095
   106.0       14.11      0.4245
   106.0       14.54      0.4393
   106.0       14.97      0.4539
   106.0       15.40      0.4682
   106.0       15.83      0.4822
   106.0       16.25      0.4959
   108.0       7.751      0.1899
   108.0       8.159      0.2027
   108.0       8.567      0.2157
   108.0       8.975      0.2289
   108.0       9.383      0.2423
   108.0       9.791      0.2557
   108.0       10.20      0.2693
   108.0       10.61      0.2830
   108.0       11.01      0.2968
   108.0       11.42      0.3107
   108.0       11.83      0.3245
   108.0       12.24      0.3384
   108.0       12.65      0.3523
   108.0       13.05      0.3662
   108.0       13.46      0.3799
   108.0       13.87      0.3936
   108.0       14.28      0.4072
   108.0       14.69      0.4207
   108.0       15.09      0.4339
   108.0       15.50      0.4470
   110.0       7.380      0.1684
   110.0       7.768      0.1797
   110.0       8.157      0.1912
   110.0       8.545      0.2029
   110.0       8.934      0.2147
   110.0       9.322      0.2266
   110.0       9.710      0.2387
   110.0       10.10      0.2509
   110.0       10.49      0.2631
   110.0       10.88      0.2755
   110.0       11.26      0.2879
   110.0       11.65      0.3004
   110.0       12.04      0.3129
   110.0       12.43      0.3254
   110.0       12.82      0.3379
   110.0       13.21      0.3504
   110.0       13.59      0.3628
   110.0       13.98      0.3752
   110.0       14.37      0.3875
   110.0       14.76      0.3996
