     0.002014
     0.001571
     0.001382
     0.001180
     0.001889
     0.001601
     0.001373
     0.001243
     0.000000
     0.000000
     0.000000
     0.000000
     0.004946
     0.004363
     0.004564
     0.004534
     0.004313
     0.004092
     0.004006
     0.003728
     0.003793
     0.003778
     0.003892
     0.003601
     0.003608
     0.003308
     0.003031
     0.003293
     0.005000
     0.005000
     0.005000
     0.005000
     0.005000
     0.005000
     0.005000
     0.005000
