     0.002014
     0.001571
     0.001382
     0.001180
     0.001889
     0.001601
     0.001373
     0.001243
     0.000000
     0.000000
     0.000000
     0.000000
     0.004506
     0.004009
     0.004168
     0.004109
     0.003871
     0.003680
     0.003606
     0.003358
     0.003324
     0.003323
     0.003429
     0.003181
     0.003159
     0.002889
     0.002654
     0.002840
     0.005000
     0.005000
     0.005000
     0.005000
     0.005000
     0.005000
     0.005000
     0.005000
