* 28 August 2009
79.4272 78.4476 79.7126 79.5735  80.7288 77.2517 77.419 77.8599 77.5779  79.2906 _
81.0118  80.0182 79.1712 79.9244 81.0093 78.5938 78.7512 79.1757 78.0323 78.1533 78.05
0.48      0.46    0.52    0.61      0.32    0.48    0.47    0.48   0.49    0.33 _
0.46      0.46    0.46    0.47      0.46    0.28    0.37    0.37   0.38    0.40    0.24
* 31 August 2009 Spin Dance
44: 81.661  79.2694 80.3548 79.8897 
110: 14.3385  14.15 13.4791  14.4729
-70.22: 5.31569  6.12125  5.11052 4.97732
44: 0.55     0.55   0.52     0.52    
110: 0.50     0.51   0.50    0.50
-70.22: 0.52  0.52 0.66 0.44
14.2(T5): 88.9682  89.6433 89.7246  90.1665
14.2(T4): 87.5775  88.5409 87.8416  87.4986
14.2(T3): 89.3727  88.7673 87.8513  87.3965  88.244  88.4419
14.2(T2): 89.255  89.3343  89.0982  88.5299
14.2(T5): 0.51  0.52  0.52  0.53
14.2(T4): 0.49  0.52  0.51  0.51 
14.2(T3): 0.46  0.42  0.48  0.48  0.48     0.48
14.2(T2): 0.38  0.38  0.38  0.39
* 05 September 2009
90.4791  90.6374  90.2557  90.9608 _
89.9112  88.9894  89.5272  89.593 _
89.1887  89.5708  89.7004  89.2574 _
89.6185  89.4945  89.8874  89.3151  89.4708
0.52  0.52  0.53  0.53 _
0.50  0.53  0.49  0.50 _
0.46  0.45  0.45  0.45 _
0.36  0.36  0.36  0.38  0.23
* 11 September 2009
89.9154  91.4298  89.3388  89.0913  89.7276 _
88.7205  90.2578  89.4846 _
90.3718  90.0971  90.3139  90.7709 _
89.6989  89.9844  89.8848   90.1019
0.59  0.51  0.52  0.47  0.47 _
0.51  0.50  0.50  0.50 _
0.42  0.42  0.42  0.43 _
0.37  0.38  0.38  0.38
* 17 September 2009
88.2298  88.7903  89.0867  88.85
89.21  90.0824  89.4465  89.6472
89.3758  89.3165  90.6175  88.7243 _
87.5107  88.4622  88.504  88.1952 _
88.2276  88.426 88.4551  87.5492 _
88.4877  88.8086  88.6349  89.1262 
0.50  0.49  0.53  0.55
0.53  0.52  0.48  0.49
0.49  0.49  0.49 0.49 _
0.46  0.47  0.46  0.46 _
0.46  0.46  0.46  0.46 _
0.46  0.46  0.47  0.46
* 23 September 2009
90.5065  90.6561  90.4032  90.4651 _
88.2401  88.2638  89.2184  88.2407 _
88.6503  88.2081  88.2154  88.9891 _
89.9444  89.5893  89.6269  88.7883  89.8272
0.45  0.45  0.45  0.45 _
0.48  0.48  0.48  0.48 _
0.48  0.50  0.44  0.49 _
0.38  0.37  0.37  0.37  0.23
* 4 October 2009
90.1931  90.1961  90.005  90.2131 _
88.1761  89.0027  88.8047  88.3395 _
90.1817  89.6263  89.2845 90.7352 _
90.2301  89.749  89.0061  89.8258  89.5294 _
89.5925  89.6903 
89.202  89.7389  89.5844  89.7898
0.42  0.43  0.44  0.39 _
0.40  0.40  0.40  0.39 _
0.48  0.47  0.47  0.47 _
0.39  0.35  0.36  0.36  0.36 _
0.48  0.48  
0.58  0.59  0.57  0.56
* HV adjustment
89.7738  90.2544  90.3636  91.8668  92.481  91.4578 _
88.9896  88.8084  90.1811  95.3719  96.1873  84.6815 _
90.5505  87.0478  88.9287
0.46  0.48  0.99  0.99  1.42  2.05  2.77  0.97 _
1.26  1.35  2.05  4.42  0.85  1.12  0.92
* 11 October 2009
88.824  89.5933  90.0869 88.8413 _
88.4071  86.9458  88.0484  87.5053 _
88.8636  88.7653  88.8297 88.9129 _
89.3033  89.4298  88.7386  88.9122 _
89.8138  89.8864 _
92.6058  91.9088  92.1026  92.1552 Levchuk
0.48  0.46  0.45  0.47 _
0.42  0.42  0.50  0.46 _
0.96  0.41  0.41 0.41 _
0.35  0.38  0.36  0.34 _
0.44  0.44 _
0.49  0.49  0.56  1.08 Levchuk
* 13 October 2009
 86.9683 89.3231 90.3939 87.6378 89.3377  87.2841 
 -87.4999  -88.3642  -88.1186 -87.6203 _
 -88.7354  -89.5761  -88.6864 -85.6298 _
 -90.2701  -88.7437  -89.3355 -89.1788 _
 -88.8812  -88.3632  -89.234  -89.9294 
 -90.7105  -92.3191  -90.7202 -92.8109 Levchuk
 0.71 0.66 0.58 0.61  0.56  0.61
 0.59  0.55  0.53  0.53 _
 0.51  0.50  0.46  0.61 _
 0.36  0.39  0.40  0.39 _
 0.48  0.48  0.47  0.48 
 0.62  0.61  0.62  0.61
* 22-23 October 2009
-88.852   -89.531  -90.1325  -90.0804 _
-89.4857  -89.932  -89.9405  -89.7981 _
-88.7601  -90.3999  -90.1234  -90.15 _
-89.0431  -88.14  -88.5208  -88.2591 _
-88.7534  -90.5042  -89.0598  -89.8502
-90.7283  -89.2777  -90.3656  -88.4894
-93.2563  -91.7699  -92.6651  -92.7121  -91.7887  -93.5371 Levchuk
-90.4495  -89.3686  -90.6741 
-90.8541  -88.8083  -90.2228  -89.2019
0.52  0.47  0.43  0.44 _
0.51  0.48  0.45  0.44 _
0.46  0.47  0.49  0.46 _
0.48  0.48  0.49  0.49 _
0.40  0.39  0.39  0.39
0.47  0.50  0.50  0.45
0.72  0.64  0.69  0.69  0.77  0.71
0.63  0.63  0.63  
0.71  0.77  0.80  0.77

*************
*  250   300
1 1459  1494
2 1553  1593
3 1818  1821
4 1696  1700
5 1529  1560
6 1457  1459
7 1509  1545
8 1529  1584
***************








