* April 3, 2010
 14235. 16.288 -0.0010000  -1.6288 515.0670
 14236. 16.288 -0.0187914 -30.6074  14.2197
 14237. 16.288 -0.0466369 -75.9622   3.9561
 14238. 16.288 -0.0530273 -86.3709   1.1781
 14239. 16.288 -0.0531332 -86.5434   0.8516
 14240. 16.288 -0.0525008 -85.5133   0.8603
 14241. 16.288 -0.0533939 -86.9680   0.8530
 14242. 16.288 -0.0534225 -87.0146   0.8733
 14243. 16.288 -0.0529576 -86.2573   0.6535
 14244. 16.288 -0.0523645 -85.2913   0.6446
 14245. 16.288 -0.0518507 -84.4544   0.6375
 14246. 16.288 -0.0536047 -87.3113   1.7179
 14247. 16.288 -0.0497723 -81.0691   0.6858
 14248. 16.288 -0.0525399 -85.5770   0.6310
 14249. 16.288 -0.0516686 -84.1578   0.6308
 14250. 16.288 -0.0527894 -85.9834   0.4830
 14251. 16.288 -0.0529432 -86.2339   0.4901
 14252. 16.288 -0.0530430 -86.3964   0.4917
 14253. 16.288 -0.0527400 -85.9029   0.4901
 14254. 16.288 -0.0525612 -85.6117   0.4905
 14255. 16.288 -0.0529135 -86.1855   0.4905
 14256. 16.288 -0.0530039 -86.3328   0.5254
 14257. 16.288 -0.0531682 -86.6004   0.5981
 14258. 16.288 -0.0538434 -87.7001   0.5923
 14259. 16.288 -0.0527037 -85.8438   0.5954
 14260. 16.288 -0.0534063 -86.9882   0.7118
 14261. 16.288 -0.0533492 -86.8952   0.6810
 14262. 16.288 -0.0535715 -87.2573   0.4913
 14263. 16.288 -0.0531606 -86.5880   0.4901
 14264. 16.288 -0.0522602 -85.1214   0.4893
 14265. 16.288 -0.0533452 -86.8887   0.4941
 14266. 16.288 -0.0531562 -86.5808   0.4967
 14267. 16.288 -0.0531144 -86.5127   0.5014
 14268. 16.288 -0.0527186 -85.8681   0.4953
 14269. 16.288 -0.0529765 -86.2881   0.5039
 14270. 16.288 -0.0532991 -86.8136   0.3784
 14271. 16.288 -0.0527260 -85.8801   0.3757
 14272. 16.288 -0.0528806 -86.1319   0.3731
 14273. 16.288 -0.0529451 -86.2370   0.3691
 14274. 16.288 -0.0529611 -86.2630   0.3544
 14275. 16.288 -0.0527695 -85.9510   0.3612
 14276. 16.288 -0.0527179 -85.8669   0.3620
 14277. 16.288 -0.0526902 -85.8218   0.3601
 14278. 16.288 -0.0486680 -79.2704   0.3567
 14279. 16.288 -0.0485723 -79.1146   0.3573
 14280. 16.288 -0.0485723 -79.1146   0.3554
 14281. 16.288 -0.0485723 -79.1146   0.3778
* April 5 Spin Dance
 14282. 16.288 -0.0544679 -88.7173   0.4033
 14283. 16.288 -0.0544031 -88.6118   0.4161
 14284. 16.288 -0.0546608 -89.0315   0.4027
 14285. 16.288 -0.0545210 -88.8038   0.4022
 14287. 16.288 -0.0453231 -73.8223   0.3920
 14288. 16.288 -0.0456580 -74.3678   0.3905
 14289. 16.288 -0.0455074 -74.1225   0.3903
 14290. 16.288 -0.0456593 -74.3699   0.3906
 14304. 16.288 -0.0543478 -88.5217   0.4026
 14240. 16.288 -0.0525008 -85.5133   0.8603
 14241. 16.288 -0.0533939 -86.9680   0.8530
 14250. 16.288 -0.0527894 -85.9834   0.4830
 14251. 16.288 -0.0529432 -86.2339   0.4901
 14256. 16.288 -0.0530039 -86.3328   0.5254
 14257. 16.288 -0.0531682 -86.6004   0.5981
 14262. 16.288 -0.0535715 -87.2573   0.4913
 14263. 16.288 -0.0531606 -86.5880   0.4901
 14304. 16.288 -0.0543478 -88.5217   0.4026
 14305. 16.288 -0.0542765 -88.4056   0.4028
 14235. 16.288 -0.0010000  -1.6288 515.0670
 14236. 16.288 -0.0187914 -30.6074  14.2197
 14237. 16.288 -0.0466369 -75.9622   3.9561
 14238. 16.288 -0.0530273 -86.3709   1.1781
 14239. 16.288 -0.0531332 -86.5434   0.8516
 14240. 16.288 -0.0525008 -85.5133   0.8603
 14241. 16.288 -0.0533939 -86.9680   0.8530
 14242. 16.288 -0.0534225 -87.0146   0.8733
 14243. 16.288 -0.0529576 -86.2573   0.6535
 14244. 16.288 -0.0523645 -85.2913   0.6446
 14245. 16.288 -0.0518507 -84.4544   0.6375
 14246. 16.288 -0.0536047 -87.3113   1.7179
 14247. 16.288 -0.0497723 -81.0691   0.6858
 14248. 16.288 -0.0525399 -85.5770   0.6310
 14249. 16.288 -0.0516686 -84.1578   0.6308
 14250. 16.288 -0.0527894 -85.9834   0.4830
 14251. 16.288 -0.0529432 -86.2339   0.4901
 14252. 16.288 -0.0530430 -86.3964   0.4917
 14253. 16.288 -0.0527400 -85.9029   0.4901
 14254. 16.288 -0.0525612 -85.6117   0.4905
 14255. 16.288 -0.0529135 -86.1855   0.4905
 14256. 16.288 -0.0530039 -86.3328   0.5254
 14257. 16.288 -0.0531682 -86.6004   0.5981
 14258. 16.288 -0.0538434 -87.7001   0.5923
 14259. 16.288 -0.0527037 -85.8438   0.5954
 14260. 16.288 -0.0534063 -86.9882   0.7118
 14261. 16.288 -0.0533492 -86.8952   0.6810
 14262. 16.288 -0.0535715 -87.2573   0.4913
 14263. 16.288 -0.0531606 -86.5880   0.4901
 14264. 16.288 -0.0522602 -85.1214   0.4893
 14265. 16.288 -0.0533452 -86.8887   0.4941
 14266. 16.288 -0.0531562 -86.5808   0.4967
 14267. 16.288 -0.0531144 -86.5127   0.5014
 14268. 16.288 -0.0527186 -85.8681   0.4953
 14269. 16.288 -0.0529765 -86.2881   0.5039
 14270. 16.288 -0.0532991 -86.8136   0.3784
 14271. 16.288 -0.0527260 -85.8801   0.3757
 14272. 16.288 -0.0528806 -86.1319   0.3731
 14273. 16.288 -0.0529451 -86.2370   0.3691
 14274. 16.288 -0.0529611 -86.2630   0.3544
 14275. 16.288 -0.0527695 -85.9510   0.3612
 14276. 16.288 -0.0527179 -85.8669   0.3620
 14277. 16.288 -0.0526902 -85.8218   0.3601
 14278. 16.288 -0.0486680 -79.2704   0.3567
 14279. 16.288 -0.0485723 -79.1146   0.3573
 14280. 16.288 -0.0487182 -79.3522   0.3554
 14281. 16.288 -0.0488738 -79.6056   0.3778
 14282. 16.288 -0.0544679 -88.7173   0.4033
 14283. 16.288 -0.0544031 -88.6118   0.4161
 14284. 16.288 -0.0546608 -89.0315   0.4027
 14285. 16.288 -0.0545210 -88.8038   0.4022
 14286. 16.288 -0.0007447  -1.2129   2.1242
 14287. 16.288 -0.0453231 -73.8223   0.3920
 14288. 16.288 -0.0456580 -74.3678   0.3905
 14289. 16.288 -0.0455074 -74.1225   0.3903
 14290. 16.288 -0.0456593 -74.3699   0.3906
 14291. 16.288 -0.0501950 -81.7576   0.3998
 14292. 16.288 -0.0510193 -83.1002   1.6012
 14293. 16.288 -0.0498365 -81.1737   0.4586
 14294. 16.288 -0.0507902 -82.7271   0.3979
 14295. 16.288 -0.0504165 -82.1184   0.4782
 14296. 16.288 -0.0519382 -84.5969   1.2872
 14297. 16.288 -0.0504594 -82.1883   0.4013
 14298. 16.288 -0.0499837 -81.4135   0.4244
 14299. 16.288  0.0000375   0.0611   0.4046
 14300. 16.288  0.0009563   1.5577   0.4024
 14301. 16.288  0.0009484   1.5448   0.4024
 14302. 16.288  0.0008594   1.3998   0.4027
 14303. 16.288  0.0014052   2.2887   0.8064
 14304. 16.288 -0.0543478 -88.5217   0.4026
 14305. 16.288 -0.0542765 -88.4056   0.4028
 14306. 16.288 -0.0546813 -89.0649   0.4038
 14307. 16.288 -0.0545014 -88.7719   0.4082
*******************
* April 17
* Target 1
*89.13   89.79   88.25   88.73   87.91   88.52
*89.3125 89.8115 88.3642 89.0812 88.0239 88.8105
*0.73  0.73  0.64  0.64  0.74  0.74
* Target 2
*89.97   88.40  89.42   89.08   89.80   89.47
*90.088 88.5261 89.5107 89.0452 90.1598 89.4271
*0.68  0.68  0.67  0.67  0.67  0.67
* Target 3
*90.76   89.20    91.16   89.25
*90.6479 89.1444  90.9454 89.2592
*0.52  0.53  0.58  0.58
* Target 4 
*90.90   89.71  89.68   90.55
*90.8211 89.87  89.7164 90.5569
*0.61 0.62 0.62 0.61
 14316. 16.288  0.0548333  89.3125   0.7273
 14315. 16.288  0.0000000   0.0000   0.0000
 14316. 16.288  0.0548333  89.3125   0.7273
 14317. 16.288  0.0551397  89.8115   0.7302
 14318. 16.288  0.0542511  88.3642   0.6359
 14319. 16.288  0.0546913  89.0812   0.6374
 14320. 16.288  0.0540422  88.0239   0.7416
 14321. 16.288  0.0545251  88.8105   0.7422
 14322. 16.288  0.0553094  90.0880   0.6752
 14323. 16.288  0.0543505  88.5261   0.6756
 14324. 16.288  0.0546121  88.9522   0.6804
 14325. 16.288  0.0545689  88.8818   1.1941
 14326. 16.288  0.0586182  95.4773   4.1735
 14327. 16.288  0.0549550  89.5107   0.6700
 14328. 16.288  0.0546692  89.0452   0.6691
 14329. 16.288  0.0553535  90.1598   0.6683
 14330. 16.288  0.0549037  89.4271   0.6667
 14316. 16.288  0.0548333  89.3125   0.7273
 14316. 16.288  0.0548333  89.3125   0.7273
 14331. 16.288  0.0556532  90.6479   0.5215
 14332. 16.288  0.0547301  89.1444   0.5306
 14333. 16.288  0.0558358  90.9454   0.5790
 14334. 16.288  0.0548006  89.2592   0.5739
 14335. 16.288  0.0557595  90.8211   0.6130
 14336. 16.288  0.0551756  89.8700   0.6201
 14337. 16.288  0.0550813  89.7164   0.6209
 14338. 16.288  0.0555973  90.5569   0.6150
 14316. 16.288  0.0548333  89.3125   0.7273
 14317. 16.288  0.0551397  89.8115   0.7302
 14318. 16.288  0.0542511  88.3642   0.6359
 14319. 16.288  0.0546913  89.0812   0.6374
 14320. 16.288  0.0540422  88.0239   0.7416
 14321. 16.288  0.0545251  88.8105   0.7422
 14322. 16.288  0.0553094  90.0880   0.6752
 14323. 16.288  0.0543505  88.5261   0.6756
 14324. 16.288  0.0546121  88.9522   0.6804
 14325. 16.288  0.0545689  88.8818   1.1941
 14326. 16.288  0.0586182  95.4773   4.1735
 14327. 16.288  0.0549550  89.5107   0.6700
 14328. 16.288  0.0546692  89.0452   0.6691
 14329. 16.288  0.0553535  90.1598   0.6683
 14330. 16.288  0.0549037  89.4271   0.6667
 14331. 16.288  0.0556532  90.6479   0.5215
 14332. 16.288  0.0547301  89.1444   0.5306
 14333. 16.288  0.0558358  90.9454   0.5790
 14334. 16.288  0.0548006  89.2592   0.5739
 14335. 16.288  0.0557595  90.8211   0.6130
 14336. 16.288  0.0551756  89.8700   0.6201
 14337. 16.288  0.0550813  89.7164   0.6209
 14338. 16.288  0.0555973  90.5569   0.6150
 14339. 16.288  0.0140617  22.9037   0.0000
 14340. 16.288  0.0203212  33.0992   0.0000
 14341. 16.288  0.0224286  36.5317   0.0000
 14342. 16.288  0.0375227  61.1170   3.1542
 14343. 16.288  0.0492029  80.1417   0.0000
 14344. 16.288  0.0402481  65.5561   2.8229
 14345. 16.288  0.0418913  68.2325   1.5385
 14346. 16.288  0.0464776  75.7027   2.1770
 14347. 16.288  0.0492029  80.1417   2.6912
***************
*** April 22,2010
 14357. 16.288  0.0000000  0.0000000   0.0000  10.4412
 14358. 16.288  0.0000000  0.0000000   0.0000  10.0449
 14359. 16.288  0.0000000  0.0000000   0.0000   0.0000
 14360. 16.288  0.0000000  0.0000000   0.0000   0.0000
 14361. 16.288  0.0070359  0.0022947 -11.4600   8.8458
 14362. 16.288  0.0063283  0.0073061 -10.3076  10.2272
 14363. 16.288  0.0074550  0.0000808 -12.1428  12.1521
 14364. 16.288  0.0085340  0.0077757 -13.9002  11.5558
 14365. 16.288 -0.0001222 -0.0003756   0.1990   2.3400
 14366. 16.288 -0.0055645 -0.0038293   9.0635   0.0000
 14367. 16.288 -0.0044215 -0.0031475   7.2017   0.0000
 14368. 16.288  0.0018960  0.0037937  -3.0882  26.7169
 14369. 16.288  0.0002976  0.0005317  -0.4847   2.4538
 14370. 16.288  0.0008933  0.0002533  -1.4551   2.0741
 14371. 16.288 -0.0006242 -0.0001321   1.0168   1.2445
 14372. 16.288  0.0000000  0.0000000   0.0000   0.0000
 14373. 16.288  0.0396462  0.0177496  64.5757   1.1515
 14374. 16.288  0.0539219  0.0480000  87.8280   1.3038
 14375. 16.288  0.0543484  0.0529339  88.5227   1.3106
 14376. 16.288  0.0551351  0.0547357  89.8041   1.3191
 14377. 16.288  0.0542744  0.0541934  88.4021   1.3390
 14378. 16.288  0.0548092  0.0551877  89.2732   1.4433
 14379. 16.288  0.0547568  0.0547147  89.1879   1.8041
 14380. 16.288  0.0583343  0.0584226  95.0149   3.2039
 14381. 16.288  0.0550008  0.0546027  89.5853   0.7079
 14382. 16.288  0.0559173  0.0555293  91.0781   1.4973
 14383. 16.288  0.0553245  0.0552495  90.1125   0.9872
 14384. 16.288  0.0549221  0.0549685  89.4571   0.6081
 14385. 16.288  0.0566502  0.0565156  92.2718   0.5593
 14386. 16.288  0.0569693  0.0566822  92.7916   0.5487
 14387. 16.288  0.0508844  0.0511354  82.8805   0.8753
 14388. 16.288  0.0504835  0.0509914  82.2275   0.8878
 14389. 16.288  0.0561619  0.0559252  91.4765   0.6580
 14390. 16.288  0.0550071  0.0552786  89.5956   0.6700
 14391. 16.288  0.0552082  0.0555912  89.9231   0.6134
 14392. 16.288  0.0549921  0.0540150  89.5711   0.5853
 14393. 16.288  0.0563028  0.0560564  91.7060   0.5817
 14394. 16.288  0.0548065  0.0542316  89.2688   0.7035
 14395. 16.288  0.0566130  0.0562450  92.2113   0.6135
 14396. 16.288  0.0560913  0.0557852  91.3615   0.6127
 14397. 16.288  0.0565628  0.0562397  92.1295   0.6145
 14398. 16.288  0.0561029  0.0564291  91.3804   0.6137
 14399. 16.288  0.0202984  0.0186547  33.0620   2.0249
 14400. 16.288 -0.0007689  0.0005028  -1.2524   0.0000
 14401. 16.288  0.0004233  0.0001690   0.6894   0.0000
 14402. 16.288  0.0564831  0.0562040  91.9997   0.6425
 14403. 16.288  0.0564532  0.0562998  91.9510   0.6297
 14404. 16.288  0.0558430  0.0552423  90.9571   0.6264
 14405. 16.288  0.0566903  0.0562177  92.3372   0.6255
 14406. 16.288  0.0559658  0.0562788  91.1571   0.6378
 14407. 16.288  0.0557665  0.0558932  90.8325   0.5068
 14408. 16.288  0.0554721  0.0555911  90.3530   0.5769
 14409. 16.288  0.0557150  0.0556660  90.7486   0.5754
 14410. 16.288  0.0557900  0.0554465  90.8708   0.5682
 14411. 16.288  0.0559233  0.0558651  91.0879   0.5673
 14412. 16.288  0.0554517  0.0553427  90.3197   0.5651
 14413. 16.288  0.0575568  0.0561892  93.7485   1.7967
 14414. 16.288  0.0000000  0.0000000   0.0000   0.0000
 14415. 16.288  0.0000000  0.0000000   0.0000   0.0000
 14416. 16.288  0.0000000  0.0000000   0.0000   0.0000
 14417. 16.288  0.0000000  0.0000000   0.0000   0.0000
* April 28
*89.8814 89.7112  89.9844 89.4975
*89.76 89.74 89.77 89.43
*0.60 0.60 0.61 0.61
*88.26 89.23 88.99 90.12 88.50 87.67
*0.75 0.74 0.75 0.75 0.75 0.75
*88.97  89.22
*0.63 0.63
*88.42  88.55 90.44 89.45
*0.61  0.61 0.61 0.61
*90.26 90.73 89.72 90.66
*0.51 0.51 0.50 0.48
*91.66 90.61 91.25 91.11
*0.54 0.54 0.54 0.53
*91.06 90.25
*0.48 0.45
 14418. 16.288 -0.0551826 -0.0549596 -89.8814   0.6002
 14419. 16.288 -0.0550781 -0.0548363 -89.7112   0.6045
 14420. 16.288 -0.0552458 -0.0548805 -89.9844   0.6059
 14421. 16.288 -0.0549469 -0.0550898 -89.4975   0.6081
 14422. 16.288 -0.0547720 -0.0546895 -89.2126   0.6108
 14423. 16.288  0.0000000  0.0000000   0.0000   1.2025
 14424. 16.288  0.0000000  0.0000000   0.0000   0.7513
 14425. 16.288  0.0000000  0.0000000   0.0000   0.7442
 14426. 16.288  0.0000000  0.0000000   0.0000   0.7464
 14427. 16.288  0.0000000  0.0000000   0.0000   0.7498
 14428. 16.288  0.0000000  0.0000000   0.0000   0.7508
 14429. 16.288  0.0000000  0.0000000   0.0000   0.7457
 14430. 16.288  0.0015326  0.0014971   2.4962   0.7522
 14431. 16.288 -0.0548174 -0.0546745 -89.2866   0.6254
 14432. 16.288 -0.0547605 -0.0546613 -89.1939   0.6281
 14433. 16.288  0.0203333  0.0106667  33.1189   0.0000
 14434. 16.288 -0.0542986 -0.0544914 -88.4416   0.6075
 14435. 16.288 -0.0544174 -0.0542615 -88.6351   0.6083
 14436. 16.288 -0.0556677 -0.0555747 -90.6715   0.6074
 14437. 16.288 -0.0549365 -0.0550772 -89.4806   0.6074
 14438. 16.288 -0.0548573 -0.0547875 -89.3516   0.6106
 14439. 16.288 -0.0551091 -0.0550794 -89.7617   0.5101
 14440. 16.288 -0.0555040 -0.0550899 -90.4049   0.5117
 14441. 16.288 -0.0550375 -0.0549170 -89.6451   0.5021
 14442. 16.288 -0.0556266 -0.0555431 -90.6046   0.4771
 14443. 16.288 -0.0562803 -0.0559059 -91.6694   0.5399
 14444. 16.288 -0.0556745 -0.0554424 -90.6826   0.5402
 14445. 16.288 -0.0559154 -0.0559426 -91.0750   0.5411
 14446. 16.288 -0.0559825 -0.0558422 -91.1843   0.5345
 14447. 16.288 -0.0559164 -0.0557178 -91.0766   0.4770
 14448. 16.288 -0.0553797 -0.0551364 -90.2025   0.4509
 14449. 16.288  0.0554558  0.0551775 -90.3264   0.4541
 14450. 16.288  0.0551780  0.0547938 -89.8739   0.4588
 14451. 16.288  0.0553814  0.0549817 -90.2052   0.4273
 14452. 16.288  0.0556929  0.0554832 -90.7126   0.4253
 14453. 16.288  0.0559192  0.0554643 -91.0812   0.4802
 14454. 16.288  0.0559914  0.0555441 -91.1988   0.6410
 14455. 16.288  0.0564370  0.0557366 -91.9246   1.0128
 14456. 16.288  0.0572576  0.0568645 -93.2612   1.3631
 14457. 16.288  0.0553754  0.0554554 -90.1955   2.4288
 14458. 16.288  0.0550402  0.0552010 -89.6495   0.8686
 14459. 16.288  0.0558314  0.0553494 -90.9382   0.6982



