# run    Left   Right Coinc. Accid.    BCM  Clock      Raw.Asymm          Polarization     angl An.Pow Pol.Targ   Polarization L/R    Asym BCM    coil
14373  368089  421328  30662  2701.  29376. 102193   0.0396+/- 0.0007   0.6448+/- 0.0115     0.0  0.764  0.0804   0.1934   0.2008  0.00006 0.00041 88.9
14374  259119  257472  21106  1202.  29331. 102234   0.0538+/- 0.0008   0.8762+/- 0.0130     0.0  0.764  0.0804   0.2549   0.2628  0.00005 0.00014 88.9
14375  222975  206381  19942   846.  29273. 102235   0.0541+/- 0.0008   0.8818+/- 0.0131     0.0  0.764  0.0804   0.2921   0.3714 -0.00005 0.00019 88.9
14376  203467  184666  19316   699.  29181. 102229   0.0554+/- 0.0008   0.9020+/- 0.0132     0.0  0.764  0.0804   0.3132   0.4108 -0.00010 0.00014 88.9
14377  187564  172291  18500   592.  29194. 102231   0.0541+/- 0.0008   0.8813+/- 0.0134     0.0  0.764  0.0804   0.3278   0.4213  0.00012 0.00016 88.9
14378  157234  159670  16075   445.  29088. 102228   0.0548+/- 0.0009   0.8931+/- 0.0144     0.0  0.764  0.0804   0.3326   0.4462 -0.00005 0.00013 88.9
14379  100346  143342   9977   250.  29120. 102231   0.0550+/- 0.0011   0.8963+/- 0.0180     0.0  0.764  0.0804   0.3179   0.4651 -0.00006 0.00014 88.9
14380   45874  111037   3180    86.  29086. 102233   0.0589+/- 0.0020   0.9594+/- 0.0320     0.0  0.764  0.0804   0.2325   0.4900  0.00001 0.00013 88.9
14381  171969  164065  17328   511.  29023. 102234   0.0549+/- 0.0004   0.8937+/- 0.0071     0.0  0.764  0.0804   0.3349   0.4379  0.00001 0.00007 88.9
