   8.25188   8.24704   8.23268   8.21347   8.17520   8.18903   8.17385   8.16056
   8.24514   8.24035   8.22573   8.20697   8.16852   8.18264   8.16721   8.15557
   8.23823   8.23349   8.21878   8.20033   8.16236   8.17663   8.16055   8.15092
   8.23157   8.22670   8.21209   8.19428   8.15642   8.17100   8.15425   8.14694
   8.22499   8.21999   8.20549   8.18857   8.15087   8.16573   8.14901   8.14320
   8.21865   8.21354   8.19921   8.18339   8.14565   8.16086   8.14372   8.13980
   8.21240   8.20726   8.19320   8.17828   8.14085   8.15650   8.13868   8.13694
   8.20665   8.20143   8.18755   8.17383   8.13651   8.15240   8.13459   8.13442
   8.20097   8.19570   8.18223   8.16973   8.13253   8.14884   8.13043   8.13220
   8.19571   8.19032   8.17730   8.16605   8.12892   8.14567   8.12666   8.13038
   8.19069   8.18540   8.17261   8.16280   8.12578   8.14300   8.12346   8.12902
   8.18617   8.18081   8.16842   8.16001   8.12310   8.14065   8.12086   8.12782
   8.18198   8.17652   8.16468   8.15795   8.12088   8.13868   8.11859   8.12708
   8.17811   8.17260   8.16128   8.15582   8.11886   8.13714   8.11627   8.12640
   8.17466   8.16927   8.15831   8.15413   8.11734   8.13593   8.11465   8.12630
   8.17170   8.16629   8.15565   8.15289   8.11609   8.13490   8.11383   8.12630
   8.16898   8.16369   8.15346   8.15184   8.11513   8.13417   8.11264   8.12648
   8.16660   8.16144   8.15152   8.15114   8.11448   8.13365   8.11190   8.12683
   8.16462   8.15957   8.15019   8.15072   8.11421   8.13347   8.11178   8.12757
   8.16290   8.15787   8.14891   8.15043   8.11398   8.13357   8.11172   8.12824
   8.16158   8.15668   8.14795   8.15040   8.11397   8.13383   8.11138   8.12906
   8.16051   8.15563   8.14731   8.15046   8.11409   8.13420   8.11145   8.12997
   8.15977   8.15508   8.14699   8.15091   8.11455   8.13487   8.11191   8.13113
   8.15928   8.15471   8.14677   8.15144   8.11512   8.13572   8.11238   8.13229
   8.15911   8.15459   8.14684   8.15224   8.11585   8.13663   8.11279   8.13362
   8.15919   8.15471   8.14708   8.15295   8.11662   8.13772   8.11354   8.13509
   8.15936   8.15496   8.14746   8.15390   8.11753   8.13880   8.11450   8.13637
   8.15961   8.15539   8.14816   8.15495   8.11863   8.13993   8.11530   8.13775
   8.16018   8.15602   8.14899   8.15624   8.11976   8.14115   8.11608   8.13911
   8.16076   8.15668   8.14980   8.15743   8.12081   8.14241   8.11701   8.14073
   8.16158   8.15753   8.15075   8.15876   8.12203   8.14368   8.11854   8.14219
   8.16248   8.15852   8.15193   8.16017   8.12342   8.14508   8.11966   8.14379
   8.16347   8.15959   8.15381   8.16147   8.12465   8.14647   8.12055   8.14503
   8.16454   8.16082   8.15508   8.16297   8.12608   8.14809   8.12227   8.14676
   8.16577   8.16211   8.15635   8.16442   8.12746   8.14947   8.12384   8.14808
   8.16693   8.16337   8.15770   8.16586   8.12868   8.15091   8.12451   8.14923
   8.16832   8.16493   8.15913   8.16728   8.13007   8.15225   8.12568   8.15053
   8.16964   8.16637   8.16050   8.16882   8.13148   8.15356   8.12714   8.15191
   8.17087   8.16767   8.16181   8.17026   8.13253   8.15468   8.12818   8.15270
   8.17219   8.16923   8.16323   8.17167   8.13376   8.15598   8.12906   8.15398
   8.17367   8.17080   8.16474   8.17297   8.13494   8.15708   8.13021   8.15491
   8.17498   8.17227   8.16610   8.17423   8.13605   8.15807   8.13102   8.15566
   8.17630   8.17369   8.16829   8.17544   8.13709   8.15897   8.13161   8.15631
   8.17762   8.17518   8.16958   8.17645   8.13788   8.15976   8.13212   8.15689
   8.17893   8.17665   8.17073   8.17742   8.13844   8.16049   8.13317   8.15748
   8.18008   8.17804   8.17183   8.17820   8.13903   8.16108   8.13356   8.15788
   8.18124   8.17931   8.17284   8.17906   8.13956   8.16149   8.13381   8.15821
   8.18230   8.18059   8.17392   8.18025   8.13992   8.16177   8.13416   8.15835
   8.18337   8.18167   8.17481   8.18072   8.14022   8.16199   8.13452   8.15851
   8.18428   8.18267   8.17540   8.18116   8.14092   8.16213   8.13464   8.15890
   8.18502   8.18358   8.17595   8.18151   8.14101   8.16228   8.13452   8.15899
   8.18576   8.18439   8.17653   8.18176   8.14089   8.16224   8.13414   8.15913
   8.18617   8.18503   8.17699   8.18190   8.14101   8.16228   8.13429   8.15958
   8.18674   8.18543   8.17725   8.18209   8.14104   8.16233   8.13420   8.15978
   8.18724   8.18588   8.17748   8.18214   8.14106   8.16240   8.13392   8.16030
   8.18765   8.18626   8.17751   8.18219   8.14098   8.16240   8.13388   8.16084
   8.18798   8.18642   8.17751   8.18241   8.14102   8.16258   8.13415   8.16160
   8.18839   8.18648   8.17750   8.18253   8.14105   8.16276   8.13406   8.16238
   8.18872   8.18657   8.17736   8.18280   8.14125   8.16331   8.13420   8.16371
   8.18905   8.18652   8.17734   8.18323   8.14151   8.16391   8.13453   8.16488
   8.18921   8.18667   8.17741   8.18390   8.14210   8.16474   8.13497   8.16645
   8.18954   8.18673   8.17754   8.18453   8.14277   8.16573   8.13522   8.16817
   8.18946   8.18687   8.17809   8.18538   8.14378   8.16700   8.13610   8.17031
   8.18987   8.18715   8.17849   8.18659   8.14496   8.16846   8.13782   8.17255
   8.19028   8.18749   8.17910   8.18799   8.14633   8.17025   8.13875   8.17496
   8.19086   8.18799   8.17968   8.18948   8.14783   8.17216   8.14023   8.17747
   8.19168   8.18870   8.18069   8.19127   8.14985   8.17446   8.14224   8.18046
   8.19258   8.19000   8.18177   8.19334   8.15184   8.17690   8.14442   8.18340
   8.19365   8.19099   8.18313   8.19563   8.15407   8.17959   8.14642   8.18654
   8.19489   8.19241   8.18481   8.19818   8.15671   8.18265   8.14907   8.18986
   8.19612   8.19388   8.18661   8.20093   8.15946   8.18590   8.15167   8.19341
   8.19777   8.19556   8.18875   8.20390   8.16248   8.18924   8.15488   8.19706
   8.19966   8.19763   8.19113   8.20716   8.16584   8.19278   8.15762   8.20083
   8.20188   8.19985   8.19388   8.21064   8.16950   8.19655   8.16081   8.20485
   8.20426   8.20230   8.19658   8.21430   8.17321   8.20046   8.16430   8.20888
   8.20681   8.20502   8.19951   8.21831   8.17703   8.20453   8.16783   8.21298
   8.20961   8.20792   8.20271   8.22224   8.18102   8.20868   8.17145   8.21721
   8.21257   8.21101   8.20612   8.22641   8.18528   8.21305   8.17559   8.22175
   8.21586   8.21434   8.20968   8.23074   8.18955   8.21738   8.17962   8.22616
   8.21931   8.21794   8.21347   8.23508   8.19370   8.22194   8.18350   8.23066
   8.22301   8.22179   8.21744   8.23963   8.19802   8.22658   8.18735   8.23521
   8.22671   8.22579   8.22151   8.24422   8.20258   8.23129   8.19181   8.24005
   8.23066   8.22982   8.22574   8.24898   8.20723   8.23609   8.19624   8.24463
   8.23469   8.23402   8.23015   8.25366   8.21208   8.24041   8.20065   8.24951
   8.23897   8.23845   8.23456   8.25853   8.21699   8.24541   8.20555   8.25447
   8.24341   8.24294   8.23918   8.26367   8.22203   8.25056   8.21053   8.25957
   8.24793   8.24747   8.24385   8.26879   8.22644   8.25573   8.21543   8.26462
   8.25254   8.25191   8.24872   8.27396   8.23220   8.26103   8.22017   8.26979
   8.25739   8.25681   8.25368   8.27935   8.23735   8.26636   8.22538   8.27498
   8.26232   8.26181   8.25888   8.28483   8.24275   8.27186   8.23065   8.28039
   8.26742   8.26690   8.26405   8.29025   8.24821   8.27748   8.23579   8.28583
   8.27252   8.27208   8.26924   8.29568   8.25376   8.28298   8.24080   8.29099
   8.27778   8.27731   8.27448   8.30114   8.25934   8.28858   8.24685   8.29642
   8.28305   8.28273   8.27993   8.30754   8.26497   8.29422   8.25207   8.30175
   8.28839   8.28820   8.28532   8.31314   8.27042   8.29980   8.25696   8.30699
   8.29390   8.29380   8.29089   8.31879   8.27608   8.30544   8.26210   8.31223
   8.29941   8.29930   8.29652   8.32447   8.28179   8.31106   8.26787   8.31763
   8.30459   8.30497   8.30220   8.33022   8.28711   8.31655   8.27350   8.32282
   8.31027   8.31063   8.30788   8.33581   8.29279   8.32216   8.27864   8.32808
   8.31578   8.31636   8.31383   8.34144   8.29824   8.32759   8.28366   8.33334
   8.32154   8.32220   8.31947   8.34708   8.30372   8.33309   8.28906   8.33859
   8.32721   8.32808   8.32524   8.35275   8.30915   8.33861   8.29409   8.34363
   8.33297   8.33389   8.33093   8.35837   8.31462   8.34418   8.29932   8.34885
   8.33881   8.33971   8.33655   8.36397   8.32030   8.34956   8.30478   8.35260
   8.34456   8.34550   8.34210   8.36934   8.32578   8.35503   8.30999   8.35758
   8.35032   8.35132   8.34779   8.37503   8.33114   8.36048   8.31496   8.36306
   8.35600   8.35701   8.35341   8.38039   8.33648   8.36583   8.31998   8.36796
   8.36167   8.36277   8.35908   8.38575   8.34183   8.37108   8.32534   8.37272
   8.36718   8.36844   8.36467   8.39108   8.34713   8.37623   8.33027   8.37726
   8.37277   8.37397   8.37035   8.39640   8.35219   8.38092   8.33482   8.38141
   8.37828   8.37950   8.37582   8.40163   8.35725   8.38585   8.33983   8.38529
   8.38387   8.38504   8.38129   8.40675   8.36232   8.39062   8.34512   8.38897
   8.38930   8.39044   8.38668   8.41157   8.36712   8.39508   8.34944   8.39223
   8.39465   8.39590   8.39198   8.41629   8.37172   8.39937   8.35396   8.39502
   8.39991   8.40125   8.39707   8.42081   8.37615   8.40321   8.35811   8.39732
   8.40509   8.40640   8.40201   8.42504   8.38012   8.40669   8.36187   8.39722
   8.41011   8.41145   8.40686   8.42890   8.38381   8.40981   8.36457   8.39835
   8.41496   8.41644   8.41163   8.43254   8.38718   8.41243   8.36735   8.39883
   8.41907   8.42120   8.41604   8.43569   8.38987   8.41453   8.37003   8.39881
   8.42343   8.42579   8.42013   8.43832   8.39185   8.41584   8.37184   8.39806
   8.42754   8.43023   8.42411   8.44037   8.39353   8.41663   8.37277   8.39639
   8.43133   8.43408   8.42725   8.44174   8.39455   8.41664   8.37346   8.39420
   8.43470   8.43770   8.42993   8.44257   8.39495   8.41580   8.37342   8.39134
   8.43766   8.44099   8.43221   8.44284   8.39471   8.41442   8.37234   8.38763
   8.44013   8.44367   8.43392   8.44219   8.39364   8.41230   8.37053   8.38321
   8.44218   8.44590   8.43491   8.44097   8.39206   8.40957   8.36832   8.37875
   8.44366   8.44757   8.43536   8.43903   8.38941   8.40541   8.36534   8.37329
   8.44432   8.44856   8.43502   8.43633   8.38617   8.40120   8.36148   8.36736
   8.44440   8.44881   8.43394   8.43306   8.38206   8.39622   8.35679   8.36090
   8.44383   8.44830   8.43203   8.42891   8.37756   8.39065   8.35183   8.35429
   8.44259   8.44707   8.42956   8.42419   8.37214   8.38454   8.34597   8.34711
   8.44070   8.44534   8.42633   8.41894   8.36617   8.37806   8.33945   8.33975
   8.43807   8.44270   8.42236   8.41311   8.35960   8.37164   8.33263   8.33209
   8.43462   8.43921   8.41771   8.40671   8.35270   8.36429   8.32530   8.32444
   8.43067   8.43507   8.41239   8.39993   8.34539   8.35658   8.31762   8.31664
   8.42606   8.43015   8.40648   8.39268   8.33808   8.34868   8.30948   8.30892
   8.42088   8.42469   8.40008   8.38513   8.33020   8.34054   8.30175   8.30101
   8.41504   8.41854   8.39320   8.37730   8.32204   8.33235   8.29362   8.29339
   8.40888   8.41197   8.38593   8.36947   8.31382   8.32429   8.28508   8.28584
   8.40213   8.40489   8.37830   8.36147   8.30466   8.31609   8.27660   8.27842
   8.39514   8.39735   8.37056   8.35335   8.29646   8.30799   8.26860   8.27133
   8.38774   8.38963   8.36257   8.34560   8.28833   8.30009   8.26024   8.26448
   8.38026   8.38157   8.35445   8.33763   8.28028   8.29208   8.25212   8.25805
   8.37261   8.37334   8.34630   8.32972   8.27257   8.28469   8.24438   8.25188
   8.36479   8.36497   8.33817   8.32208   8.26505   8.27761   8.23715   8.24628
   8.35682   8.35659   8.33013   8.31464   8.25768   8.27076   8.22944   8.24078
   8.34835   8.34832   8.32240   8.30765   8.25088   8.26458   8.22257   8.23592
   8.34045   8.34013   8.31456   8.30099   8.24439   8.25858   8.21663   8.23143
   8.33272   8.33214   8.30711   8.29476   8.23835   8.25314   8.21067   8.22768
   8.32516   8.32437   8.29999   8.28885   8.23270   8.24814   8.20456   8.22421
   8.31800   8.31745   8.29313   8.28331   8.22763   8.24368   8.19987   8.22145
   8.31109   8.31044   8.28674   8.27848   8.22300   8.23971   8.19576   8.21922
   8.30443   8.30357   8.28069   8.27401   8.21892   8.23630   8.19206   8.21764
   8.29818   8.29718   8.27526   8.27016   8.21546   8.23346   8.18873   8.21640
   8.29242   8.29127   8.27019   8.26688   8.21264   8.23138   8.18611   8.21593
   8.28708   8.28586   8.26562   8.26409   8.21030   8.22965   8.18427   8.21584
   8.28231   8.28095   8.26169   8.26192   8.20857   8.22865   8.18257   8.21631
   8.27803   8.27658   8.25833   8.26049   8.20752   8.22829   8.18157   8.21713
   8.27425   8.27279   8.25548   8.25970   8.20722   8.22846   8.18154   8.21846
   8.27104   8.26965   8.25335   8.25955   8.20725   8.22911   8.18205   8.22015
   8.26825   8.26680   8.25175   8.25978   8.20782   8.23041   8.18260   8.22209
   8.26619   8.26481   8.25067   8.26060   8.20892   8.23201   8.18383   8.22441
   8.26454   8.26339   8.25023   8.26187   8.21055   8.23405   8.18575   8.22687
   8.26364   8.26271   8.25043   8.26434   8.21236   8.23668   8.18797   8.22973
   8.26315   8.26257   8.25097   8.26636   8.21484   8.23948   8.18999   8.23233
   8.26339   8.26311   8.25205   8.26888   8.21761   8.24249   8.19301   8.23510
   8.26397   8.26430   8.25370   8.27165   8.22075   8.24571   8.19612   8.23803
   8.26512   8.26578   8.25568   8.27452   8.22382   8.24897   8.19880   8.24081
   8.26685   8.26794   8.25809   8.27763   8.22707   8.25231   8.20167   8.24321
   8.26890   8.27035   8.26063   8.28081   8.23035   8.25565   8.20489   8.24566
   8.27137   8.27307   8.26359   8.28404   8.23383   8.25899   8.20803   8.24789
   8.27408   8.27608   8.26657   8.28723   8.23713   8.26209   8.21092   8.24974
   8.27705   8.27935   8.26979   8.29038   8.24045   8.26511   8.21382   8.25134
   8.28001   8.28268   8.27293   8.29314   8.24354   8.26780   8.21663   8.25284
   8.28321   8.28607   8.27619   8.29599   8.24628   8.27029   8.21881   8.25412
   8.28642   8.28942   8.27942   8.29850   8.24878   8.27256   8.22078   8.25494
   8.28996   8.29276   8.28238   8.30099   8.25108   8.27441   8.22252   8.25558
   8.29308   8.29597   8.28515   8.30311   8.25307   8.27607   8.22444   8.25624
   8.29604   8.29902   8.28782   8.30502   8.25475   8.27742   8.22568   8.25645
   8.29900   8.30182   8.29024   8.30671   8.25619   8.27861   8.22641   8.25650
   8.30180   8.30451   8.29240   8.30825   8.25732   8.27947   8.22728   8.25642
   8.30427   8.30693   8.29425   8.30925   8.25820   8.28010   8.22806   8.25627
   8.30657   8.30907   8.29605   8.31019   8.25891   8.28031   8.22849   8.25611
   8.30854   8.31082   8.29745   8.31092   8.25953   8.28046   8.22828   8.25555
   8.31027   8.31239   8.29864   8.31149   8.25996   8.28056   8.22884   8.25494
   8.31175   8.31366   8.29965   8.31175   8.26010   8.28047   8.22874   8.25426
   8.31290   8.31466   8.30040   8.31191   8.26002   8.28023   8.22784   8.25339
   8.31389   8.31545   8.30088   8.31201   8.25997   8.27993   8.22750   8.25249
   8.31487   8.31617   8.30126   8.31192   8.25968   8.27946   8.22739   8.25163
   8.31537   8.31663   8.30136   8.31166   8.25922   8.27883   8.22627   8.25047
   8.31578   8.31686   8.30133   8.31127   8.25872   8.27810   8.22529   8.24934
   8.31594   8.31686   8.30111   8.31071   8.25799   8.27726   8.22444   8.24797
   8.31603   8.31680   8.30106   8.31010   8.25722   8.27637   8.22379   8.24674
   8.31578   8.31654   8.30051   8.30919   8.25629   8.27526   8.22224   8.24507
   8.31545   8.31613   8.29979   8.30820   8.25523   8.27399   8.22086   8.24341
   8.31504   8.31604   8.29915   8.30713   8.25409   8.27260   8.21959   8.24152
   8.31446   8.31534   8.29824   8.30583   8.25267   8.27090   8.21801   8.23961
   8.31372   8.31453   8.29730   8.30474   8.25122   8.26906   8.21611   8.23746
   8.31290   8.31354   8.29617   8.30322   8.24937   8.26709   8.21437   8.23525
   8.31175   8.31250   8.29487   8.30132   8.24718   8.26475   8.21229   8.23251
   8.31052   8.31127   8.29332   8.29927   8.24480   8.26235   8.21021   8.22976
   8.30920   8.30995   8.29164   8.29693   8.24232   8.25977   8.20785   8.22679
   8.30747   8.30823   8.28971   8.29432   8.23958   8.25686   8.20483   8.22373
   8.30575   8.30646   8.28762   8.29155   8.23668   8.25366   8.20196   8.22075
   8.30369   8.30432   8.28514   8.28848   8.23345   8.25028   8.19892   8.21760
   8.30147   8.30205   8.28239   8.28526   8.22988   8.24659   8.19521   8.21416
   8.29892   8.29939   8.27945   8.28168   8.22611   8.24279   8.19169   8.21073
   8.29604   8.29654   8.27626   8.27826   8.22213   8.23864   8.18798   8.20743
   8.29292   8.29334   8.27273   8.27423   8.21804   8.23446   8.18366   8.20392
   8.28963   8.29006   8.26910   8.27028   8.21383   8.23029   8.17956   8.20055
   8.28584   8.28646   8.26516   8.26597   8.20941   8.22589   8.17561   8.19739
   8.28206   8.28261   8.26110   8.26154   8.20487   8.22159   8.17159   8.19435
   8.27811   8.27851   8.25691   8.25706   8.20051   8.21735   8.16717   8.19148
   8.27400   8.27429   8.25255   8.25265   8.19621   8.21319   8.16322   8.18890
   8.26973   8.27000   8.24826   8.24827   8.19206   8.20920   8.15972   8.18649
   8.26537   8.26564   8.24385   8.24399   8.18790   8.20531   8.15569   8.18443
   8.26101   8.26116   8.23944   8.24004   8.18416   8.20178   8.15195   8.18276
   8.25657   8.25657   8.23553   8.23637   8.18055   8.19843   8.14946   8.18149
   8.25221   8.25215   8.23144   8.23276   8.17731   8.19545   8.14645   8.18064
   8.24810   8.24767   8.22739   8.22950   8.17476   8.19291   8.14399   8.18033
   8.24398   8.24337   8.22361   8.22664   8.17237   8.19092   8.14199   8.18005
   8.24020   8.23959   8.22017   8.22419   8.17043   8.18933   8.14082   8.18042
   8.23658   8.23605   8.21707   8.22215   8.16895   8.18813   8.13984   8.18112
   8.23338   8.23318   8.21437   8.22078   8.16806   8.18743   8.13944   8.18234
   8.23050   8.23038   8.21198   8.21968   8.16745   8.18717   8.13935   8.18368
   8.22811   8.22799   8.21013   8.21906   8.16738   8.18745   8.14008   8.18559
   8.22606   8.22616   8.20885   8.21888   8.16778   8.18801   8.14051   8.18762
   8.22474   8.22477   8.20787   8.21925   8.16868   8.18935   8.14158   8.18983
   8.22351   8.22380   8.20742   8.21997   8.16977   8.19067   8.14318   8.19211
   8.22268   8.22321   8.20741   8.22093   8.17146   8.19177   8.14503   8.19459
   8.22219   8.22310   8.20772   8.22224   8.17308   8.19357   8.14672   8.19720
   8.22219   8.22352   8.20838   8.22391   8.17517   8.19572   8.14886   8.19977
   8.22260   8.22438   8.20933   8.22566   8.17738   8.19783   8.15151   8.20244
   8.22334   8.22575   8.21062   8.22764   8.17977   8.20018   8.15395   8.20519
   8.22449   8.22725   8.21210   8.22995   8.18224   8.20267   8.15598   8.20785
   8.22573   8.22880   8.21370   8.23214   8.18464   8.20512   8.15842   8.21022
   8.22721   8.23077   8.21565   8.23440   8.18715   8.20752   8.16127   8.21278
   8.22828   8.23292   8.21806   8.23682   8.18980   8.20950   8.16351   8.21550
   8.23009   8.23504   8.22024   8.23924   8.19227   8.21181   8.16601   8.21805
   8.23206   8.23736   8.22233   8.24165   8.19470   8.21451   8.16846   8.22054
   8.23420   8.23979   8.22461   8.24402   8.19714   8.21697   8.17074   8.22306
   8.23650   8.24228   8.22695   8.24642   8.19971   8.21957   8.17283   8.22540
   8.23872   8.24471   8.22921   8.24884   8.20214   8.22193   8.17540   8.22767
   8.24102   8.24712   8.23149   8.25119   8.20470   8.22430   8.17792   8.23006
   8.24324   8.24943   8.23350   8.25349   8.20710   8.22667   8.18041   8.23244
   8.24579   8.25186   8.23583   8.25590   8.20956   8.22897   8.18215   8.23464
   8.24818   8.25423   8.23810   8.25829   8.21194   8.23121   8.18456   8.23697
   8.25056   8.25662   8.24049   8.26050   8.21429   8.23352   8.18703   8.23890
   8.25278   8.25895   8.24279   8.26266   8.21654   8.23562   8.18897   8.24068
   8.25500   8.26126   8.24587   8.26482   8.21892   8.23765   8.19086   8.24251
   8.25714   8.26350   8.24798   8.26724   8.22099   8.23938   8.19316   8.24411
   8.25928   8.26598   8.25012   8.26918   8.22301   8.24120   8.19529   8.24558
   8.26142   8.26803   8.25209   8.27105   8.22494   8.24297   8.19681   8.24683
   8.26339   8.27009   8.25407   8.27289   8.22668   8.24456   8.19839   8.24789
   8.26528   8.27191   8.25586   8.27440   8.22825   8.24593   8.20018   8.24887
   8.26726   8.27386   8.25769   8.27583   8.22975   8.24721   8.20147   8.24978
   8.26915   8.27567   8.25933   8.27718   8.23114   8.24833   8.20250   8.25028
   8.27096   8.27726   8.26085   8.27833   8.23233   8.24934   8.20358   8.25072
   8.27252   8.27867   8.26209   8.27920   8.23329   8.25005   8.20446   8.25097
   8.27408   8.28001   8.26335   8.28006   8.23403   8.25051   8.20516   8.25118
   8.27532   8.28117   8.26431   8.28081   8.23458   8.25130   8.20533   8.25099
   8.27639   8.28234   8.26515   8.28112   8.23488   8.25144   8.20577   8.25075
   8.27729   8.28313   8.26593   8.28145   8.23519   8.25160   8.20606   8.25042
   8.27803   8.28369   8.26648   8.28160   8.23524   8.25150   8.20593   8.25016
   8.27852   8.28400   8.26672   8.28142   8.23513   8.25112   8.20558   8.24946
   8.27902   8.28419   8.26688   8.28122   8.23492   8.25069   8.20547   8.24895
   8.27918   8.28426   8.26693   8.28088   8.23460   8.25028   8.20469   8.24897
   8.27926   8.28424   8.26680   8.28049   8.23410   8.24972   8.20399   8.24824
   8.27910   8.28408   8.26654   8.27992   8.23352   8.24907   8.20333   8.24720
   8.27885   8.28380   8.26613   8.27938   8.23277   8.24835   8.20314   8.24632
   8.27861   8.28332   8.26553   8.27865   8.23200   8.24752   8.20216   8.24536
   8.27820   8.28284   8.26481   8.27784   8.23102   8.24669   8.20138   8.24440
   8.27762   8.28228   8.26416   8.27707   8.23038   8.24579   8.20072   8.24333
   8.27696   8.28149   8.26333   8.27599   8.22936   8.24474   8.19968   8.24215
   8.27622   8.28070   8.26277   8.27463   8.22839   8.24358   8.19838   8.24086
   8.27532   8.27980   8.26185   8.27363   8.22734   8.24247   8.19717   8.23949
   8.27441   8.27884   8.26093   8.27253   8.22624   8.24133   8.19624   8.23839
   8.27343   8.27769   8.25982   8.27124   8.22510   8.24003   8.19519   8.23688
   8.27227   8.27657   8.25867   8.26992   8.22375   8.23865   8.19399   8.23521
   8.27121   8.27546   8.25738   8.26855   8.22239   8.23654   8.19276   8.23358
   8.27005   8.27411   8.25610   8.26707   8.22093   8.23502   8.19150   8.23207
   8.26882   8.27275   8.25472   8.26576   8.21964   8.23361   8.18993   8.23052
   8.26759   8.27135   8.25332   8.26426   8.21823   8.23211   8.18806   8.22907
   8.26611   8.26973   8.25178   8.26265   8.21668   8.23053   8.18637   8.22740
   8.26471   8.26815   8.25044   8.26098   8.21510   8.22894   8.18659   8.22587
   8.26315   8.26638   8.24877   8.25914   8.21339   8.22735   8.18490   8.22424
   8.26158   8.26469   8.24723   8.25745   8.21177   8.22603   8.18337   8.22297
   8.25994   8.26306   8.24557   8.25575   8.21035   8.22449   8.18201   8.22142
   8.25838   8.26150   8.24403   8.25414   8.20876   8.22289   8.18066   8.22009
   8.25665   8.25979   8.24229   8.25253   8.20734   8.22104   8.17893   8.21870
   8.25500   8.25825   8.24049   8.25092   8.20600   8.21950   8.17756   8.21722
   8.25328   8.25652   8.23883   8.24946   8.20446   8.21802   8.17631   8.21578
   8.25147   8.25490   8.23721   8.24797   8.20305   8.21667   8.17499   8.21457
   8.24974   8.25335   8.23563   8.24655   8.20184   8.21539   8.17352   8.21321
   8.24801   8.25184   8.23414   8.24522   8.20067   8.21415   8.17469   8.21195
   8.24645   8.25023   8.23269   8.24436   8.19939   8.21288   8.17349   8.21057
   8.24505   8.24880   8.23131   8.24313   8.19825   8.21175   8.17230   8.20948
   8.24357   8.24725   8.22982   8.24177   8.19711   8.21041   8.17089   8.20811
   8.24209   8.24582   8.22849   8.24049   8.19589   8.20922   8.17021   8.20665
   8.24061   8.24441   8.22704   8.23921   8.19463   8.20800   8.16889   8.20521
   8.23930   8.24299   8.22558   8.23783   8.19352   8.20672   8.16734   8.20393
   8.23790   8.24164   8.22428   8.23673   8.19247   8.20488   8.16602   8.20247
   8.23650   8.24027   8.22289   8.23522   8.19121   8.20354   8.16518   8.20080
   8.23510   8.23889   8.22162   8.23369   8.18998   8.20215   8.16394   8.19936
   8.23362   8.23752   8.22028   8.23229   8.18867   8.20083   8.16213   8.19773
   8.23222   8.23610   8.21888   8.23075   8.18719   8.19929   8.16067   8.19594
   8.23083   8.23464   8.21749   8.22915   8.18579   8.19775   8.15942   8.19407
   8.22935   8.23312   8.21598   8.22751   8.18419   8.19601   8.15792   8.19222
   8.22778   8.23159   8.21443   8.22595   8.18263   8.19429   8.15613   8.19025
   8.22639   8.23001   8.21283   8.22404   8.18091   8.19241   8.15480   8.18826
   8.22482   8.22828   8.21127   8.22227   8.17919   8.19058   8.15312   8.18575
   8.22318   8.22651   8.20957   8.22028   8.17732   8.18864   8.15095   8.18378
   8.22137   8.22466   8.20778   8.21829   8.17549   8.18656   8.14903   8.18152
   8.21956   8.22280   8.20598   8.21622   8.17350   8.18448   8.14763   8.17922
   8.21775   8.22103   8.20385   8.21424   8.17159   8.18249   8.14355   8.17705
   8.21569   8.21901   8.20190   8.21204   8.16950   8.18029   8.14108   8.17462
   8.21380   8.21707   8.19987   8.21034   8.16749   8.17816   8.13892   8.17214
   8.21183   8.21495   8.19791   8.20800   8.16530   8.17584   8.13747   8.16975
   8.20969   8.21278   8.19578   8.20566   8.16305   8.17348   8.13503   8.16729
   8.20730   8.21054   8.19354   8.20315   8.16078   8.17103   8.13294   8.16498
   8.20500   8.20829   8.19135   8.20068   8.15854   8.16859   8.13082   8.16264
   8.20253   8.20593   8.18904   8.19829   8.15629   8.16614   8.12856   8.16017
   8.20015   8.20357   8.18659   8.19584   8.15399   8.16372   8.12581   8.15790
   8.19809   8.20097   8.18418   8.19343   8.15171   8.16138   8.12376   8.15561
   8.19555   8.19848   8.18155   8.19098   8.14944   8.15894   8.11962   8.15330
   8.19308   8.19599   8.17915   8.18862   8.14722   8.15668   8.11757   8.15111
   8.19045   8.19342   8.17671   8.18643   8.14504   8.15446   8.11546   8.14900
   8.18781   8.19104   8.17431   8.18405   8.14289   8.15234   8.11338   8.14708
   8.18526   8.18861   8.17197   8.18185   8.14062   8.15013   8.11170   8.14532
   8.18280   8.18624   8.16968   8.17977   8.13875   8.14818   8.11002   8.14372
   8.18017   8.18390   8.16735   8.17761   8.13688   8.14629   8.10780   8.14231
   8.17770   8.18170   8.16512   8.17572   8.13526   8.14459   8.10634   8.14094
   8.17556   8.17964   8.16311   8.17397   8.13380   8.14307   8.10507   8.13988
   8.17350   8.17773   8.16114   8.17243   8.13259   8.14183   8.10375   8.13912
   8.17145   8.17593   8.15936   8.17110   8.13133   8.14069   8.10145   8.13859
   8.16964   8.17426   8.15766   8.16974   8.13031   8.13978   8.10044   8.13813
   8.16808   8.17274   8.15612   8.16866   8.12952   8.13897   8.10004   8.13800
   8.16660   8.17134   8.15474   8.16780   8.12921   8.13859   8.09970   8.13826
   8.16536   8.17016   8.15359   8.16724   8.12908   8.13838   8.09977   8.13861
   8.16421   8.16916   8.15263   8.16684   8.12905   8.13834   8.10011   8.13914
   8.16339   8.16838   8.15180   8.16671   8.12927   8.13855   8.10042   8.13987
   8.16273   8.16784   8.15134   8.16683   8.12983   8.13918   8.10094   8.14095
   8.16248   8.16750   8.15116   8.16713   8.13056   8.13993   8.10217   8.14241
   8.16265   8.16728   8.15103   8.16766   8.13149   8.14088   8.10333   8.14385
   8.16273   8.16740   8.15117   8.16863   8.13284   8.14206   8.10482   8.14568
   8.16306   8.16769   8.15151   8.16977   8.13437   8.14351   8.10637   8.14766
   8.16372   8.16835   8.15229   8.17124   8.13613   8.14520   8.10840   8.14963
   8.16462   8.16942   8.15324   8.17295   8.13814   8.14712   8.11062   8.15182
   8.16577   8.17065   8.15440   8.17492   8.14037   8.14934   8.11278   8.15431
   8.16717   8.17203   8.15578   8.17698   8.14276   8.15157   8.11510   8.15685
   8.16873   8.17365   8.15746   8.17925   8.14531   8.15403   8.11798   8.15915
   8.17071   8.17552   8.15937   8.18170   8.14824   8.15666   8.12093   8.16180
   8.17260   8.17751   8.16144   8.18423   8.15115   8.15931   8.12375   8.16411
   8.17507   8.17963   8.16366   8.18687   8.15385   8.16199   8.12656   8.16652
   8.17745   8.18194   8.16591   8.18955   8.15664   8.16464   8.12969   8.16876
   8.18008   8.18451   8.16834   8.19230   8.15958   8.16733   8.13237   8.17113
   8.18247   8.18696   8.17071   8.19489   8.16232   8.16994   8.13478   8.17306
   8.18494   8.18950   8.17327   8.19746   8.16499   8.17246   8.13751   8.17495
   8.18749   8.19205   8.17586   8.19995   8.16753   8.17517   8.14016   8.17647
   8.19003   8.19466   8.17838   8.20229   8.16998   8.17740   8.14225   8.17805
   8.19258   8.19717   8.18086   8.20442   8.17231   8.17947   8.14418   8.17915
   8.19530   8.19954   8.18325   8.20636   8.17424   8.18117   8.14651   8.18029
   8.19760   8.20181   8.18546   8.20819   8.17609   8.18279   8.14822   8.18108
   8.19990   8.20384   8.18752   8.20969   8.17763   8.18411   8.14966   8.18182
   8.20196   8.20587   8.18961   8.21114   8.17907   8.18531   8.15134   8.18249
   8.20393   8.20770   8.19139   8.21227   8.18011   8.18633   8.15266   8.18301
   8.20558   8.20937   8.19299   8.21331   8.18113   8.18726   8.15329   8.18345
   8.20722   8.21087   8.19434   8.21420   8.18200   8.18796   8.15461   8.18398
   8.20862   8.21215   8.19568   8.21496   8.18275   8.18891   8.15533   8.18447
   8.20994   8.21332   8.19719   8.21559   8.18333   8.18947   8.15575   8.18492
   8.21109   8.21430   8.19812   8.21624   8.18414   8.19010   8.15629   8.18588
   8.21216   8.21520   8.19904   8.21682   8.18481   8.19059   8.15733   8.18664
   8.21323   8.21604   8.19982   8.21763   8.18564   8.19137   8.15827   8.18759
   8.21413   8.21689   8.20071   8.21860   8.18666   8.19238   8.15941   8.18909
   8.21487   8.21790   8.20091   8.21954   8.18776   8.19335   8.16023   8.19082
   8.21578   8.21878   8.20167   8.22061   8.18903   8.19457   8.16166   8.19258
   8.21668   8.21960   8.20255   8.22206   8.19055   8.19606   8.16331   8.19470
   8.21750   8.22062   8.20340   8.22359   8.19243   8.19792   8.16513   8.19708
   8.21857   8.22167   8.20440   8.22535   8.19451   8.20012   8.16686   8.19984
   8.21981   8.22293   8.20567   8.22744   8.19704   8.20250   8.16942   8.20267
   8.22120   8.22435   8.20699   8.22964   8.19968   8.20507   8.17233   8.20591
   8.22277   8.22602   8.20854   8.23219   8.20252   8.20754   8.17481   8.20918
   8.22449   8.22778   8.21023   8.23491   8.20553   8.21057   8.17820   8.21269
   8.22655   8.22986   8.21215   8.23792   8.20889   8.21393   8.18229   8.21635
   8.22861   8.23212   8.21406   8.24105   8.21232   8.21740   8.18574   8.22007
   8.23099   8.23436   8.21647   8.24437   8.21602   8.22114   8.18896   8.22385
   8.23370   8.23686   8.21907   8.24778   8.21984   8.22485   8.19297   8.22770
   8.23650   8.23969   8.22189   8.25129   8.22380   8.22879   8.19720   8.23135
   8.23938   8.24275   8.22485   8.25487   8.22769   8.23264   8.20110   8.23491
   8.24250   8.24577   8.22789   8.25841   8.23157   8.23646   8.20482   8.23841
   8.24579   8.24899   8.23122   8.26190   8.23534   8.24022   8.20919   8.24166
   8.24917   8.25230   8.23454   8.26534   8.23911   8.24395   8.21313   8.24468
   8.25270   8.25578   8.23799   8.26868   8.24272   8.24741   8.21681   8.24747
   8.25616   8.25871   8.24150   8.27201   8.24620   8.25074   8.22051   8.25001
   8.25961   8.26208   8.24494   8.27506   8.24939   8.25385   8.22418   8.25210
   8.26306   8.26611   8.24834   8.27782   8.25234   8.25667   8.22731   8.25390
   8.26627   8.26929   8.25172   8.28031   8.25480   8.25906   8.22974   8.25520
   8.26940   8.27241   8.25504   8.28267   8.25716   8.26120   8.23212   8.25625
   8.27236   8.27544   8.25815   8.28468   8.25910   8.26305   8.23466   8.25673
   8.27507   8.27820   8.26064   8.28628   8.26073   8.26437   8.23638   8.25712
   8.27778   8.28104   8.26343   8.28766   8.26204   8.26543   8.23765   8.25706
   8.28009   8.28333   8.26584   8.28865   8.26282   8.26605   8.23860   8.25677
   8.28198   8.28535   8.26786   8.28934   8.26330   8.26642   8.23942   8.25596
   8.28354   8.28741   8.26970   8.28963   8.26351   8.26640   8.23960   8.25510
   8.28494   8.28897   8.27140   8.28969   8.26341   8.26621   8.23929   8.25421
   8.28601   8.28999   8.27254   8.28948   8.26299   8.26552   8.23908   8.25291
   8.28691   8.29084   8.27345   8.28899   8.26251   8.26483   8.23858   8.25161
   8.28741   8.29132   8.27398   8.28821   8.26160   8.26383   8.23734   8.25024
   8.28774   8.29171   8.27429   8.28735   8.26060   8.26275   8.23639   8.24868
   8.28774   8.29193   8.27422   8.28624   8.25947   8.26141   8.23573   8.24710
   8.28732   8.29157   8.27384   8.28515   8.25830   8.26017   8.23462   8.24564
   8.28683   8.29100   8.27330   8.28392   8.25694   8.25875   8.23329   8.24398
   8.28609   8.29025   8.27246   8.28256   8.25552   8.25721   8.23213   8.24224
   8.28519   8.28873   8.27149   8.28112   8.25406   8.25566   8.23090   8.24049
   8.28395   8.28771   8.27028   8.27967   8.25267   8.25417   8.22914   8.23880
   8.28280   8.28651   8.26908   8.27808   8.25116   8.25263   8.22759   8.23698
   8.28157   8.28520   8.26784   8.27655   8.24973   8.25108   8.22616   8.23524
   8.28025   8.28388   8.26647   8.27506   8.24837   8.24962   8.22509   8.23340
   8.27869   8.28254   8.26501   8.27343   8.24706   8.24811   8.22346   8.23146
   8.27721   8.28102   8.26361   8.27176   8.24539   8.24639   8.22201   8.22922
   8.27565   8.27951   8.26211   8.27011   8.24384   8.24469   8.22089   8.22708
   8.27408   8.27806   8.26058   8.26852   8.24233   8.24311   8.21959   8.22489
   8.27252   8.27657   8.25892   8.26675   8.24063   8.24138   8.21791   8.22259
   8.27088   8.27447   8.25726   8.26479   8.23887   8.23937   8.21637   8.22017
   8.26923   8.27284   8.25559   8.26289   8.23720   8.23727   8.21469   8.21758
   8.26767   8.27116   8.25386   8.26073   8.23523   8.23522   8.21274   8.21463
   8.26602   8.26957   8.25198   8.25840   8.23308   8.23294   8.21047   8.21181
   8.26430   8.26787   8.25021   8.25597   8.23085   8.23059   8.20834   8.20859
   8.26249   8.26606   8.24828   8.25350   8.22849   8.22805   8.20621   8.20540
   8.26068   8.26426   8.24646   8.25105   8.22612   8.22554   8.20338   8.20207
   8.25871   8.26210   8.24444   8.24834   8.22342   8.22268   8.20093   8.19861
   8.25673   8.25997   8.24231   8.24559   8.22055   8.21968   8.19843   8.19498
   8.25443   8.25780   8.24000   8.24259   8.21761   8.21650   8.19535   8.19130
   8.25213   8.25559   8.23763   8.23950   8.21448   8.21329   8.19225   8.18747
   8.24982   8.25318   8.23508   8.23619   8.21123   8.20994   8.18887   8.18356
   8.24736   8.25073   8.23233   8.23290   8.20796   8.20648   8.18547   8.17954
   8.24489   8.24802   8.22971   8.22934   8.20450   8.20289   8.18229   8.17551
   8.24234   8.24538   8.22694   8.22577   8.20109   8.19927   8.17878   8.17152
   8.23962   8.24266   8.22398   8.22213   8.19744   8.19548   8.17576   8.16727
   8.23666   8.23984   8.22080   8.21844   8.19379   8.19127   8.17204   8.16306
   8.23362   8.23666   8.21753   8.21446   8.19002   8.18737   8.16820   8.15870
   8.23058   8.23353   8.21431   8.21066   8.18628   8.18345   8.16453   8.15569
   8.22737   8.23023   8.21089   8.20686   8.18238   8.17944   8.16112   8.15137
   8.22392   8.22688   8.20743   8.20301   8.17860   8.17550   8.15725   8.14627
   8.22046   8.22336   8.20392   8.19899   8.17473   8.17151   8.15333   8.14200
   8.21709   8.21979   8.20038   8.19502   8.17078   8.16743   8.14966   8.13760
   8.21347   8.21623   8.19622   8.19092   8.16667   8.16333   8.14607   8.13303
   8.20977   8.21239   8.19238   8.18670   8.16275   8.15914   8.14221   8.12850
   8.20615   8.20865   8.18870   8.18264   8.15890   8.15501   8.13828   8.12388
   8.20237   8.20471   8.18472   8.17885   8.15473   8.15022   8.13433   8.11938
   8.19883   8.20076   8.18082   8.17469   8.15069   8.14609   8.13022   8.11483
   8.19489   8.19667   8.17692   8.17054   8.14652   8.14182   8.12605   8.11096
   8.19102   8.19258   8.17303   8.16628   8.14216   8.13755   8.12197   8.10647
   8.18691   8.18847   8.16895   8.16193   8.13789   8.13323   8.11786   8.10198
   8.18272   8.18441   8.16480   8.15761   8.13372   8.12890   8.11385   8.09754
   8.17860   8.18027   8.16076   8.15328   8.12949   8.12453   8.10937   8.09327
   8.17457   8.17619   8.15663   8.14900   8.12525   8.12018   8.10526   8.08892
   8.17046   8.17199   8.15236   8.14476   8.12111   8.11596   8.10126   8.08486
   8.16627   8.16778   8.14820   8.14059   8.11696   8.11175   8.09705   8.08104
   8.16216   8.16361   8.14414   8.13649   8.11290   8.10774   8.09471   8.07737
   8.15796   8.15945   8.14000   8.13255   8.10911   8.10387   8.09122   8.07400
   8.15377   8.15522   8.13583   8.12885   8.10550   8.10024   8.08751   8.07100
   8.14957   8.15096   8.13178   8.12519   8.10187   8.09678   8.08356   8.06806
   8.14571   8.14679   8.12772   8.12180   8.09863   8.09363   8.08045   8.06546
   8.14168   8.14265   8.12370   8.11854   8.09562   8.09064   8.07762   8.06306
   8.13781   8.13862   8.11971   8.11543   8.09270   8.08794   8.07499   8.06073
   8.13411   8.13485   8.11604   8.11296   8.09033   8.08546   8.07224   8.05889
   8.13058   8.13110   8.11249   8.11038   8.08817   8.08318   8.07022   8.05690
   8.12704   8.12753   8.10904   8.10804   8.08617   8.08102   8.06842   8.05506
   8.12309   8.12410   8.10590   8.10574   8.08418   8.07917   8.06012   8.05290
   8.11988   8.12075   8.10285   8.10363   8.08245   8.07749   8.05847   8.05143
   8.11692   8.11769   8.10009   8.10178   8.08095   8.07594   8.05727   8.04989
   8.11421   8.11484   8.09733   8.09996   8.07950   8.07441   8.05606   8.04798
   8.11150   8.11213   8.09472   8.09812   8.07818   8.07295   8.05452   8.04608
   8.10903   8.10955   8.09242   8.09642   8.07692   8.07140   8.05311   8.04428
   8.10673   8.10717   8.09015   8.09468   8.07536   8.06990   8.05212   8.04200
   8.10459   8.10504   8.08802   8.09290   8.07389   8.06823   8.05095   8.03984
   8.10261   8.10305   8.08626   8.09104   8.07245   8.06653   8.04941   8.03759
   8.10056   8.10109   8.08444   8.08913   8.07073   8.06456   8.04797   8.03534
   8.09801   8.09921   8.08205   8.08721   8.06886   8.06236   8.04645   8.03271
   8.09604   8.09743   8.08020   8.08501   8.06700   8.06011   8.04465   8.03001
   8.09406   8.09569   8.07852   8.08284   8.06488   8.05780   8.04240   8.02729
   8.09209   8.09393   8.07667   8.08057   8.06266   8.05523   8.04033   8.02459
   8.09028   8.09231   8.07479   8.07811   8.06049   8.05280   8.03829   8.02165
   8.08847   8.09053   8.07298   8.07566   8.05811   8.05023   8.03578   8.01882
   8.08658   8.08861   8.07100   8.07299   8.05550   8.04742   8.03287   8.01610
   8.08452   8.08663   8.06880   8.07020   8.05275   8.04451   8.03088   8.01323
   8.08222   8.08440   8.06659   8.06730   8.04994   8.04154   8.02809   8.01032
   8.08008   8.08228   8.06433   8.06446   8.04707   8.03860   8.02502   8.00754
   8.07786   8.08000   8.06172   8.06153   8.04408   8.03556   8.02309   8.00505
   8.07556   8.07752   8.05924   8.05858   8.04114   8.03271   8.02066   8.00249
   8.07301   8.07491   8.05660   8.05569   8.03826   8.02981   8.01765   7.99993
   8.07054   8.07228   8.05398   8.05277   8.03538   8.02755   8.01522   7.99761
   8.06783   8.06959   8.05124   8.04995   8.03254   8.02484   8.01262   7.99552
   8.06511   8.06686   8.04839   8.04713   8.02969   8.02229   8.01010   7.99345
   8.06240   8.06393   8.04547   8.04438   8.02715   8.01974   8.00747   7.99168
   8.05977   8.06115   8.04277   8.04183   8.02465   8.01745   8.00515   7.99012
   8.05689   8.05831   8.04005   8.03948   8.02242   8.01532   8.00308   7.98887
   8.05409   8.05551   8.03728   8.03726   8.02032   8.01336   8.00110   7.98799
   8.05130   8.05268   8.03467   8.03505   8.01831   8.01164   7.99927   7.98734
   8.04858   8.04995   8.03217   8.03322   8.01660   8.01044   7.99775   7.98705
   8.04620   8.04730   8.02966   8.03161   8.01508   8.00933   7.99667   7.98716
   8.04381   8.04466   8.02728   8.03005   8.01397   8.00814   7.99574   7.98726
   8.04151   8.04216   8.02522   8.02888   8.01321   8.00770   7.99502   7.98726
   8.03929   8.03967   8.02316   8.02799   8.01255   8.00737   7.99513   7.98812
   8.03732   8.03744   8.02138   8.02754   8.01241   8.00741   7.99524   7.98940
   8.03534   8.03547   8.01987   8.02728   8.01261   8.00785   7.99551   7.99115
   8.03370   8.03373   8.01855   8.02729   8.01303   8.00862   7.99648   7.99312
   8.03230   8.03216   8.01756   8.02777   8.01381   8.00974   7.99778   7.99523
   8.03115   8.03088   8.01685   8.02850   8.01508   8.01081   7.99916   7.99763
   8.03024   8.02982   8.01644   8.02950   8.01659   8.01259   8.00074   8.00037
   8.02950   8.02888   8.01621   8.03085   8.01850   8.01480   8.00320   8.00326
   8.02909   8.02843   8.01630   8.03256   8.02071   8.01722   8.00573   8.00637
   8.02884   8.02821   8.01655   8.03437   8.02305   8.01979   8.00819   8.00949
   8.02901   8.02821   8.01718   8.03654   8.02568   8.02232   8.01088   8.01297
   8.02942   8.02862   8.01803   8.03894   8.02851   8.02519   8.01440   8.01643
   8.03008   8.02938   8.01929   8.04160   8.03170   8.02843   8.01754   8.02015
   8.03090   8.03022   8.02071   8.04433   8.03495   8.03164   8.02119   8.02358
   8.03213   8.03153   8.02256   8.04745   8.03849   8.03523   8.02487   8.02728
   8.03353   8.03302   8.02424   8.05057   8.04199   8.03879   8.02895   8.03086
   8.03518   8.03479   8.02646   8.05380   8.04557   8.04249   8.03301   8.03439
   8.03732   8.03687   8.02899   8.05710   8.04876   8.04622   8.03656   8.03783
   8.03954   8.03926   8.03167   8.06054   8.05240   8.04992   8.04031   8.04152
   8.04192   8.04185   8.03442   8.06404   8.05625   8.05380   8.04445   8.04494
   8.04439   8.04449   8.03724   8.06746   8.05999   8.05730   8.04837   8.04845
   8.04718   8.04744   8.04053   8.07095   8.06370   8.06109   8.05212   8.05193
   8.05015   8.05054   8.04371   8.07443   8.06742   8.06465   8.05617   8.05524
   8.05319   8.05377   8.04703   8.07790   8.07111   8.06824   8.06002   8.05859
   8.05639   8.05713   8.05054   8.08150   8.07496   8.07191   8.06361   8.06209
   8.05960   8.06051   8.05426   8.08496   8.07857   8.07553   8.06733   8.06559
   8.06297   8.06396   8.05773   8.08846   8.08216   8.07904   8.07130   8.06930
   8.06651   8.06754   8.06128   8.09205   8.08587   8.08277   8.07520   8.07307
   8.07021   8.07111   8.06497   8.09568   8.08954   8.08651   8.07875   8.07689
   8.07375   8.07469   8.06868   8.09943   8.09307   8.09028   8.08268   8.08091
   8.07737   8.07828   8.07244   8.10325   8.09683   8.09422   8.08715   8.08509
   8.08115   8.08198   8.07624   8.10704   8.10073   8.09828   8.09092   8.08948
   8.08501   8.08576   8.08011   8.11092   8.10463   8.10248   8.09477   8.09407
   8.08880   8.08953   8.08400   8.11509   8.10883   8.10686   8.09925   8.09893
   8.09266   8.09334   8.08784   8.11943   8.11320   8.11144   8.10414   8.10387
   8.09661   8.09702   8.09189   8.12380   8.11773   8.11623   8.10866   8.10901
   8.10072   8.10078   8.09602   8.12849   8.12252   8.12121   8.11346   8.11426
   8.10475   8.10461   8.10015   8.13329   8.12752   8.12638   8.11864   8.11965
   8.10895   8.10861   8.10447   8.13831   8.13278   8.13179   8.12387   8.12505
   8.11314   8.11262   8.10886   8.14338   8.13809   8.13764   8.12920   8.13057
   8.11734   8.11685   8.11337   8.14860   8.14354   8.14332   8.13495   8.13615
   8.12161   8.12115   8.11804   8.15399   8.14927   8.14914   8.14076   8.14161
   8.12613   8.12564   8.12296   8.15948   8.15516   8.15503   8.14665   8.14695
   8.13066   8.13024   8.12789   8.16503   8.16111   8.16096   8.15245   8.15221
   8.13526   8.13504   8.13289   8.17071   8.16699   8.16688   8.15857   8.15728
   8.13987   8.14005   8.13800   8.17638   8.17293   8.17268   8.16462   8.16210
   8.14472   8.14507   8.14336   8.18197   8.17882   8.17839   8.17070   8.16656
