   7.81938   7.59849   7.56535   7.49074   7.40558   7.26717   6.92816   6.59577
   7.81995   7.59929   7.56636   7.49170   7.40625   7.26673   6.92874   6.59614
   7.82269   7.60227   7.56902   7.49426   7.40899   7.26932   6.93002   6.59802
   7.82447   7.60428   7.57083   7.49640   7.41117   7.27098   6.93098   6.59939
   7.82508   7.60507   7.57187   7.49739   7.41198   7.27182   6.93172   6.60063
   7.82524   7.60541   7.57247   7.49789   7.41243   7.27219   6.93156   6.60117
   7.82540   7.60582   7.57293   7.49832   7.41299   7.27279   6.92470   6.60151
   7.82606   7.60680   7.57407   7.49964   7.41424   7.27401   6.92554   6.60288
   7.82719   7.60787   7.57524   7.50115   7.41582   7.27569   6.92706   6.60485
   7.82548   7.60658   7.57412   7.50004   7.41475   7.27473   6.92517   6.60414
   7.82569   7.60681   7.57479   7.50054   7.41554   7.27550   6.92555   6.60510
   7.82253   7.60401   7.57201   7.49773   7.41328   7.27329   6.92302   6.60374
   7.82204   7.60391   7.57181   7.49774   7.41366   7.27381   6.92230   6.60441
   7.82254   7.60463   7.57283   7.49865   7.41485   7.27508   6.92349   6.60631
   7.82425   7.60646   7.57482   7.50100   7.41752   7.27760   6.92611   6.60981
   7.82541   7.60850   7.57670   7.50335   7.41989   7.28025   6.92839   6.61270
   7.82837   7.61182   7.58030   7.50698   7.42381   7.28436   6.93457   6.61667
   7.83020   7.61403   7.58267   7.50965   7.42635   7.28699   6.93724   6.61959
   7.83219   7.61644   7.58527   7.51234   7.42942   7.29007   6.93982   6.62285
   7.83247   7.61730   7.58628   7.51337   7.43058   7.29163   6.94077   6.62449
   7.83449   7.61950   7.58877   7.51588   7.43323   7.29433   6.94349   6.62737
   7.83566   7.62063   7.58980   7.51721   7.43528   7.29613   6.94513   6.62946
   7.83641   7.62156   7.59064   7.51851   7.43715   7.29783   6.94700   6.63146
   7.83557   7.62047   7.58927   7.51881   7.43630   7.29732   6.94599   6.63113
   7.83522   7.62051   7.58951   7.51910   7.43679   7.29770   6.94599   6.63198
   7.86636   7.65081   7.61985   7.54913   7.46663   7.32716   6.97403   6.65893
   7.87004   7.65471   7.62388   7.55312   7.47075   7.33115   6.97875   6.66248
   7.87150   7.65602   7.62426   7.55469   7.47255   7.33301   6.98046   6.66391
   7.87034   7.65483   7.62330   7.55507   7.47181   7.33229   6.97973   6.66284
   7.86850   7.65297   7.62173   7.55360   7.47057   7.33088   6.97836   6.66174
   7.86614   7.65094   7.61974   7.55171   7.46879   7.32899   6.97673   6.66027
   7.86555   7.65026   7.61928   7.55110   7.46864   7.32855   6.97585   6.65993
   7.86392   7.64866   7.61771   7.54956   7.46701   7.32696   6.97402   6.65870
   7.86301   7.64785   7.61719   7.54897   7.46649   7.32615   6.97214   6.65758
   7.86454   7.64962   7.61905   7.55013   7.46813   7.32757   6.97371   6.65884
   7.86623   7.65123   7.62090   7.55163   7.46964   7.32894   6.97535   6.65986
   7.86602   7.65091   7.62070   7.55136   7.46918   7.32834   6.97415   6.65944
   7.86679   7.65136   7.62146   7.55184   7.46976   7.32861   6.97360   6.65970
   7.86820   7.65260   7.62289   7.55288   7.47072   7.32951   6.97397   6.66037
   7.87043   7.65472   7.62520   7.55507   7.47272   7.33125   6.97558   6.66199
   7.87257   7.65664   7.62729   7.55653   7.47457   7.33259   6.97703   6.66351
   7.87532   7.65886   7.62938   7.55867   7.47689   7.33446   6.97831   6.66560
   7.87496   7.65813   7.62852   7.55809   7.47602   7.33361   6.97678   6.66505
   7.87453   7.65698   7.62640   7.55692   7.47491   7.33246   6.97539   6.66396
   7.86901   7.65201   7.62080   7.55069   7.46948   7.32700   6.96974   6.65903
   7.86544   7.64864   7.61746   7.54701   7.46556   7.32334   6.96562   6.65575
   7.85780   7.64122   7.60990   7.53909   7.45776   7.31576   6.95792   6.64854
   7.85180   7.63483   7.60357   7.53301   7.45159   7.30962   6.95162   6.64284
   7.84626   7.62866   7.59749   7.52699   7.44577   7.30364   6.94561   6.63734
   7.84176   7.62393   7.59297   7.52243   7.44125   7.29880   6.94048   6.63346
   7.83863   7.62039   7.58974   7.51894   7.43780   7.29533   6.93680   6.63019
   7.83463   7.61691   7.58568   7.51463   7.43342   7.29080   6.93180   6.62632
   7.82770   7.60984   7.57855   7.50757   7.42644   7.28389   6.92455   6.61999
   7.82739   7.60925   7.57786   7.50684   7.42581   7.28294   6.92342   6.61896
   7.82304   7.60460   7.57333   7.50218   7.42116   7.27861   6.91860   6.61418
   7.82109   7.60253   7.57145   7.50008   7.41891   7.27640   6.91574   6.61204
   7.81839   7.59951   7.56845   7.49711   7.41621   7.27353   6.91283   6.60918
   7.81789   7.59854   7.56754   7.49579   7.41503   7.27261   6.91094   6.60790
   7.81508   7.59516   7.56418   7.49241   7.41154   7.26930   6.90703   6.60453
   7.81543   7.59412   7.56307   7.49186   7.41043   7.26745   6.90562   6.60334
   7.81254   7.59106   7.56011   7.48871   7.40760   7.26446   6.90210   6.60067
   7.81187   7.59023   7.55897   7.48754   7.40648   7.26381   6.90051   6.59958
   7.80701   7.58510   7.55401   7.48257   7.40163   7.25896   6.89515   6.59512
   7.80365   7.58158   7.55065   7.47928   7.39808   7.25548   6.89136   6.59185
   7.79670   7.57459   7.54515   7.47246   7.39130   7.24877   6.88393   6.58587
   7.78846   7.56637   7.53736   7.46439   7.38326   7.24114   6.87600   6.57857
   7.78335   7.56156   7.53251   7.45960   7.37857   7.23647   6.87206   6.57429
   7.77635   7.55489   7.52553   7.45304   7.37221   7.23015   6.86589   6.56866
   7.76802   7.54704   7.51793   7.44580   7.36516   7.22325   6.85804   6.56261
   7.76337   7.54267   7.51356   7.44202   7.36101   7.21873   6.85320   6.55926
   7.75866   7.53819   7.50901   7.43744   7.35660   7.21434   6.84881   6.55557
   7.75574   7.53613   7.50644   7.43476   7.35430   7.21220   6.84610   6.55373
   7.75183   7.53240   7.50290   7.43114   7.35077   7.20900   6.84283   6.55113
   7.74904   7.52989   7.50058   7.42890   7.34862   7.20687   6.84026   6.54952
   7.74633   7.52733   7.49804   7.42678   7.34644   7.20474   6.83866   6.54783
   7.74482   7.52612   7.49697   7.42588   7.34581   7.20426   6.83813   6.54797
   7.74571   7.52761   7.49867   7.42751   7.34769   7.20618   6.83942   6.55015
   7.74530   7.52763   7.49874   7.42770   7.34817   7.20643   6.83981   6.55118
   7.74500   7.52678   7.49767   7.42704   7.34776   7.20609   6.83965   6.55109
   7.74580   7.52818   7.49889   7.42843   7.34957   7.20846   6.84097   6.55337
   7.74159   7.52478   7.49499   7.42495   7.34638   7.20554   6.83854   6.55119
   7.73927   7.52265   7.49318   7.42333   7.34534   7.20428   6.83739   6.55050
   7.73803   7.52197   7.49245   7.42311   7.34542   7.20437   6.83751   6.55089
   7.73373   7.51819   7.48872   7.41972   7.34219   7.20146   6.83485   6.54879
   7.73171   7.51664   7.48752   7.41848   7.34166   7.20064   6.83382   6.54812
   7.72803   7.51362   7.48478   7.41593   7.33928   7.19851   6.83224   6.54627
   7.72316   7.50977   7.48095   7.41215   7.33611   7.19532   6.82952   6.54367
   7.71666   7.50383   7.47497   7.40667   7.33107   7.19044   6.82487   6.53929
   7.70783   7.49550   7.46698   7.39917   7.32361   7.18326   6.81753   6.53271
   7.70051   7.48871   7.46034   7.39287   7.31748   7.17723   6.81243   6.52762
   7.69265   7.48158   7.45428   7.38600   7.31105   7.17100   6.80712   6.52199
   7.68720   7.47658   7.44963   7.38123   7.30657   7.16667   6.80253   6.51815
   7.68524   7.47494   7.44808   7.37992   7.30541   7.16574   6.80193   6.51728
   7.68218   7.47183   7.44513   7.37730   7.30308   7.16331   6.79923   6.51525
   7.68052   7.47040   7.44371   7.37626   7.30314   7.16221   6.79799   6.51452
   7.68165   7.47176   7.44549   7.37809   7.30483   7.16400   6.79913   6.51666
   7.68242   7.47283   7.44661   7.37925   7.30612   7.16520   6.80055   6.51818
   7.68297   7.47384   7.44774   7.38011   7.30840   7.16620   6.80169   6.51932
   7.68477   7.47469   7.44855   7.38075   7.30953   7.16740   6.80251   6.52028
   7.68551   7.47507   7.44938   7.38136   7.31106   7.16811   6.80305   6.52098
   7.68407   7.47359   7.44806   7.37992   7.31019   7.16696   6.80209   6.52022
   7.68618   7.47553   7.45002   7.38191   7.31235   7.16923   6.80391   6.52235
   7.68801   7.47660   7.45198   7.38384   7.31433   7.17113   6.80582   6.52429
   7.68776   7.47624   7.45189   7.38371   7.31401   7.17090   6.80573   6.52418
   7.68802   7.47641   7.45234   7.38416   7.31334   7.17115   6.80592   6.52461
   7.68595   7.47478   7.45066   7.38220   7.31163   7.16929   6.80456   6.52288
   7.68155   7.47066   7.44658   7.37792   7.30745   7.16518   6.80065   6.51935
   7.67776   7.46719   7.44280   7.37405   7.30377   7.16150   6.79689   6.51598
   7.67505   7.46330   7.43904   7.37040   7.30019   7.15787   6.79365   6.51239
   7.67058   7.45863   7.43462   7.36582   7.29482   7.15346   6.78937   6.50856
   7.66906   7.45664   7.43273   7.36382   7.29293   7.15134   6.78727   6.50671
   7.66687   7.45426   7.43034   7.36125   7.29060   7.14890   6.78481   6.50407
   7.66695   7.45294   7.42996   7.36065   7.29064   7.14832   6.78425   6.50306
   7.66717   7.45275   7.42985   7.36048   7.29063   7.14815   6.78418   6.50251
   7.67042   7.45553   7.43277   7.36324   7.29363   7.15066   6.78656   6.50431
   7.67430   7.45902   7.43645   7.36661   7.29698   7.15381   6.78950   6.50659
   7.67652   7.46121   7.43881   7.36833   7.29900   7.15531   6.79102   6.50748
   7.68387   7.46818   7.44567   7.37485   7.30546   7.16129   6.79614   6.51285
   7.69412   7.47787   7.45541   7.38413   7.31438   7.17007   6.80321   6.52009
   7.70370   7.48610   7.46404   7.39251   7.32298   7.17773   6.81056   6.52680
   7.71372   7.49516   7.47286   7.40109   7.33140   7.18569   6.81843   6.53356
   7.72215   7.50249   7.48012   7.40804   7.33832   7.19223   6.82387   6.53913
   7.72974   7.50905   7.48664   7.41422   7.34443   7.19773   6.82858   6.54344
   7.73663   7.51459   7.49222   7.41954   7.34967   7.20258   6.83219   6.54712
   7.74393   7.52074   7.49831   7.42533   7.35563   7.20785   6.83718   6.55116
   7.75273   7.52870   7.50632   7.43276   7.36287   7.21460   6.84292   6.55694
   7.75837   7.53418   7.51146   7.43773   7.36734   7.21906   6.84633   6.56019
   7.76734   7.54241   7.51921   7.44561   7.37489   7.22577   6.85279   6.56635
   7.77625   7.55026   7.52688   7.45349   7.38213   7.23249   6.85874   6.57219
   7.78460   7.55705   7.53409   7.46035   7.38876   7.23863   6.86403   6.57743
   7.79150   7.56314   7.53962   7.46594   7.39425   7.24362   6.86792   6.58143
   7.79794   7.56845   7.54485   7.47128   7.39916   7.24802   6.87205   6.58510
   7.80397   7.57354   7.54978   7.47601   7.40383   7.25229   6.87573   6.58833
   7.80960   7.57859   7.55436   7.48086   7.40713   7.25669   6.87847   6.59176
   7.81538   7.58408   7.55919   7.48604   7.41185   7.26160   6.88171   6.59572
   7.82419   7.59248   7.56740   7.49399   7.41964   7.26910   6.88852   6.60241
   7.83393   7.60208   7.57660   7.50312   7.42853   7.27763   6.89573   6.61063
   7.84232   7.61052   7.58477   7.51135   7.43611   7.28528   6.90228   6.61818
   7.85149   7.61930   7.59356   7.52033   7.44469   7.29341   6.90982   6.62594
   7.86382   7.63102   7.60530   7.53202   7.45612   7.30465   6.92063   6.63635
   7.87588   7.64294   7.61698   7.54362   7.46827   7.31597   6.93099   6.64707
   7.88371   7.65063   7.62514   7.55113   7.47569   7.32349   6.93777   6.65345
   7.89334   7.66022   7.63459   7.56083   7.48552   7.33298   6.94685   6.66053
   7.90720   7.67434   7.64844   7.57469   7.49946   7.34680   6.96012   6.67284
   7.91320   7.68028   7.65449   7.58086   7.50564   7.35276   6.96585   6.67929
   7.91796   7.68556   7.65983   7.58622   7.51110   7.35836   6.97118   6.68503
   7.92330   7.69147   7.66576   7.59240   7.51730   7.36446   6.97714   6.69083
   7.92752   7.69653   7.67079   7.59736   7.52235   7.36950   6.98214   6.69423
   7.92563   7.69547   7.66982   7.59649   7.52154   7.36801   6.98136   6.69399
   7.92677   7.69686   7.67147   7.59820   7.52352   7.37001   6.98596   6.69621
   7.92632   7.69615   7.67140   7.59790   7.52372   7.36996   6.98629   6.69651
   7.92516   7.69518   7.67104   7.59689   7.52327   7.36928   6.98647   6.69638
   7.92126   7.69186   7.66779   7.59369   7.52030   7.36648   6.98394   6.69414
   7.91877   7.68986   7.66594   7.59189   7.51872   7.36485   6.98232   6.69263
   7.91120   7.68282   7.65926   7.58510   7.51213   7.35834   6.97667   6.68662
   7.90043   7.67272   7.64954   7.57503   7.50258   7.34879   6.96815   6.67843
   7.88583   7.65863   7.63579   7.56103   7.48891   7.33553   6.95574   6.66619
   7.86903   7.64246   7.61947   7.54473   7.47293   7.31967   6.94110   6.65159
   7.85398   7.62790   7.60500   7.53003   7.45851   7.30569   6.92806   6.63871
   7.82978   7.60429   7.58124   7.50648   7.43536   7.28283   6.90608   6.61818
   7.80950   7.58420   7.56146   7.48676   7.41575   7.26366   6.88758   6.60070
   7.78804   7.56288   7.54039   7.46579   7.39502   7.24308   6.86803   6.58245
   7.76026   7.53601   7.51346   7.43909   7.36850   7.21686   6.84399   6.55884
   7.74008   7.51622   7.49379   7.41948   7.34922   7.19787   6.82566   6.54189
   7.71446   7.49118   7.46889   7.39474   7.32463   7.17394   6.80247   6.52008
   7.69340   7.47075   7.44818   7.37450   7.30448   7.15421   6.78344   6.50237
   7.66883   7.44738   7.42444   7.35097   7.28101   7.13160   6.76173   6.48209
   7.64990   7.42892   7.40596   7.33293   7.26278   7.11396   6.74569   6.46644
   7.63076   7.41044   7.38708   7.31445   7.24425   7.09616   6.72875   6.45041
   7.61010   7.39018   7.36691   7.29453   7.22447   7.07700   6.71056   6.43327
   7.58999   7.37063   7.34762   7.27538   7.20551   7.05840   6.69338   6.41710
   7.57348   7.35444   7.33126   7.25977   7.18976   7.04304   6.67977   6.40385
   7.55639   7.33826   7.31468   7.24369   7.17396   7.02774   6.66437   6.39057
   7.53577   7.31834   7.29516   7.22469   7.15481   7.00927   6.64632   6.37422
   7.51986   7.30336   7.28108   7.21017   7.14046   6.99541   6.63368   6.36235
   7.50703   7.29153   7.26915   7.19878   7.12907   6.98470   6.62366   6.35312
   7.49753   7.28273   7.26044   7.19037   7.12095   6.97687   6.61617   6.34665
   7.48569   7.27078   7.24955   7.17981   7.11061   6.96689   6.60700   6.33799
   7.47956   7.26540   7.24394   7.17463   7.10563   6.96238   6.60336   6.33412
   7.47621   7.26249   7.24108   7.17216   7.10321   6.96061   6.60181   6.33295
   7.47372   7.26058   7.23909   7.17069   7.10188   6.95957   6.60072   6.33279
   7.47099   7.25851   7.23706   7.16924   7.10042   6.95811   6.60071   6.33159
   7.46830   7.25638   7.23490   7.16685   7.09905   6.95716   6.60029   6.33142
   7.46531   7.25430   7.23304   7.16513   7.09740   6.95585   6.59892   6.33050
   7.45882   7.24875   7.22756   7.16010   7.09247   6.95113   6.59480   6.32662
   7.45192   7.24310   7.22184   7.15466   7.08733   6.94613   6.59072   6.32289
   7.44495   7.23705   7.21596   7.14896   7.08172   6.94099   6.58649   6.31836
   7.43739   7.23033   7.20953   7.14269   7.07561   6.93516   6.58137   6.31346
   7.42913   7.22278   7.20218   7.13549   7.06897   6.92864   6.57576   6.30788
   7.41952   7.21439   7.19420   7.12755   7.06141   6.92131   6.56979   6.30143
   7.41296   7.20838   7.18846   7.12208   7.05583   6.91614   6.56524   6.29698
   7.40805   7.20516   7.18429   7.11791   7.05207   6.91244   6.56200   6.29521
   7.39720   7.19503   7.17446   7.10818   7.04273   6.90311   6.55376   6.28664
   7.38023   7.17917   7.15878   7.09260   7.02733   6.88816   6.53975   6.27335
   7.36767   7.16739   7.14663   7.08102   7.01586   6.87710   6.52963   6.26316
   7.35272   7.15380   7.13267   7.06690   7.00213   6.86355   6.51762   6.25053
   7.34187   7.14362   7.12261   7.05684   6.99248   6.85377   6.50865   6.24168
   7.32498   7.12743   7.10645   7.04072   6.97662   6.83813   6.49426   6.22775
   7.30792   7.11088   7.09009   7.02457   6.96037   6.82241   6.47971   6.21346
   7.29327   7.09606   7.07542   7.00997   6.94594   6.80817   6.46567   6.20038
   7.28380   7.08684   7.06621   7.00066   6.93688   6.79899   6.45707   6.19171
   7.27822   7.08184   7.06070   6.99508   6.93148   6.79345   6.45256   6.18670
   7.26939   7.07329   7.05207   6.98648   6.92266   6.78477   6.44458   6.17843
   7.26263   7.06652   7.04518   6.97946   6.91583   6.77775   6.43760   6.17146
   7.25929   7.06322   7.04246   6.97597   6.91240   6.77417   6.43392   6.16788
   7.25786   7.06199   7.04080   6.97409   6.91027   6.77318   6.43246   6.16571
   7.24868   7.05297   7.03193   6.96510   6.90107   6.76398   6.42376   6.15715
   7.24440   7.04866   7.02760   6.96071   6.89657   6.75944   6.41965   6.15263
   7.24176   7.04582   7.02478   6.95776   6.89351   6.75617   6.41653   6.14960
   7.23627   7.04026   7.01894   6.95223   6.88790   6.75057   6.41102   6.14433
   7.23861   7.04255   7.02101   6.95412   6.88964   6.75233   6.41201   6.14562
   7.23588   7.03980   7.01790   6.95127   6.88643   6.74926   6.40899   6.14221
   7.24200   7.04629   7.02355   6.95706   6.89195   6.75465   6.41382   6.14726
   7.24517   7.04924   7.02643   6.96013   6.89461   6.75737   6.41640   6.14922
   7.26082   7.06450   7.04153   6.97515   6.90918   6.77159   6.43014   6.16222
   7.27568   7.07920   7.05601   6.98940   6.92317   6.78581   6.44295   6.17453
   7.29138   7.09448   7.07120   7.00452   6.93807   6.80039   6.45724   6.18791
   7.30935   7.11199   7.08857   7.02189   6.95500   6.81702   6.47283   6.20329
   7.32876   7.13112   7.10739   7.04049   6.97349   6.83518   6.49019   6.21976
   7.35235   7.15443   7.13040   7.06337   6.99615   6.85745   6.51131   6.23985
   7.37133   7.17290   7.14854   7.08161   7.01425   6.87486   6.52800   6.25628
   7.39394   7.19485   7.17063   7.10318   7.03598   6.89611   6.54819   6.27557
   7.42040   7.22083   7.19638   7.12876   7.06141   6.92094   6.57228   6.29823
   7.45276   7.25266   7.22772   7.16000   7.09238   6.95121   6.60096   6.32576
   7.48372   7.28265   7.25739   7.18955   7.12171   6.98004   6.62846   6.35200
   7.51351   7.31188   7.28658   7.21832   7.15115   7.00832   6.65550   6.37787
   7.53971   7.33770   7.31204   7.24361   7.17623   7.03291   6.67964   6.40034
   7.56885   7.36597   7.34048   7.27156   7.20401   7.06017   6.70591   6.42544
   7.60041   7.39676   7.37111   7.30200   7.23404   7.08988   6.73461   6.45268
   7.63307   7.42888   7.40317   7.33352   7.26536   7.12052   6.76372   6.48048
   7.65724   7.45230   7.42651   7.35661   7.28843   7.14298   6.78521   6.50078
   7.67490   7.46950   7.44350   7.37339   7.30516   7.15947   6.80086   6.51603
   7.69645   7.49054   7.46434   7.39418   7.32546   7.17980   6.82104   6.53441
   7.71433   7.50800   7.48184   7.41145   7.34273   7.19649   6.83793   6.54994
   7.73686   7.52991   7.50364   7.43310   7.36431   7.21776   6.85804   6.56906
   7.75829   7.55077   7.52443   7.45374   7.38577   7.23789   6.87741   6.58733
   7.80401   7.59529   7.56877   7.49757   7.42944   7.28097   6.91860   6.62624
   7.82674   7.61737   7.59074   7.51891   7.44937   7.30189   6.93843   6.64512
   7.84475   7.63463   7.60801   7.53582   7.46641   7.31836   6.95466   6.65999
   7.86005   7.64969   7.62269   7.55027   7.48067   7.33234   6.96846   6.67313
   7.87874   7.66777   7.64098   7.56805   7.49833   7.34959   6.98491   6.68875
   7.89090   7.67947   7.65273   7.57933   7.50990   7.36069   6.99594   6.69851
   7.90362   7.69182   7.66480   7.59132   7.52194   7.37237   7.00698   6.70924
   7.91241   7.70034   7.67293   7.59944   7.52995   7.38025   7.01458   6.71651
   7.92364   7.71113   7.68384   7.61032   7.54055   7.39063   7.02507   6.72604
   7.93351   7.72050   7.69326   7.61955   7.55082   7.39967   7.03483   6.73427
   7.94051   7.72731   7.70033   7.62632   7.55718   7.40507   7.04101   6.74061
   7.95217   7.73873   7.71172   7.63753   7.56799   7.41607   7.05158   6.75082
   7.95938   7.74564   7.71860   7.64428   7.57484   7.42274   7.05829   6.75709
   7.96979   7.75582   7.72855   7.65429   7.58506   7.43266   7.06803   6.76590
   7.97970   7.76564   7.73810   7.66377   7.59443   7.44220   7.07719   6.77495
   7.99182   7.77771   7.74991   7.67572   7.60584   7.45391   7.08801   6.78556
   8.00638   7.79206   7.76440   7.68999   7.62037   7.46769   7.10195   6.79854
   8.01972   7.80500   7.77727   7.70294   7.63333   7.48045   7.11460   6.80986
   8.03337   7.81855   7.79062   7.71612   7.64654   7.49367   7.12715   6.82166
   8.05151   7.83648   7.80844   7.73390   7.66438   7.51090   7.14368   6.83752
   8.06931   7.85391   7.82577   7.75099   7.68304   7.52755   7.16059   6.85270
   8.08641   7.87054   7.84231   7.76749   7.69935   7.54362   7.17756   6.86729
   8.10453   7.88856   7.86005   7.78519   7.71680   7.56080   7.19421   6.88279
   8.11799   7.90166   7.87317   7.79835   7.72966   7.57360   7.20578   6.89398
   8.13720   7.92083   7.89234   7.81718   7.74857   7.59036   7.22321   6.91060
   8.15491   7.93831   7.90951   7.83433   7.76581   7.60720   7.23909   6.92595
   8.16640   7.94972   7.92047   7.84557   7.77659   7.61803   7.24967   6.93545
   8.18166   7.96484   7.93530   7.86051   7.79165   7.63235   7.26396   6.94828
   8.19625   7.97918   7.94945   7.87441   7.80541   7.64599   7.27734   6.96036
   8.21060   7.99337   7.96376   7.88812   7.81936   7.65939   7.29098   6.97209
   8.21876   8.00110   7.97171   7.89575   7.82693   7.66700   7.29832   6.97828
   8.23164   8.01337   7.98431   7.90775   7.83897   7.67782   7.30957   6.98869
   8.24127   8.02250   7.99327   7.91660   7.84771   7.68605   7.31818   6.99557
   8.24555   8.02639   7.99698   7.92039   7.85122   7.68953   7.32154   6.99839
   8.24994   8.03026   8.00041   7.92411   7.85455   7.69211   7.32513   7.00131
   8.25812   8.03730   8.00729   7.93063   7.86123   7.69833   7.33133   7.00654
   8.26416   8.04289   8.01253   7.93571   7.86637   7.70315   7.33583   7.01020
   8.27331   8.05156   8.02079   7.94377   7.87254   7.71091   7.34338   7.01676
   8.28149   8.05917   8.02825   7.95111   7.87955   7.71788   7.35032   7.02242
   8.29443   8.07126   8.04038   7.96283   7.89121   7.72876   7.36145   7.03173
   8.30611   8.08208   8.05084   7.97325   7.90137   7.73858   7.37078   7.04018
   8.32087   8.09598   8.06448   7.98660   7.91446   7.75129   7.38324   7.05145
   8.33737   8.11135   8.07991   8.00164   7.92920   7.76561   7.39692   7.06383
   8.34949   8.12285   8.09151   8.01274   7.94007   7.77614   7.40684   7.07222
   8.36493   8.13755   8.10561   8.02694   7.95393   7.78941   7.41965   7.08365
   8.37865   8.14874   8.11665   8.03750   7.96422   7.79936   7.42947   7.09182
   8.39222   8.16125   8.12906   8.04959   7.97589   7.81086   7.44062   7.10135
   8.40268   8.17115   8.13847   8.05874   7.98515   7.81953   7.44884   7.10855
   8.41606   8.18360   8.15063   8.07085   7.99667   7.83089   7.45884   7.11856
   8.42782   8.19477   8.16160   8.08134   8.00681   7.84091   7.46760   7.12689
   8.43489   8.20136   8.16800   8.08720   8.01266   7.84651   7.47267   7.13139
   8.44823   8.21374   8.18002   8.09911   8.02433   7.85760   7.48392   7.14093
   8.45952   8.22416   8.19036   8.10930   8.03395   7.86696   7.49328   7.14923
   8.46717   8.23106   8.19691   8.11613   8.04009   7.87310   7.49853   7.15400
   8.47612   8.23929   8.20482   8.12479   8.04780   7.88066   7.50588   7.16013
   8.48116   8.24356   8.20875   8.12873   8.05153   7.88423   7.50924   7.16255
   8.48781   8.24981   8.21486   8.13428   8.05699   7.88953   7.51488   7.16691
   8.49624   8.25785   8.22251   8.14186   8.06437   7.89679   7.52149   7.17317
   8.49811   8.26048   8.22521   8.14452   8.06679   7.89896   7.52349   7.17437
   8.50721   8.26883   8.23323   8.15278   8.07458   7.90641   7.53069   7.18080
   8.51024   8.27169   8.23584   8.15515   8.07647   7.90854   7.53283   7.18216
   8.51435   8.27526   8.23925   8.15850   8.07931   7.91158   7.53536   7.18406
   8.52044   8.28069   8.24454   8.16355   8.08419   7.91607   7.53976   7.18764
   8.53003   8.28910   8.25282   8.17156   8.09207   7.92356   7.54746   7.19402
   8.54279   8.30102   8.26446   8.18293   8.10309   7.93418   7.55814   7.20291
   8.54584   8.30315   8.26642   8.18491   8.10497   7.93605   7.55946   7.20389
   8.55373   8.31047   8.27317   8.19144   8.11146   7.94239   7.56639   7.20896
   8.55824   8.31472   8.27686   8.19541   8.11499   7.94554   7.56971   7.21152
   8.56218   8.31862   8.28063   8.19884   8.11800   7.94869   7.57239   7.21388
   8.56656   8.32249   8.28474   8.20236   8.12130   7.95199   7.57609   7.21658
   8.57081   8.32624   8.28828   8.20558   8.12461   7.95502   7.57958   7.21885
   8.57341   8.32827   8.29126   8.20735   8.12623   7.95638   7.58107   7.21967
   8.57826   8.33276   8.29531   8.21147   8.12985   7.96014   7.58434   7.22243
   8.58426   8.33852   8.30037   8.21693   8.13487   7.96510   7.58932   7.22641
   8.58673   8.34059   8.30199   8.21862   8.13644   7.96655   7.59074   7.22712
   8.59447   8.34777   8.30912   8.22527   8.14300   7.97293   7.59772   7.23292
   8.59956   8.35233   8.31363   8.23024   8.14715   7.97707   7.60157   7.23682
   8.60749   8.35981   8.32104   8.23743   8.15436   7.98370   7.60870   7.24274
   8.61051   8.36234   8.32343   8.23975   8.15657   7.98418   7.61199   7.24430
   8.61372   8.36568   8.32663   8.24384   8.15938   7.98703   7.61398   7.24669
   8.61454   8.36642   8.32734   8.24471   8.16008   7.98776   7.61385   7.24704
   8.61483   8.36692   8.32753   8.24492   8.16034   7.98817   7.61505   7.24647
   8.61350   8.36554   8.32609   8.24327   8.15876   7.98653   7.61393   7.24499
   8.60740   8.35939   8.32007   8.23700   8.15245   7.98040   7.60861   7.23867
   8.60468   8.35626   8.31709   8.23425   8.14946   7.97752   7.60674   7.23592
   8.60241   8.35408   8.31485   8.23185   8.14716   7.97508   7.60525   7.23330
   8.60367   8.35542   8.31580   8.23322   8.14808   7.97610   7.60624   7.23392
   8.59885   8.35099   8.31105   8.22852   8.14320   7.97166   7.60230   7.22920
   8.59710   8.34963   8.30932   8.22692   8.14142   7.96996   7.60057   7.22791
   8.59261   8.34535   8.30483   8.22241   8.13672   7.96545   7.59656   7.22343
   8.58727   8.33994   8.29969   8.21685   8.13136   7.96000   7.59187   7.21852
   8.58491   8.33760   8.29782   8.21460   8.12900   7.95787   7.58991   7.21615
   8.57793   8.33112   8.29093   8.20832   8.12247   7.95169   7.58413   7.21053
   8.57131   8.32483   8.28429   8.20214   8.11617   7.94574   7.57878   7.20508
   8.56440   8.31805   8.27753   8.19534   8.10945   7.93958   7.57314   7.19937
   8.56047   8.31315   8.27294   8.19064   8.10490   7.93522   7.56914   7.19590
   8.54880   8.30176   8.26162   8.17925   8.09387   7.92429   7.55926   7.18620
   8.53667   8.28987   8.24986   8.16741   8.08243   7.91320   7.54946   7.17617
   8.52697   8.28077   8.24061   8.15843   8.07340   7.90484   7.54167   7.16859
   8.51189   8.26639   8.22598   8.14454   8.05929   7.89128   7.52859   7.15668
   8.49780   8.25304   8.21289   8.13134   8.04643   7.87865   7.51684   7.14577
   8.48172   8.23723   8.19730   8.11612   8.03109   7.86400   7.50374   7.13317
   8.46938   8.22559   8.18587   8.10475   8.01982   7.85255   7.49466   7.12398
   8.45813   8.21458   8.17500   8.09420   8.00958   7.84270   7.48506   7.11564
   8.44616   8.20315   8.16365   8.08302   7.99873   7.83210   7.47601   7.10683
   8.42942   8.18698   8.14715   8.06757   7.98308   7.81700   7.46352   7.09368
   8.41686   8.17554   8.13588   8.05643   7.97200   7.80692   7.45424   7.08496
   8.40020   8.15994   8.12031   8.04125   7.95700   7.79242   7.44050   7.07239
   8.38933   8.15037   8.11024   8.03128   7.94724   7.78304   7.43268   7.06397
   8.37510   8.13708   8.09728   8.01821   7.93430   7.77074   7.42155   7.05292
   8.36823   8.13076   8.09135   8.01209   7.92832   7.76503   7.41658   7.04830
   8.35877   8.12051   8.08079   8.00220   7.91845   7.75544   7.40824   7.04034
   8.35182   8.11413   8.07402   7.99611   7.91224   7.74944   7.40393   7.03531
   8.34767   8.11067   8.07046   7.99280   7.90884   7.74652   7.40142   7.03280
   8.34527   8.10883   8.06846   7.99071   7.90687   7.74475   7.40034   7.03141
   8.34167   8.10544   8.06506   7.98730   7.90368   7.74143   7.39734   7.02843
   8.33868   8.10259   8.06230   7.98424   7.90092   7.73858   7.39555   7.02636
   8.33964   8.10371   8.06364   7.98552   7.90176   7.73967   7.39788   7.02735
   8.33625   8.10081   8.06056   7.98253   7.89891   7.73690   7.39542   7.02501
   8.34084   8.10558   8.06516   7.98713   7.90366   7.74154   7.40040   7.02911
   8.34293   8.10775   8.06714   7.98930   7.90557   7.74530   7.40365   7.03105
   8.34480   8.11027   8.06961   7.99167   7.90766   7.74792   7.40653   7.03311
   8.34823   8.11366   8.07281   7.99499   7.91113   7.75154   7.41025   7.03670
   8.35374   8.11906   8.07832   8.00038   7.91617   7.75683   7.41576   7.04142
   8.35902   8.12448   8.08346   8.00570   7.92221   7.76240   7.42174   7.04618
   8.36543   8.13096   8.08989   8.01217   7.92843   7.76895   7.42848   7.05189
   8.37373   8.13923   8.09783   8.02064   7.93664   7.77716   7.43651   7.05970
   8.38214   8.14785   8.10638   8.02926   7.94528   7.78638   7.44467   7.06736
   8.38980   8.15547   8.11422   8.03727   7.95300   7.79421   7.45223   7.07476
   8.40262   8.16945   8.12685   8.04997   7.96536   7.80678   7.46474   7.08643
   8.41274   8.17935   8.13653   8.05990   7.97536   7.81627   7.47379   7.09555
   8.42356   8.19022   8.14731   8.07056   7.98615   7.82696   7.48472   7.10519
   8.43202   8.19881   8.15584   8.07929   7.99458   7.83570   7.49459   7.11325
   8.43737   8.20459   8.16151   8.08496   7.99995   7.84158   7.50029   7.11855
   8.44421   8.21160   8.16839   8.09186   8.00629   7.84841   7.50686   7.12472
   8.45432   8.22185   8.17874   8.10204   8.01634   7.85848   7.51749   7.13337
   8.46197   8.22964   8.18669   8.11001   8.02394   7.86640   7.52590   7.14042
   8.47062   8.23853   8.19539   8.11940   8.03262   7.87533   7.53442   7.14857
   8.47544   8.24383   8.20077   8.12476   8.03791   7.88062   7.54013   7.15301
   8.48303   8.25136   8.20839   8.13262   8.04531   7.88811   7.54789   7.15984
   8.48527   8.25398   8.21090   8.13537   8.04763   7.89080   7.55088   7.16188
   8.49327   8.26194   8.21845   8.14329   8.05538   7.89845   7.55841   7.16867
   8.49990   8.26866   8.22499   8.14992   8.06204   7.90459   7.56516   7.17417
   8.50727   8.27607   8.23211   8.15704   8.07062   7.91153   7.57245   7.18025
   8.51097   8.27963   8.23576   8.16043   8.07401   7.91509   7.57598   7.18273
   8.51354   8.28201   8.23788   8.16260   8.07614   7.91713   7.57775   7.18449
   8.51542   8.28408   8.23992   8.16450   8.07801   7.91883   7.57989   7.18580
   8.51520   8.28361   8.23959   8.16445   8.07739   7.91836   7.58011   7.18492
   8.51886   8.28690   8.24288   8.16763   8.08017   7.92102   7.58343   7.18716
   8.51644   8.28432   8.23996   8.16476   8.07738   7.91787   7.58102   7.18417
   8.51477   8.28252   8.23804   8.16256   8.07505   7.91563   7.57920   7.18140
   8.51538   8.28288   8.23831   8.16267   8.07475   7.91550   7.57973   7.18097
   8.51651   8.28391   8.23897   8.16296   8.07499   7.91566   7.58056   7.18109
   8.51334   8.28034   8.23531   8.15919   8.07042   7.91144   7.57716   7.17689
   8.50969   8.27645   8.23129   8.15488   8.06560   7.90680   7.57245   7.17200
   8.50632   8.27262   8.22745   8.15082   8.06118   7.90251   7.56899   7.16792
   8.50370   8.26956   8.22392   8.14712   8.05747   7.89857   7.56532   7.16436
   8.49964   8.26496   8.21903   8.14234   8.05246   7.89162   7.56055   7.15940
   8.49311   8.25780   8.21194   8.13519   8.04493   7.88436   7.55402   7.15262
   8.48498   8.24940   8.20317   8.12639   8.03612   7.87536   7.54587   7.14385
   8.47745   8.24138   8.19511   8.11801   8.02777   7.86676   7.53780   7.13578
   8.47040   8.23388   8.18742   8.11022   8.01984   7.85876   7.53043   7.12802
   8.46148   8.22451   8.17791   8.10075   8.01014   7.84922   7.52107   7.11906
   8.45397   8.21636   8.16972   8.09237   8.00158   7.84083   7.51410   7.11107
   8.44465   8.20647   8.15969   8.08235   7.99154   7.83097   7.50509   7.10225
   8.43567   8.19713   8.15051   8.07304   7.98231   7.82170   7.49613   7.09377
   8.42602   8.18715   8.14031   8.06328   7.97217   7.81185   7.48668   7.08460
   8.41460   8.17557   8.12847   8.05156   7.96038   7.80087   7.47559   7.07434
   8.40748   8.16800   8.12049   8.04378   7.95277   7.79325   7.46809   7.06753
   8.39320   8.15414   8.10651   8.02957   7.93855   7.77957   7.45493   7.05481
   8.38026   8.14141   8.09407   8.01703   7.92574   7.76724   7.44390   7.04386
   8.36849   8.12988   8.08251   8.00527   7.91423   7.75609   7.43400   7.03405
   8.34286   8.10474   8.05744   7.98053   7.88968   7.73194   7.41071   7.01250
   8.33052   8.09306   8.04578   7.96893   7.87810   7.72095   7.40004   7.00266
   8.30907   8.07183   8.02475   7.94818   7.85757   7.70103   7.38147   6.98501
   8.28768   8.05082   8.00385   7.92746   7.83734   7.68221   7.36274   6.96741
   8.26991   8.03358   7.98710   7.91049   7.82103   7.66621   7.34840   6.95336
   8.25097   8.01563   7.96928   7.89293   7.80328   7.64924   7.33306   6.93861
   8.22426   7.99008   7.94350   7.86787   7.77832   7.62518   7.31048   6.91717
   8.20337   7.96951   7.92344   7.84816   7.75921   7.60634   7.29313   6.90028
   8.18113   7.94820   7.90238   7.82762   7.73870   7.58666   7.27500   6.88255
   8.16057   7.92880   7.88287   7.80866   7.71984   7.56848   7.25753   6.86678
   8.13251   7.90234   7.85653   7.78269   7.69412   7.54371   7.23418   6.84474
   8.11329   7.88408   7.83841   7.76499   7.67677   7.52692   7.21824   6.83022
   8.09183   7.86399   7.81849   7.74540   7.65772   7.50855   7.20017   6.81384
   8.07083   7.84406   7.79868   7.72618   7.63857   7.49027   7.18244   6.79709
   8.05226   7.82643   7.78132   7.70923   7.62185   7.47408   7.16808   6.78314
   8.03373   7.80889   7.76389   7.69298   7.60523   7.45787   7.15375   6.76883
   8.01559   7.79201   7.74720   7.67734   7.58917   7.44222   7.14023   6.75483
   8.00027   7.77921   7.73293   7.66364   7.57559   7.42890   7.12869   6.74358
   7.98157   7.76184   7.71550   7.64634   7.55878   7.41253   7.11346   6.72916
   7.96587   7.74750   7.70102   7.63249   7.54503   7.39918   7.10055   6.71739
   7.94927   7.73194   7.68569   7.61737   7.53000   7.38480   7.08781   6.70473
   7.93354   7.71694   7.67054   7.60290   7.51560   7.37073   7.07523   6.69231
   7.92015   7.70447   7.65807   7.59056   7.50334   7.35909   7.06485   6.68206
   7.90436   7.68962   7.64365   7.57593   7.48921   7.34524   7.05260   6.66979
   7.88603   7.67237   7.62614   7.55904   7.47253   7.32900   7.03772   6.65526
   7.86969   7.65699   7.61052   7.54439   7.45753   7.31463   7.02505   6.64241
   7.85609   7.64404   7.59787   7.53017   7.44521   7.30254   7.01439   6.63223
   7.83976   7.62856   7.58272   7.51517   7.43039   7.28807   7.00143   6.61951
   7.82739   7.61691   7.57106   7.50374   7.41903   7.27717   6.99186   6.60973
   7.81659   7.60665   7.56081   7.49302   7.40910   7.26767   6.98360   6.60115
   7.80539   7.59624   7.55029   7.48282   7.39900   7.25765   6.97457   6.59272
   7.79371   7.58526   7.53940   7.47215   7.38839   7.24738   6.96474   6.58365
   7.77915   7.57145   7.52540   7.45851   7.37484   7.23447   6.95275   6.57210
   7.76844   7.56133   7.51534   7.44841   7.36504   7.22500   6.94423   6.56372
   7.76023   7.55360   7.50683   7.44086   7.35770   7.21792   6.93765   6.55765
   7.74872   7.54270   7.49572   7.43054   7.34716   7.20777   6.92857   6.54865
   7.73784   7.53235   7.48529   7.42066   7.33724   7.19811   6.91948   6.54009
   7.72487   7.52026   7.47358   7.40886   7.32573   7.18674   6.90906   6.53010
   7.71674   7.51269   7.46588   7.40140   7.31835   7.17984   6.90292   6.52334
   7.70842   7.50487   7.45829   7.39373   7.31087   7.17250   6.89646   6.51668
   7.69764   7.49447   7.44794   7.38454   7.30081   7.16259   6.88754   6.50762
   7.68719   7.48464   7.43852   7.37492   7.29135   7.15334   6.87867   6.49924
   7.67632   7.47432   7.42828   7.36471   7.28129   7.14364   6.86939   6.49047
   7.66942   7.46808   7.42206   7.35851   7.27515   7.13770   6.86300   6.48538
   7.66071   7.45996   7.41377   7.35043   7.26699   7.12994   6.85559   6.47820
   7.65421   7.45409   7.40832   7.34462   7.26109   7.12433   6.85117   6.47291
   7.64547   7.44571   7.40012   7.33658   7.25291   7.11639   6.84403   6.46558
   7.63706   7.43782   7.39248   7.32881   7.24510   7.10867   6.83712   6.45846
   7.63577   7.43643   7.39118   7.32751   7.24378   7.10745   6.83620   6.45706
   7.62902   7.43011   7.38491   7.32121   7.23750   7.10145   6.83041   6.45143
   7.62835   7.42972   7.38449   7.32086   7.23709   7.10096   6.82998   6.45101
   7.63083   7.43262   7.38706   7.32356   7.23953   7.10343   6.83219   6.45337
   7.63362   7.43546   7.38982   7.32618   7.24204   7.10601   6.83469   6.45569
   7.63744   7.43913   7.39351   7.32990   7.24567   7.10954   6.83840   6.45883
   7.64520   7.44695   7.40109   7.33746   7.25303   7.11666   6.84545   6.46550
   7.65436   7.45607   7.40898   7.34640   7.26159   7.12512   6.85400   6.47328
   7.66384   7.46451   7.41722   7.35451   7.26966   7.13300   6.86127   6.48049
   7.67618   7.47667   7.42901   7.36658   7.28155   7.14449   6.87324   6.49082
   7.68456   7.48471   7.43696   7.37435   7.28888   7.15212   6.88054   6.49780
   7.69879   7.49849   7.45056   7.38779   7.30200   7.16505   6.89365   6.50955
   7.71001   7.50869   7.46081   7.39776   7.31184   7.17464   6.90381   6.51850
   7.72486   7.52311   7.47500   7.41186   7.32569   7.18825   6.91716   6.53077
   7.74033   7.53819   7.48996   7.42635   7.34003   7.20213   6.93086   6.54372
   7.75749   7.55483   7.50634   7.44240   7.35608   7.21767   6.94623   6.55807
   7.77074   7.56777   7.51924   7.45499   7.36843   7.22969   6.95810   6.56914
   7.78976   7.58624   7.53741   7.47278   7.38595   7.24674   6.97483   6.58483
   7.80916   7.60477   7.55574   7.49069   7.40368   7.26394   6.99177   6.60041
   7.82927   7.62398   7.57624   7.50927   7.42205   7.28186   7.00959   6.61652
   7.84514   7.63906   7.59124   7.52394   7.43590   7.29597   7.02331   6.62905
   7.86088   7.65393   7.60590   7.53845   7.45007   7.30977   7.03675   6.64149
   7.87585   7.66794   7.61967   7.55188   7.46335   7.32273   7.04930   6.65322
   7.89398   7.68509   7.63677   7.56852   7.47972   7.33873   7.06500   6.66787
   7.91341   7.70358   7.65507   7.58663   7.49744   7.35608   7.08173   6.68358
   7.92932   7.71842   7.66978   7.60108   7.51173   7.36981   7.09525   6.69590
   7.94301   7.73124   7.68249   7.61350   7.52379   7.38142   7.10686   6.70629
   7.96023   7.74735   7.69851   7.62908   7.53918   7.39627   7.12166   6.71979
   7.97346   7.75976   7.71058   7.64100   7.55070   7.40756   7.13260   6.72984
   7.98796   7.77318   7.72405   7.65413   7.56349   7.42003   7.14489   6.74103
   8.00273   7.78695   7.73753   7.66737   7.57617   7.43264   7.15704   6.75238
   8.01736   7.80066   7.75114   7.68061   7.58918   7.44539   7.16924   6.76408
   8.02443   7.80696   7.75729   7.68675   7.59491   7.45097   7.17442   6.76905
   8.03222   7.81375   7.76404   7.69331   7.60117   7.45712   7.18034   6.77473
   8.03968   7.82042   7.77031   7.69943   7.60725   7.46307   7.18606   6.78005
   8.04391   7.82423   7.77391   7.70270   7.61061   7.46636   7.18898   6.78295
   8.04862   7.82827   7.77758   7.70627   7.61382   7.46884   7.19298   6.78621
   8.05171   7.83098   7.78033   7.70862   7.61597   7.47077   7.19519   6.78831
   8.05648   7.83522   7.78425   7.71271   7.61993   7.47455   7.19934   6.79166
   8.06247   7.84071   7.78980   7.71802   7.62496   7.47970   7.20414   6.79664
   8.06637   7.84432   7.79304   7.72146   7.62812   7.48361   7.20740   6.79954
   8.07104   7.84871   7.79723   7.72545   7.63175   7.48761   7.21129   6.80359
   8.08065   7.85782   7.80621   7.73438   7.64034   7.49627   7.21951   6.81215
   8.08796   7.86490   7.81325   7.74146   7.64703   7.50313   7.22612   6.81841
   8.09545   7.87188   7.82016   7.74832   7.65379   7.50983   7.23289   6.82490
   8.10520   7.88107   7.82936   7.75746   7.66273   7.51875   7.24192   6.83325
   8.11474   7.88992   7.83821   7.76619   7.67113   7.52729   7.25025   6.84125
   8.12225   7.89742   7.84557   7.77354   7.67873   7.53444   7.25669   6.84797
   8.13337   7.90832   7.85641   7.78448   7.68912   7.54497   7.26756   6.85763
   8.14095   7.91577   7.86378   7.79196   7.69633   7.55216   7.27526   6.86388
   8.15020   7.92478   7.87294   7.80162   7.70519   7.56151   7.28288   6.87169
   8.15725   7.93190   7.87972   7.80873   7.71126   7.56833   7.28944   6.87772
   8.16748   7.94216   7.88983   7.81877   7.72098   7.57795   7.29975   6.88657
   8.17500   7.94981   7.89733   7.82633   7.72828   7.58522   7.30682   6.89279
   8.18195   7.95698   7.90433   7.83337   7.73507   7.59187   7.31378   6.89846
   8.18791   7.96301   7.91022   7.83936   7.74081   7.59757   7.31966   6.90302
   8.19372   7.96906   7.91626   7.84509   7.74591   7.60337   7.32493   6.90752
   8.20037   7.97594   7.92276   7.85181   7.75260   7.60971   7.33088   6.91296
   8.20662   7.98252   7.92935   7.85849   7.75993   7.61596   7.33658   6.91839
   8.21373   7.98973   7.93649   7.86574   7.76671   7.62270   7.34293   6.92409
   8.22291   7.99922   7.94585   7.87548   7.77579   7.63168   7.35141   6.93194
   8.23034   8.00667   7.95353   7.88303   7.78323   7.63913   7.35841   6.93837
   8.23886   8.01556   7.96237   7.89198   7.79209   7.64764   7.36626   6.94565
   8.24563   8.02285   7.96933   7.89923   7.79894   7.65438   7.37279   6.95177
   8.25456   8.03229   7.97869   7.90850   7.80785   7.66334   7.38144   6.95978
   8.26508   8.04288   7.98919   7.91889   7.81829   7.67356   7.39117   6.96888
   8.27338   8.05172   7.99786   7.92780   7.82685   7.68215   7.39917   6.97621
   8.27934   8.05828   8.00421   7.93440   7.83307   7.68847   7.40549   6.98178
   8.28841   8.06769   8.01361   7.94392   7.84294   7.69765   7.41449   6.98973
   8.29276   8.07255   8.01844   7.94886   7.84776   7.70249   7.41918   6.99411
   8.29782   8.07839   8.02413   7.95502   7.85335   7.70825   7.42428   6.99939
   8.30133   8.08294   8.02865   7.95952   7.85755   7.71260   7.42832   7.00365
   8.30603   8.08829   8.03394   7.96491   7.86170   7.71796   7.43398   7.00851
   8.30411   8.08730   8.03352   7.96421   7.86107   7.71720   7.43326   7.00788
   8.30504   8.08899   8.03524   7.96623   7.86289   7.71911   7.43501   7.00998
   8.30436   8.08909   8.03551   7.96648   7.86332   7.71957   7.43572   7.01082
   8.30342   8.08895   8.03541   7.96652   7.86347   7.71997   7.43611   7.01143
   8.30241   8.08876   8.03564   7.96667   7.86381   7.72030   7.43586   7.01211
   8.30103   8.08839   8.03531   7.96651   7.86390   7.72133   7.43626   7.01193
   8.29612   8.08456   8.03176   7.96270   7.86028   7.71804   7.43433   7.00920
   8.29341   8.08263   8.02985   7.96091   7.85877   7.71665   7.43275   7.00853
   8.28830   8.07835   8.02596   7.95737   7.85515   7.71310   7.42934   7.00537
   8.28240   8.07350   8.02110   7.95274   7.85062   7.70883   7.42627   7.00183
   8.28015   8.07223   8.01958   7.95155   7.84977   7.70812   7.42636   7.00148
   8.23985   8.03362   7.98108   7.91343   7.81260   7.67145   7.39147   6.96890
   8.20942   8.00463   7.95239   7.88504   7.78483   7.64438   7.36568   6.94429
   8.20857   8.00449   7.95210   7.88486   7.78498   7.64453   7.36663   6.94505
   8.20662   8.00310   7.95098   7.88365   7.78411   7.64372   7.36660   6.94466
   8.20446   8.00253   7.94930   7.88216   7.78292   7.64355   7.36549   6.94383
   8.20256   8.00114   7.94799   7.88108   7.78194   7.64272   7.36522   6.94363
   8.19949   7.99830   7.94547   7.87823   7.77960   7.64047   7.36398   6.94228
   8.19689   7.99602   7.94332   7.87547   7.77765   7.63884   7.36300   6.94099
   8.19273   7.99230   7.93973   7.87194   7.77463   7.63591   7.36059   6.93865
   8.18956   7.98946   7.93699   7.86961   7.77235   7.63381   7.35884   6.93712
   8.18628   7.98624   7.93400   7.86660   7.76955   7.63112   7.35701   6.93492
