* No normalization to the 1-st column, all data divided by -63.
  1.02322     0.99431     0.98997     0.98021     0.96907     0.95095     0.90659     0.86310
  1.02304     0.99417     0.98986     0.98009     0.96891     0.95066     0.90645     0.86293
  1.02287     0.99405     0.98970     0.97993     0.96878     0.95051     0.90615     0.86274
  1.02270     0.99392     0.98955     0.97982     0.96868     0.95035     0.90591     0.86257
  1.02250     0.99375     0.98941     0.97968     0.96852     0.95021     0.90577     0.86250
  1.02232     0.99360     0.98929     0.97955     0.96839     0.95006     0.90556     0.86240
  1.02214     0.99346     0.98916     0.97942     0.96827     0.94996     0.90449     0.86228
  1.02195     0.99332     0.98904     0.97932     0.96817     0.94986     0.90436     0.86222
  1.02177     0.99314     0.98888     0.97921     0.96807     0.94977     0.90426     0.86220
  1.02158     0.99300     0.98876     0.97909     0.96796     0.94968     0.90405     0.86214
  1.02141     0.99284     0.98866     0.97897     0.96787     0.94960     0.90392     0.86210
  1.02123     0.99271     0.98853     0.97883     0.96781     0.94953     0.90380     0.86212
  1.02105     0.99258     0.98839     0.97872     0.96774     0.94949     0.90360     0.86211
  1.02089     0.99246     0.98830     0.97862     0.96769     0.94945     0.90356     0.86217
  1.02073     0.99232     0.98819     0.97857     0.96767     0.94942     0.90357     0.86230
  1.02050     0.99222     0.98807     0.97850     0.96762     0.94941     0.90352     0.86235
  1.02033     0.99210     0.98800     0.97844     0.96760     0.94942     0.90383     0.86240
  1.02017     0.99201     0.98792     0.97841     0.96755     0.94940     0.90383     0.86244
  1.01999     0.99189     0.98784     0.97834     0.96754     0.94939     0.90378     0.86250
  1.01984     0.99182     0.98778     0.97829     0.96751     0.94942     0.90373     0.86255
  1.01972     0.99174     0.98774     0.97825     0.96750     0.94942     0.90375     0.86261
  1.01963     0.99165     0.98764     0.97819     0.96753     0.94942     0.90375     0.86267
  1.01950     0.99155     0.98752     0.97814     0.96755     0.94943     0.90379     0.86274
  1.01947     0.99148     0.98742     0.97825     0.96752     0.94944     0.90372     0.86276
  1.01934     0.99140     0.98737     0.97821     0.96750     0.94941     0.90365     0.86280
  1.01927     0.99134     0.98732     0.97816     0.96747     0.94940     0.90364     0.86281
  1.01917     0.99128     0.98729     0.97813     0.96746     0.94938     0.90375     0.86279
  1.01909     0.99119     0.98708     0.97807     0.96744     0.94937     0.90373     0.86274
  1.01900     0.99110     0.98702     0.97818     0.96740     0.94934     0.90369     0.86266
  1.01889     0.99098     0.98694     0.97811     0.96736     0.94927     0.90363     0.86263
  1.01878     0.99091     0.98686     0.97805     0.96731     0.94921     0.90359     0.86260
  1.01867     0.99079     0.98678     0.97795     0.96727     0.94913     0.90345     0.86253
  1.01859     0.99071     0.98670     0.97787     0.96718     0.94904     0.90333     0.86248
  1.01849     0.99062     0.98664     0.97781     0.96712     0.94895     0.90309     0.86235
  1.01837     0.99053     0.98658     0.97765     0.96703     0.94883     0.90301     0.86224
  1.01826     0.99043     0.98650     0.97754     0.96693     0.94871     0.90294     0.86210
  1.01817     0.99033     0.98642     0.97744     0.96680     0.94857     0.90273     0.86199
  1.01808     0.99020     0.98633     0.97732     0.96670     0.94843     0.90249     0.86186
  1.01798     0.99008     0.98624     0.97718     0.96655     0.94828     0.90228     0.86171
  1.01786     0.98996     0.98614     0.97707     0.96642     0.94813     0.90213     0.86158
  1.01778     0.98986     0.98607     0.97692     0.96632     0.94797     0.90200     0.86147
  1.01770     0.98973     0.98592     0.97678     0.96622     0.94781     0.90179     0.86138
  1.01760     0.98958     0.98576     0.97665     0.96605     0.94765     0.90154     0.86125
  1.01753     0.98942     0.98547     0.97649     0.96589     0.94748     0.90135     0.86110
  1.01740     0.98934     0.98530     0.97624     0.96574     0.94732     0.90113     0.86096
  1.01726     0.98922     0.98519     0.97608     0.96554     0.94715     0.90088     0.86081
  1.01718     0.98914     0.98509     0.97592     0.96539     0.94701     0.90069     0.86064
  1.01710     0.98899     0.98494     0.97580     0.96526     0.94686     0.90049     0.86049
  1.01704     0.98883     0.98479     0.97565     0.96512     0.94670     0.90029     0.86033
  1.01691     0.98867     0.98465     0.97550     0.96498     0.94650     0.90004     0.86022
  1.01680     0.98849     0.98451     0.97533     0.96480     0.94632     0.89982     0.86004
  1.01670     0.98845     0.98439     0.97517     0.96464     0.94613     0.89954     0.85990
  1.01660     0.98830     0.98424     0.97502     0.96448     0.94597     0.89930     0.85975
  1.01651     0.98818     0.98411     0.97489     0.96436     0.94581     0.89912     0.85958
  1.01644     0.98806     0.98400     0.97475     0.96423     0.94570     0.89893     0.85937
  1.01633     0.98792     0.98388     0.97461     0.96406     0.94555     0.89868     0.85921
  1.01620     0.98775     0.98371     0.97444     0.96392     0.94538     0.89850     0.85903
  1.01612     0.98761     0.98358     0.97425     0.96376     0.94525     0.89824     0.85885
  1.01606     0.98747     0.98344     0.97411     0.96359     0.94510     0.89800     0.85867
  1.01612     0.98735     0.98331     0.97405     0.96346     0.94487     0.89783     0.85853
  1.01601     0.98721     0.98319     0.97390     0.96335     0.94474     0.89761     0.85841
  1.01592     0.98710     0.98303     0.97374     0.96320     0.94465     0.89740     0.85827
  1.01582     0.98694     0.98290     0.97360     0.96307     0.94451     0.89717     0.85813
  1.01571     0.98681     0.98278     0.97349     0.96292     0.94436     0.89697     0.85799
  1.01561     0.98667     0.98284     0.97337     0.96280     0.94423     0.89671     0.85788
  1.01550     0.98655     0.98277     0.97325     0.96267     0.94414     0.89653     0.85775
  1.01539     0.98646     0.98267     0.97316     0.96258     0.94405     0.89651     0.85766
  1.01526     0.98634     0.98251     0.97305     0.96249     0.94395     0.89639     0.85758
  1.01506     0.98619     0.98239     0.97296     0.96242     0.94388     0.89616     0.85755
  1.01491     0.98606     0.98225     0.97290     0.96231     0.94371     0.89592     0.85749
  1.01480     0.98596     0.98215     0.97279     0.96221     0.94360     0.89580     0.85744
  1.01466     0.98593     0.98205     0.97267     0.96214     0.94355     0.89566     0.85741
  1.01457     0.98585     0.98199     0.97260     0.96208     0.94352     0.89560     0.85742
  1.01444     0.98575     0.98192     0.97253     0.96202     0.94347     0.89547     0.85741
  1.01433     0.98565     0.98182     0.97249     0.96197     0.94341     0.89548     0.85740
  1.01417     0.98554     0.98172     0.97241     0.96193     0.94339     0.89544     0.85745
  1.01399     0.98544     0.98165     0.97233     0.96189     0.94336     0.89535     0.85748
  1.01384     0.98534     0.98156     0.97226     0.96185     0.94330     0.89531     0.85753
  1.01382     0.98526     0.98145     0.97220     0.96182     0.94328     0.89531     0.85754
  1.01368     0.98520     0.98137     0.97215     0.96183     0.94336     0.89527     0.85763
  1.01353     0.98515     0.98125     0.97208     0.96179     0.94335     0.89531     0.85768
  1.01338     0.98502     0.98116     0.97201     0.96180     0.94333     0.89529     0.85772
  1.01320     0.98491     0.98105     0.97197     0.96180     0.94333     0.89529     0.85776
  1.01305     0.98482     0.98096     0.97192     0.96176     0.94333     0.89530     0.85783
  1.01291     0.98473     0.98092     0.97187     0.96181     0.94333     0.89528     0.85785
  1.01274     0.98465     0.98087     0.97184     0.96180     0.94335     0.89535     0.85788
  1.01255     0.98458     0.98080     0.97178     0.96181     0.94335     0.89539     0.85792
  1.01242     0.98449     0.98070     0.97174     0.96183     0.94338     0.89541     0.85795
  1.01226     0.98438     0.98063     0.97173     0.96181     0.94337     0.89534     0.85794
  1.01211     0.98427     0.98054     0.97168     0.96177     0.94333     0.89538     0.85795
  1.01194     0.98417     0.98058     0.97160     0.96174     0.94331     0.89545     0.85794
  1.01181     0.98409     0.98054     0.97154     0.96171     0.94330     0.89537     0.85794
  1.01167     0.98399     0.98045     0.97148     0.96167     0.94329     0.89540     0.85792
  1.01160     0.98390     0.98039     0.97146     0.96168     0.94328     0.89534     0.85794
  1.01150     0.98383     0.98031     0.97143     0.96180     0.94324     0.89527     0.85794
  1.01137     0.98373     0.98027     0.97140     0.96175     0.94321     0.89517     0.85798
  1.01124     0.98365     0.98020     0.97133     0.96171     0.94316     0.89516     0.85799
  1.01111     0.98358     0.98015     0.97125     0.96181     0.94310     0.89513     0.85796
  1.01115     0.98351     0.98007     0.97115     0.96178     0.94308     0.89507     0.85793
  1.01109     0.98341     0.98003     0.97108     0.96183     0.94302     0.89500     0.85789
  1.01100     0.98331     0.97995     0.97099     0.96181     0.94297     0.89496     0.85787
  1.01092     0.98321     0.97986     0.97090     0.96175     0.94293     0.89488     0.85785
  1.01081     0.98302     0.97978     0.97082     0.96168     0.94285     0.89482     0.85781
  1.01073     0.98292     0.97971     0.97075     0.96159     0.94277     0.89476     0.85775
  1.01062     0.98281     0.97964     0.97068     0.96137     0.94268     0.89467     0.85769
  1.01051     0.98274     0.97957     0.97057     0.96129     0.94258     0.89463     0.85759
  1.01041     0.98268     0.97951     0.97048     0.96121     0.94249     0.89454     0.85754
  1.01032     0.98261     0.97940     0.97035     0.96110     0.94238     0.89440     0.85744
  1.01034     0.98247     0.97927     0.97024     0.96100     0.94226     0.89432     0.85729
  1.01025     0.98233     0.97917     0.97011     0.96076     0.94214     0.89419     0.85720
  1.01018     0.98220     0.97905     0.96997     0.96064     0.94199     0.89403     0.85708
  1.01007     0.98206     0.97891     0.96981     0.96050     0.94183     0.89386     0.85688
  1.01000     0.98181     0.97878     0.96965     0.96043     0.94168     0.89372     0.85668
  1.00988     0.98164     0.97863     0.96949     0.96029     0.94152     0.89358     0.85648
  1.00976     0.98147     0.97847     0.96932     0.96015     0.94133     0.89340     0.85625
  1.00961     0.98129     0.97832     0.96913     0.95997     0.94114     0.89321     0.85599
  1.00945     0.98114     0.97819     0.96892     0.95981     0.94091     0.89301     0.85572
  1.00931     0.98098     0.97802     0.96872     0.95961     0.94067     0.89270     0.85549
  1.00918     0.98082     0.97787     0.96852     0.95937     0.94044     0.89233     0.85519
  1.00906     0.98056     0.97767     0.96830     0.95920     0.94017     0.89208     0.85491
  1.00897     0.98038     0.97747     0.96808     0.95897     0.93991     0.89187     0.85461
  1.00888     0.98018     0.97726     0.96784     0.95873     0.93965     0.89152     0.85432
  1.00879     0.97999     0.97706     0.96761     0.95850     0.93936     0.89118     0.85397
  1.00871     0.97976     0.97684     0.96737     0.95826     0.93908     0.89079     0.85362
  1.00862     0.97955     0.97663     0.96713     0.95805     0.93880     0.89052     0.85327
  1.00852     0.97938     0.97646     0.96690     0.95780     0.93852     0.89017     0.85296
  1.00836     0.97922     0.97627     0.96669     0.95754     0.93827     0.88982     0.85263
  1.00826     0.97906     0.97605     0.96650     0.95731     0.93796     0.88954     0.85236
  1.00819     0.97889     0.97586     0.96634     0.95709     0.93769     0.88924     0.85208
  1.00816     0.97869     0.97572     0.96617     0.95690     0.93746     0.88894     0.85182
  1.00814     0.97859     0.97555     0.96601     0.95674     0.93725     0.88864     0.85157
  1.00812     0.97845     0.97540     0.96589     0.95657     0.93703     0.88842     0.85133
  1.00812     0.97835     0.97528     0.96575     0.95642     0.93685     0.88821     0.85108
  1.00810     0.97828     0.97515     0.96566     0.95615     0.93673     0.88790     0.85089
  1.00808     0.97825     0.97504     0.96560     0.95603     0.93665     0.88765     0.85076
  1.00807     0.97822     0.97499     0.96553     0.95595     0.93656     0.88752     0.85066
  1.00806     0.97823     0.97495     0.96549     0.95589     0.93648     0.88733     0.85065
  1.00805     0.97826     0.97495     0.96551     0.95584     0.93645     0.88722     0.85070
  1.00807     0.97826     0.97495     0.96555     0.95584     0.93642     0.88717     0.85072
  1.00813     0.97828     0.97499     0.96559     0.95586     0.93644     0.88721     0.85077
  1.00816     0.97835     0.97502     0.96563     0.95599     0.93649     0.88721     0.85087
  1.00822     0.97842     0.97516     0.96569     0.95604     0.93658     0.88725     0.85089
  1.00824     0.97846     0.97519     0.96577     0.95615     0.93666     0.88734     0.85077
  1.00825     0.97856     0.97526     0.96585     0.95626     0.93679     0.88749     0.85086
  1.00829     0.97861     0.97532     0.96594     0.95636     0.93688     0.88758     0.85106
  1.00827     0.97868     0.97540     0.96603     0.95646     0.93701     0.88771     0.85127
  1.00825     0.97875     0.97548     0.96615     0.95659     0.93714     0.88785     0.85142
  1.00824     0.97887     0.97559     0.96625     0.95671     0.93727     0.88801     0.85139
  1.00821     0.97893     0.97567     0.96634     0.95681     0.93727     0.88809     0.85153
  1.00821     0.97896     0.97574     0.96642     0.95692     0.93739     0.88855     0.85169
  1.00824     0.97896     0.97582     0.96647     0.95703     0.93747     0.88867     0.85181
  1.00824     0.97898     0.97591     0.96647     0.95711     0.93752     0.88882     0.85191
  1.00819     0.97899     0.97593     0.96650     0.95716     0.93758     0.88889     0.85201
  1.00813     0.97899     0.97595     0.96652     0.95720     0.93761     0.88891     0.85203
  1.00807     0.97897     0.97597     0.96652     0.95722     0.93763     0.88899     0.85203
  1.00799     0.97894     0.97598     0.96648     0.95723     0.93761     0.88905     0.85208
  1.00793     0.97889     0.97597     0.96641     0.95720     0.93759     0.88905     0.85204
  1.00788     0.97886     0.97591     0.96634     0.95714     0.93752     0.88903     0.85195
  1.00783     0.97882     0.97588     0.96626     0.95708     0.93747     0.88901     0.85188
  1.00778     0.97876     0.97580     0.96617     0.95702     0.93739     0.88889     0.85184
  1.00775     0.97868     0.97574     0.96610     0.95694     0.93731     0.88878     0.85176
  1.00771     0.97858     0.97567     0.96601     0.95685     0.93720     0.88867     0.85172
  1.00762     0.97851     0.97558     0.96592     0.95676     0.93707     0.88865     0.85163
  1.00755     0.97841     0.97549     0.96582     0.95667     0.93697     0.88852     0.85158
  1.00748     0.97832     0.97541     0.96572     0.95657     0.93689     0.88838     0.85150
  1.00742     0.97826     0.97531     0.96566     0.95649     0.93681     0.88826     0.85146
  1.00734     0.97826     0.97524     0.96559     0.95640     0.93678     0.88819     0.85146
  1.00729     0.97820     0.97517     0.96556     0.95632     0.93673     0.88823     0.85146
  1.00727     0.97819     0.97510     0.96552     0.95625     0.93670     0.88820     0.85146
  1.00725     0.97815     0.97507     0.96549     0.95621     0.93669     0.88819     0.85149
  1.00725     0.97814     0.97509     0.96550     0.95623     0.93671     0.88826     0.85160
  1.00726     0.97813     0.97505     0.96554     0.95623     0.93671     0.88840     0.85170
  1.00725     0.97817     0.97503     0.96556     0.95627     0.93678     0.88834     0.85184
  1.00726     0.97820     0.97510     0.96568     0.95634     0.93689     0.88837     0.85200
  1.00727     0.97827     0.97529     0.96579     0.95645     0.93702     0.88857     0.85222
  1.00727     0.97836     0.97535     0.96591     0.95656     0.93719     0.88875     0.85244
  1.00732     0.97846     0.97546     0.96605     0.95672     0.93737     0.88890     0.85269
  1.00738     0.97846     0.97560     0.96621     0.95690     0.93756     0.88913     0.85293
  1.00745     0.97861     0.97572     0.96638     0.95709     0.93779     0.88943     0.85317
  1.00755     0.97874     0.97586     0.96657     0.95728     0.93806     0.88971     0.85347
  1.00762     0.97889     0.97599     0.96677     0.95749     0.93831     0.88992     0.85380
  1.00771     0.97905     0.97616     0.96701     0.95773     0.93853     0.89032     0.85402
  1.00781     0.97921     0.97631     0.96713     0.95798     0.93883     0.89067     0.85439
  1.00789     0.97940     0.97653     0.96736     0.95821     0.93911     0.89092     0.85468
  1.00798     0.97959     0.97672     0.96761     0.95847     0.93937     0.89121     0.85497
  1.00807     0.97982     0.97694     0.96785     0.95874     0.93964     0.89157     0.85533
  1.00816     0.98001     0.97715     0.96808     0.95897     0.93992     0.89191     0.85560
  1.00826     0.98019     0.97737     0.96831     0.95922     0.94018     0.89222     0.85590
  1.00837     0.98036     0.97756     0.96851     0.95948     0.94044     0.89254     0.85618
  1.00840     0.98052     0.97778     0.96872     0.95973     0.94069     0.89291     0.85644
  1.00851     0.98068     0.97797     0.96894     0.95993     0.94092     0.89318     0.85669
  1.00861     0.98099     0.97814     0.96911     0.96014     0.94113     0.89342     0.85710
  1.00870     0.98113     0.97833     0.96929     0.96036     0.94132     0.89369     0.85726
  1.00877     0.98129     0.97850     0.96946     0.96053     0.94151     0.89389     0.85748
  1.00884     0.98142     0.97857     0.96959     0.96067     0.94167     0.89409     0.85760
  1.00892     0.98163     0.97873     0.96971     0.96082     0.94180     0.89433     0.85768
  1.00898     0.98174     0.97885     0.96981     0.96097     0.94190     0.89447     0.85778
  1.00905     0.98184     0.97895     0.96990     0.96107     0.94199     0.89462     0.85790
  1.00912     0.98191     0.97904     0.97000     0.96113     0.94208     0.89476     0.85799
  1.00927     0.98197     0.97912     0.97006     0.96120     0.94213     0.89474     0.85803
  1.00933     0.98204     0.97918     0.97010     0.96126     0.94215     0.89477     0.85800
  1.00939     0.98215     0.97922     0.97012     0.96130     0.94216     0.89488     0.85801
  1.00944     0.98221     0.97927     0.97016     0.96130     0.94215     0.89491     0.85795
  1.00952     0.98226     0.97930     0.97016     0.96132     0.94212     0.89484     0.85785
  1.00957     0.98231     0.97942     0.97017     0.96133     0.94211     0.89479     0.85779
  1.00964     0.98239     0.97944     0.97016     0.96129     0.94221     0.89482     0.85771
  1.00969     0.98243     0.97950     0.97019     0.96127     0.94217     0.89478     0.85765
  1.00975     0.98246     0.97953     0.97020     0.96126     0.94215     0.89479     0.85757
  1.00983     0.98250     0.97957     0.97022     0.96126     0.94211     0.89475     0.85753
  1.00988     0.98253     0.97955     0.97024     0.96127     0.94210     0.89471     0.85749
  1.00995     0.98259     0.97959     0.97026     0.96126     0.94210     0.89462     0.85745
  1.01002     0.98265     0.97960     0.97030     0.96125     0.94210     0.89460     0.85736
  1.01009     0.98280     0.97963     0.97035     0.96127     0.94212     0.89458     0.85740
  1.01015     0.98284     0.97966     0.97041     0.96128     0.94214     0.89460     0.85735
  1.01024     0.98292     0.97973     0.97049     0.96131     0.94217     0.89466     0.85739
  1.01032     0.98303     0.97981     0.97056     0.96137     0.94229     0.89468     0.85741
  1.01040     0.98311     0.97988     0.97064     0.96143     0.94236     0.89480     0.85748
  1.01049     0.98321     0.97997     0.97075     0.96150     0.94243     0.89484     0.85758
  1.01059     0.98334     0.98006     0.97084     0.96160     0.94253     0.89496     0.85767
  1.01067     0.98346     0.98016     0.97094     0.96170     0.94264     0.89505     0.85774
  1.01079     0.98358     0.98024     0.97106     0.96182     0.94271     0.89514     0.85789
  1.01089     0.98368     0.98036     0.97114     0.96196     0.94283     0.89526     0.85799
  1.01099     0.98380     0.98047     0.97126     0.96208     0.94294     0.89544     0.85810
  1.01109     0.98394     0.98056     0.97137     0.96220     0.94305     0.89553     0.85820
  1.01122     0.98405     0.98064     0.97147     0.96230     0.94316     0.89565     0.85830
  1.01131     0.98418     0.98077     0.97158     0.96254     0.94332     0.89583     0.85846
  1.01140     0.98430     0.98086     0.97168     0.96264     0.94342     0.89603     0.85856
  1.01150     0.98438     0.98098     0.97177     0.96274     0.94352     0.89618     0.85869
  1.01158     0.98448     0.98106     0.97187     0.96282     0.94363     0.89635     0.85882
  1.01166     0.98459     0.98119     0.97196     0.96292     0.94373     0.89644     0.85890
  1.01175     0.98467     0.98126     0.97203     0.96302     0.94380     0.89653     0.85895
  1.01183     0.98475     0.98132     0.97208     0.96308     0.94388     0.89660     0.85905
  1.01188     0.98481     0.98137     0.97214     0.96311     0.94396     0.89679     0.85911
  1.01193     0.98486     0.98143     0.97220     0.96318     0.94400     0.89697     0.85919
  1.01196     0.98489     0.98146     0.97223     0.96323     0.94406     0.89701     0.85922
  1.01199     0.98492     0.98149     0.97227     0.96340     0.94411     0.89709     0.85925
  1.01201     0.98494     0.98150     0.97227     0.96343     0.94418     0.89719     0.85928
  1.01205     0.98498     0.98153     0.97225     0.96325     0.94418     0.89719     0.85926
  1.01208     0.98497     0.98154     0.97222     0.96327     0.94417     0.89725     0.85923
  1.01209     0.98500     0.98152     0.97220     0.96324     0.94414     0.89728     0.85925
  1.01209     0.98498     0.98154     0.97217     0.96322     0.94411     0.89727     0.85922
  1.01210     0.98498     0.98155     0.97213     0.96323     0.94409     0.89731     0.85916
  1.01208     0.98496     0.98150     0.97209     0.96321     0.94405     0.89726     0.85914
  1.01206     0.98494     0.98143     0.97203     0.96315     0.94400     0.89723     0.85910
  1.01203     0.98489     0.98140     0.97201     0.96310     0.94395     0.89726     0.85907
  1.01199     0.98482     0.98135     0.97195     0.96318     0.94390     0.89736     0.85902
  1.01193     0.98476     0.98132     0.97189     0.96308     0.94369     0.89730     0.85902
  1.01188     0.98472     0.98128     0.97184     0.96299     0.94366     0.89728     0.85901
  1.01184     0.98466     0.98123     0.97178     0.96295     0.94362     0.89728     0.85899
  1.01178     0.98461     0.98115     0.97173     0.96294     0.94359     0.89730     0.85894
  1.01174     0.98460     0.98111     0.97168     0.96289     0.94359     0.89731     0.85899
  1.01168     0.98458     0.98106     0.97167     0.96282     0.94359     0.89727     0.85898
  1.01162     0.98454     0.98104     0.97164     0.96284     0.94355     0.89734     0.85900
  1.01157     0.98449     0.98099     0.97161     0.96283     0.94355     0.89740     0.85896
  1.01153     0.98448     0.98096     0.97158     0.96282     0.94357     0.89742     0.85895
  1.01147     0.98445     0.98093     0.97157     0.96283     0.94355     0.89742     0.85896
  1.01145     0.98445     0.98092     0.97155     0.96303     0.94354     0.89754     0.85895
  1.01143     0.98443     0.98090     0.97154     0.96302     0.94354     0.89775     0.85894
  1.01138     0.98443     0.98087     0.97153     0.96300     0.94353     0.89778     0.85892
  1.01136     0.98441     0.98086     0.97154     0.96298     0.94354     0.89772     0.85887
  1.01130     0.98441     0.98087     0.97153     0.96300     0.94334     0.89771     0.85886
  1.01127     0.98441     0.98084     0.97152     0.96302     0.94335     0.89770     0.85887
  1.01126     0.98443     0.98080     0.97153     0.96299     0.94335     0.89774     0.85883
  1.01124     0.98444     0.98079     0.97155     0.96304     0.94335     0.89781     0.85880
  1.01123     0.98445     0.98078     0.97152     0.96301     0.94334     0.89786     0.85875
  1.01120     0.98444     0.98080     0.97148     0.96301     0.94331     0.89794     0.85866
  1.01119     0.98441     0.98080     0.97145     0.96298     0.94331     0.89795     0.85857
  1.01120     0.98439     0.98082     0.97141     0.96297     0.94317     0.89793     0.85851
  1.01122     0.98438     0.98079     0.97138     0.96293     0.94309     0.89795     0.85837
  1.01123     0.98436     0.98075     0.97136     0.96287     0.94304     0.89791     0.85828
  1.01126     0.98433     0.98067     0.97132     0.96279     0.94288     0.89790     0.85820
  1.01135     0.98431     0.98063     0.97125     0.96275     0.94280     0.89785     0.85808
  1.01135     0.98427     0.98056     0.97116     0.96267     0.94270     0.89775     0.85789
  1.01137     0.98426     0.98049     0.97108     0.96237     0.94261     0.89769     0.85776
  1.01135     0.98420     0.98043     0.97100     0.96227     0.94252     0.89763     0.85759
  1.01135     0.98414     0.98037     0.97092     0.96218     0.94238     0.89759     0.85739
  1.01135     0.98407     0.98027     0.97082     0.96207     0.94225     0.89746     0.85721
  1.01135     0.98401     0.98018     0.97072     0.96195     0.94212     0.89738     0.85706
  1.01134     0.98392     0.98011     0.97061     0.96183     0.94198     0.89726     0.85686
  1.01130     0.98385     0.98005     0.97051     0.96171     0.94185     0.89712     0.85659
  1.01128     0.98379     0.97993     0.97042     0.96159     0.94170     0.89700     0.85638
  1.01149     0.98374     0.97986     0.97031     0.96146     0.94156     0.89690     0.85614
  1.01151     0.98367     0.97980     0.97022     0.96133     0.94144     0.89682     0.85593
  1.01151     0.98364     0.97970     0.97010     0.96125     0.94131     0.89669     0.85572
  1.01152     0.98358     0.97962     0.97003     0.96112     0.94119     0.89647     0.85558
  1.01152     0.98355     0.97957     0.96994     0.96099     0.94108     0.89628     0.85538
  1.01152     0.98351     0.97951     0.96982     0.96088     0.94096     0.89613     0.85520
  1.01154     0.98346     0.97942     0.96973     0.96078     0.94082     0.89608     0.85501
  1.01155     0.98341     0.97936     0.96967     0.96066     0.94070     0.89601     0.85487
  1.01157     0.98336     0.97928     0.96963     0.96055     0.94060     0.89585     0.85469
  1.01157     0.98331     0.97919     0.96964     0.96045     0.94051     0.89578     0.85452
  1.01160     0.98326     0.97910     0.96956     0.96035     0.94040     0.89567     0.85432
  1.01160     0.98323     0.97907     0.96946     0.96025     0.94029     0.89564     0.85417
  1.01158     0.98320     0.97899     0.96939     0.96016     0.94021     0.89553     0.85406
  1.01142     0.98314     0.97894     0.96934     0.96009     0.94012     0.89543     0.85388
  1.01142     0.98308     0.97884     0.96928     0.95998     0.93999     0.89532     0.85372
  1.01140     0.98305     0.97879     0.96920     0.95985     0.93989     0.89524     0.85356
  1.01138     0.98298     0.97870     0.96911     0.95971     0.93978     0.89509     0.85336
  1.01138     0.98292     0.97863     0.96902     0.95960     0.93964     0.89498     0.85318
  1.01140     0.98284     0.97853     0.96890     0.95948     0.93950     0.89490     0.85299
  1.01142     0.98279     0.97846     0.96881     0.95936     0.93936     0.89484     0.85278
  1.01142     0.98270     0.97835     0.96870     0.95924     0.93925     0.89468     0.85260
  1.01139     0.98263     0.97822     0.96855     0.95910     0.93910     0.89465     0.85238
  1.01134     0.98256     0.97809     0.96846     0.95896     0.93894     0.89452     0.85220
  1.01127     0.98250     0.97802     0.96836     0.95881     0.93881     0.89437     0.85202
  1.01122     0.98241     0.97795     0.96823     0.95866     0.93867     0.89430     0.85186
  1.01118     0.98232     0.97785     0.96809     0.95854     0.93853     0.89423     0.85168
  1.01115     0.98223     0.97787     0.96797     0.95840     0.93837     0.89411     0.85149
  1.01109     0.98216     0.97774     0.96786     0.95824     0.93824     0.89394     0.85129
  1.01103     0.98209     0.97759     0.96777     0.95810     0.93811     0.89385     0.85111
  1.01099     0.98201     0.97747     0.96765     0.95798     0.93797     0.89373     0.85091
  1.01094     0.98192     0.97737     0.96751     0.95783     0.93783     0.89369     0.85078
  1.01087     0.98181     0.97726     0.96746     0.95769     0.93770     0.89356     0.85068
  1.01080     0.98171     0.97716     0.96734     0.95759     0.93754     0.89351     0.85053
  1.01075     0.98162     0.97705     0.96723     0.95747     0.93723     0.89354     0.85038
  1.01064     0.98154     0.97696     0.96724     0.95733     0.93711     0.89334     0.85025
  1.01052     0.98141     0.97683     0.96714     0.95721     0.93700     0.89313     0.85011
  1.01039     0.98132     0.97670     0.96701     0.95709     0.93689     0.89313     0.84990
  1.01028     0.98120     0.97657     0.96686     0.95695     0.93675     0.89304     0.84977
  1.01019     0.98108     0.97647     0.96672     0.95679     0.93660     0.89297     0.84955
  1.01009     0.98093     0.97633     0.96660     0.95665     0.93647     0.89294     0.84941
  1.00997     0.98081     0.97620     0.96646     0.95652     0.93631     0.89289     0.84923
  1.00983     0.98069     0.97604     0.96635     0.95635     0.93617     0.89276     0.84906
  1.00968     0.98057     0.97588     0.96619     0.95618     0.93603     0.89266     0.84885
  1.00951     0.98045     0.97572     0.96604     0.95600     0.93587     0.89249     0.84873
  1.00939     0.98034     0.97558     0.96590     0.95583     0.93571     0.89238     0.84855
  1.00926     0.98020     0.97547     0.96573     0.95568     0.93554     0.89227     0.84839
  1.00910     0.98003     0.97536     0.96557     0.95551     0.93540     0.89215     0.84821
  1.00890     0.97987     0.97515     0.96543     0.95533     0.93525     0.89202     0.84807
  1.00872     0.97971     0.97494     0.96527     0.95515     0.93510     0.89191     0.84793
  1.00855     0.97954     0.97477     0.96509     0.95498     0.93497     0.89182     0.84780
  1.00848     0.97934     0.97461     0.96491     0.95481     0.93482     0.89169     0.84772
  1.00833     0.97919     0.97446     0.96474     0.95467     0.93467     0.89161     0.84761
  1.00818     0.97903     0.97431     0.96457     0.95453     0.93455     0.89159     0.84750
  1.00800     0.97890     0.97415     0.96444     0.95439     0.93446     0.89153     0.84742
  1.00782     0.97876     0.97397     0.96433     0.95424     0.93434     0.89140     0.84737
  1.00765     0.97863     0.97387     0.96420     0.95413     0.93424     0.89133     0.84733
  1.00752     0.97848     0.97374     0.96409     0.95399     0.93415     0.89135     0.84733
  1.00733     0.97833     0.97361     0.96396     0.95386     0.93397     0.89140     0.84731
  1.00718     0.97818     0.97347     0.96385     0.95377     0.93390     0.89131     0.84732
  1.00703     0.97806     0.97335     0.96373     0.95369     0.93382     0.89136     0.84734
  1.00690     0.97795     0.97319     0.96368     0.95359     0.93375     0.89153     0.84735
  1.00668     0.97782     0.97308     0.96358     0.95348     0.93373     0.89155     0.84739
  1.00649     0.97770     0.97296     0.96348     0.95339     0.93367     0.89150     0.84740
  1.00632     0.97766     0.97285     0.96337     0.95329     0.93360     0.89157     0.84734
  1.00616     0.97756     0.97278     0.96328     0.95320     0.93355     0.89160     0.84731
  1.00600     0.97745     0.97271     0.96319     0.95312     0.93349     0.89160     0.84732
  1.00601     0.97733     0.97255     0.96309     0.95301     0.93339     0.89161     0.84733
  1.00586     0.97724     0.97241     0.96302     0.95292     0.93332     0.89170     0.84731
  1.00569     0.97714     0.97229     0.96294     0.95282     0.93327     0.89169     0.84728
  1.00553     0.97704     0.97218     0.96281     0.95271     0.93317     0.89168     0.84722
  1.00541     0.97693     0.97207     0.96269     0.95262     0.93306     0.89159     0.84712
  1.00530     0.97684     0.97198     0.96257     0.95253     0.93295     0.89160     0.84709
  1.00516     0.97672     0.97189     0.96247     0.95238     0.93284     0.89165     0.84699
  1.00500     0.97662     0.97176     0.96236     0.95228     0.93274     0.89158     0.84692
  1.00486     0.97652     0.97165     0.96225     0.95219     0.93266     0.89156     0.84683
  1.00473     0.97641     0.97152     0.96214     0.95206     0.93276     0.89161     0.84674
  1.00456     0.97632     0.97143     0.96205     0.95193     0.93270     0.89161     0.84665
  1.00444     0.97622     0.97130     0.96194     0.95185     0.93265     0.89159     0.84664
  1.00434     0.97612     0.97122     0.96185     0.95173     0.93257     0.89157     0.84656
  1.00423     0.97605     0.97113     0.96178     0.95175     0.93256     0.89163     0.84651
  1.00413     0.97598     0.97105     0.96173     0.95168     0.93253     0.89166     0.84646
  1.00402     0.97591     0.97094     0.96169     0.95162     0.93249     0.89165     0.84647
  1.00391     0.97585     0.97089     0.96165     0.95159     0.93256     0.89164     0.84645
  1.00381     0.97577     0.97084     0.96163     0.95155     0.93255     0.89163     0.84647
  1.00375     0.97589     0.97080     0.96162     0.95151     0.93257     0.89171     0.84652
  1.00369     0.97585     0.97074     0.96160     0.95151     0.93253     0.89167     0.84654
  1.00363     0.97583     0.97071     0.96157     0.95151     0.93255     0.89177     0.84655
  1.00356     0.97580     0.97069     0.96158     0.95149     0.93259     0.89199     0.84660
  1.00348     0.97580     0.97067     0.96157     0.95146     0.93262     0.89203     0.84663
  1.00345     0.97581     0.97067     0.96158     0.95141     0.93265     0.89206     0.84665
  1.00341     0.97582     0.97070     0.96160     0.95143     0.93269     0.89222     0.84663
  1.00336     0.97581     0.97072     0.96163     0.95142     0.93274     0.89237     0.84666
  1.00333     0.97584     0.97073     0.96173     0.95145     0.93282     0.89244     0.84674
  1.00328     0.97587     0.97077     0.96177     0.95149     0.93287     0.89257     0.84674
  1.00327     0.97587     0.97079     0.96183     0.95150     0.93291     0.89267     0.84678
  1.00323     0.97588     0.97079     0.96186     0.95149     0.93295     0.89276     0.84676
  1.00322     0.97590     0.97076     0.96188     0.95150     0.93296     0.89280     0.84676
  1.00321     0.97592     0.97077     0.96190     0.95153     0.93295     0.89289     0.84674
  1.00321     0.97594     0.97076     0.96191     0.95172     0.93296     0.89297     0.84672
  1.00322     0.97595     0.97078     0.96190     0.95172     0.93298     0.89301     0.84666
  1.00325     0.97597     0.97077     0.96190     0.95171     0.93297     0.89298     0.84663
  1.00322     0.97596     0.97076     0.96187     0.95168     0.93293     0.89300     0.84657
  1.00321     0.97592     0.97074     0.96188     0.95163     0.93289     0.89304     0.84648
  1.00322     0.97590     0.97072     0.96186     0.95156     0.93281     0.89306     0.84639
  1.00323     0.97589     0.97067     0.96181     0.95151     0.93272     0.89304     0.84629
  1.00325     0.97588     0.97064     0.96175     0.95144     0.93265     0.89301     0.84614
  1.00324     0.97585     0.97060     0.96169     0.95133     0.93257     0.89301     0.84603
  1.00322     0.97582     0.97052     0.96157     0.95121     0.93244     0.89297     0.84591
  1.00321     0.97575     0.97045     0.96148     0.95102     0.93228     0.89289     0.84572
  1.00320     0.97571     0.97038     0.96138     0.95085     0.93213     0.89271     0.84550
  1.00318     0.97562     0.97029     0.96125     0.95068     0.93197     0.89263     0.84533
  1.00316     0.97554     0.97016     0.96110     0.95052     0.93178     0.89246     0.84516
  1.00314     0.97544     0.97002     0.96097     0.95036     0.93138     0.89231     0.84496
  1.00310     0.97531     0.96989     0.96083     0.95017     0.93120     0.89219     0.84478
  1.00306     0.97521     0.96975     0.96067     0.95000     0.93099     0.89204     0.84452
  1.00304     0.97510     0.96963     0.96051     0.94983     0.93078     0.89186     0.84429
  1.00299     0.97498     0.96948     0.96034     0.94964     0.93057     0.89169     0.84404
  1.00293     0.97484     0.96932     0.96017     0.94943     0.93036     0.89146     0.84381
  1.00288     0.97469     0.96916     0.95998     0.94921     0.93014     0.89138     0.84357
  1.00283     0.97454     0.96899     0.95980     0.94902     0.92995     0.89125     0.84341
  1.00274     0.97438     0.96884     0.95963     0.94885     0.92975     0.89105     0.84323
  1.00264     0.97422     0.96864     0.95948     0.94864     0.92956     0.89087     0.84302
  1.00256     0.97408     0.96847     0.95931     0.94844     0.92944     0.89068     0.84288
  1.00250     0.97395     0.96829     0.95914     0.94828     0.92927     0.89049     0.84273
  1.00241     0.97386     0.96817     0.95898     0.94811     0.92912     0.89035     0.84257
  1.00231     0.97374     0.96808     0.95886     0.94795     0.92899     0.89032     0.84247
  1.00221     0.97363     0.96796     0.95871     0.94781     0.92887     0.89029     0.84240
  1.00213     0.97353     0.96785     0.95861     0.94769     0.92875     0.89016     0.84233
  1.00200     0.97344     0.96775     0.95851     0.94758     0.92868     0.89008     0.84228
  1.00193     0.97332     0.96765     0.95841     0.94749     0.92861     0.89008     0.84227
  1.00187     0.97323     0.96755     0.95832     0.94742     0.92867     0.89005     0.84226
  1.00176     0.97313     0.96750     0.95822     0.94738     0.92863     0.89013     0.84228
  1.00164     0.97307     0.96744     0.95817     0.94729     0.92859     0.89020     0.84232
  1.00155     0.97303     0.96736     0.95815     0.94724     0.92859     0.89027     0.84237
  1.00149     0.97294     0.96731     0.95812     0.94726     0.92860     0.89036     0.84240
  1.00140     0.97289     0.96728     0.95813     0.94725     0.92864     0.89049     0.84245
  1.00133     0.97289     0.96726     0.95815     0.94725     0.92868     0.89053     0.84258
  1.00124     0.97290     0.96726     0.95817     0.94726     0.92875     0.89064     0.84269
  1.00117     0.97289     0.96725     0.95819     0.94731     0.92881     0.89072     0.84284
  1.00107     0.97288     0.96725     0.95821     0.94736     0.92891     0.89076     0.84296
  1.00099     0.97287     0.96724     0.95825     0.94738     0.92899     0.89081     0.84302
  1.00092     0.97285     0.96724     0.95828     0.94742     0.92905     0.89101     0.84316
  1.00086     0.97284     0.96724     0.95841     0.94747     0.92911     0.89123     0.84327
  1.00077     0.97285     0.96726     0.95853     0.94753     0.92918     0.89147     0.84336
  1.00069     0.97304     0.96725     0.95858     0.94757     0.92922     0.89167     0.84350
  1.00062     0.97307     0.96726     0.95859     0.94761     0.92928     0.89178     0.84361
  1.00053     0.97310     0.96726     0.95865     0.94767     0.92935     0.89184     0.84371
  1.00045     0.97310     0.96728     0.95868     0.94768     0.92941     0.89203     0.84382
  1.00040     0.97309     0.96724     0.95871     0.94770     0.92944     0.89217     0.84389
  1.00035     0.97310     0.96724     0.95872     0.94770     0.92948     0.89232     0.84397
  1.00025     0.97307     0.96726     0.95869     0.94771     0.92949     0.89246     0.84402
  1.00016     0.97306     0.96720     0.95869     0.94771     0.92951     0.89257     0.84406
  1.00006     0.97303     0.96713     0.95873     0.94769     0.92953     0.89273     0.84410
  0.99998     0.97299     0.96712     0.95850     0.94768     0.92952     0.89285     0.84420
  0.99989     0.97295     0.96710     0.95849     0.94767     0.92952     0.89296     0.84425
  0.99979     0.97291     0.96705     0.95846     0.94764     0.92952     0.89307     0.84426
  0.99972     0.97287     0.96701     0.95834     0.94760     0.92952     0.89318     0.84427
  0.99963     0.97284     0.96696     0.95832     0.94758     0.92948     0.89323     0.84432
  0.99953     0.97280     0.96692     0.95829     0.94755     0.92947     0.89322     0.84435
  0.99946     0.97277     0.96686     0.95826     0.94751     0.92948     0.89328     0.84438
  0.99937     0.97273     0.96681     0.95820     0.94748     0.92946     0.89334     0.84439
  0.99929     0.97268     0.96666     0.95816     0.94745     0.92945     0.89336     0.84443
  0.99920     0.97263     0.96657     0.95817     0.94741     0.92944     0.89344     0.84445
  0.99912     0.97259     0.96651     0.95816     0.94739     0.92943     0.89345     0.84446
  0.99899     0.97253     0.96649     0.95812     0.94737     0.92940     0.89349     0.84448
  0.99892     0.97250     0.96644     0.95810     0.94735     0.92942     0.89357     0.84443
  0.99884     0.97246     0.96643     0.95806     0.94733     0.92940     0.89363     0.84442
  0.99879     0.97243     0.96639     0.95817     0.94730     0.92937     0.89368     0.84438
  0.99871     0.97240     0.96641     0.95814     0.94729     0.92936     0.89367     0.84438
  0.99865     0.97237     0.96639     0.95812     0.94726     0.92935     0.89368     0.84438
  0.99858     0.97236     0.96637     0.95810     0.94725     0.92935     0.89358     0.84441
  0.99853     0.97236     0.96634     0.95808     0.94721     0.92934     0.89358     0.84439
  0.99846     0.97235     0.96638     0.95807     0.94717     0.92934     0.89370     0.84436
  0.99841     0.97232     0.96637     0.95807     0.94714     0.92932     0.89375     0.84433
  0.99837     0.97232     0.96639     0.95807     0.94713     0.92929     0.89379     0.84429
  0.99835     0.97229     0.96637     0.95805     0.94710     0.92928     0.89381     0.84424
  0.99831     0.97228     0.96637     0.95803     0.94708     0.92928     0.89381     0.84422
  0.99827     0.97228     0.96636     0.95803     0.94707     0.92926     0.89379     0.84420
  0.99823     0.97230     0.96634     0.95803     0.94704     0.92924     0.89375     0.84420
  0.99822     0.97231     0.96634     0.95802     0.94702     0.92923     0.89375     0.84419
  0.99822     0.97230     0.96634     0.95802     0.94701     0.92922     0.89378     0.84417
  0.99819     0.97231     0.96632     0.95801     0.94699     0.92918     0.89377     0.84416
  0.99817     0.97232     0.96617     0.95801     0.94695     0.92916     0.89380     0.84415
  0.99827     0.97231     0.96615     0.95798     0.94693     0.92913     0.89373     0.84413
  0.99823     0.97229     0.96609     0.95797     0.94691     0.92909     0.89381     0.84408
  0.99822     0.97226     0.96606     0.95792     0.94682     0.92906     0.89378     0.84406
  0.99821     0.97224     0.96602     0.95789     0.94676     0.92901     0.89382     0.84401
  0.99827     0.97220     0.96601     0.95784     0.94672     0.92895     0.89389     0.84400
  0.99824     0.97217     0.96595     0.95779     0.94665     0.92889     0.89386     0.84393
  0.99820     0.97213     0.96591     0.95771     0.94658     0.92879     0.89381     0.84388
  0.99816     0.97208     0.96584     0.95762     0.94651     0.92870     0.89377     0.84383
  0.99810     0.97203     0.96580     0.95754     0.94643     0.92861     0.89372     0.84376
  0.99806     0.97198     0.96573     0.95744     0.94632     0.92849     0.89365     0.84368
  0.99804     0.97192     0.96565     0.95733     0.94621     0.92835     0.89357     0.84355
  0.99799     0.97182     0.96574     0.95720     0.94608     0.92822     0.89351     0.84340
  0.99794     0.97172     0.96564     0.95708     0.94588     0.92808     0.89340     0.84324
  0.99787     0.97160     0.96551     0.95694     0.94572     0.92791     0.89326     0.84308
  0.99783     0.97149     0.96537     0.95678     0.94557     0.92775     0.89311     0.84293
  0.99775     0.97135     0.96524     0.95662     0.94539     0.92757     0.89297     0.84278
  0.99767     0.97122     0.96510     0.95647     0.94523     0.92740     0.89282     0.84262
  0.99760     0.97106     0.96494     0.95630     0.94506     0.92720     0.89266     0.84242
  0.99750     0.97091     0.96479     0.95612     0.94486     0.92698     0.89250     0.84219
  0.99741     0.97074     0.96462     0.95592     0.94465     0.92675     0.89234     0.84199
  0.99732     0.97059     0.96444     0.95573     0.94444     0.92653     0.89214     0.84176
  0.99722     0.97040     0.96427     0.95554     0.94423     0.92632     0.89197     0.84155
  0.99712     0.97024     0.96408     0.95534     0.94398     0.92609     0.89175     0.84133
  0.99700     0.97005     0.96389     0.95512     0.94375     0.92587     0.89153     0.84115
  0.99688     0.96986     0.96369     0.95493     0.94352     0.92564     0.89128     0.84092
  0.99678     0.96967     0.96350     0.95473     0.94329     0.92542     0.89107     0.84073
  0.99668     0.96950     0.96329     0.95450     0.94307     0.92520     0.89086     0.84052
  0.99656     0.96935     0.96311     0.95429     0.94288     0.92501     0.89065     0.84034
  0.99648     0.96920     0.96292     0.95409     0.94265     0.92470     0.89054     0.84018
  0.99636     0.96904     0.96277     0.95390     0.94243     0.92447     0.89037     0.84002
  0.99624     0.96888     0.96257     0.95373     0.94225     0.92428     0.89024     0.83983
  0.99611     0.96871     0.96242     0.95355     0.94206     0.92411     0.89006     0.83972
  0.99599     0.96857     0.96224     0.95340     0.94188     0.92403     0.88993     0.83957
  0.99587     0.96844     0.96209     0.95323     0.94167     0.92388     0.88979     0.83948
  0.99575     0.96829     0.96193     0.95308     0.94149     0.92374     0.88963     0.83944
  0.99561     0.96816     0.96180     0.95296     0.94134     0.92362     0.88952     0.83934
  0.99551     0.96802     0.96166     0.95282     0.94120     0.92349     0.88944     0.83927
  0.99540     0.96787     0.96152     0.95269     0.94106     0.92338     0.88938     0.83919
  0.99531     0.96774     0.96139     0.95256     0.94090     0.92326     0.88928     0.83911
  0.99518     0.96763     0.96128     0.95246     0.94084     0.92316     0.88913     0.83905
  0.99506     0.96752     0.96117     0.95237     0.94071     0.92307     0.88913     0.83898
  0.99493     0.96741     0.96106     0.95228     0.94059     0.92298     0.88913     0.83886
  0.99482     0.96731     0.96098     0.95227     0.94050     0.92296     0.88895     0.83876
  0.99471     0.96723     0.96087     0.95221     0.94033     0.92290     0.88889     0.83868
  0.99460     0.96716     0.96079     0.95214     0.94023     0.92281     0.88893     0.83862
  0.99448     0.96708     0.96070     0.95206     0.94013     0.92273     0.88887     0.83850
  0.99436     0.96702     0.96062     0.95200     0.94005     0.92265     0.88885     0.83838
  0.99427     0.96696     0.96055     0.95194     0.93998     0.92258     0.88884     0.83824
  0.99417     0.96692     0.96051     0.95187     0.93984     0.92254     0.88876     0.83811
  0.99409     0.96688     0.96044     0.95183     0.93981     0.92249     0.88869     0.83802
  0.99399     0.96684     0.96040     0.95182     0.93988     0.92245     0.88861     0.83796
  0.99392     0.96681     0.96037     0.95181     0.93983     0.92240     0.88855     0.83786
  0.99384     0.96681     0.96035     0.95185     0.93980     0.92238     0.88851     0.83781
  0.99377     0.96676     0.96035     0.95183     0.93978     0.92239     0.88849     0.83777
  0.99370     0.96676     0.96035     0.95186     0.93981     0.92239     0.88845     0.83772
  0.99363     0.96679     0.96034     0.95189     0.93981     0.92239     0.88845     0.83772
  0.99357     0.96681     0.96036     0.95191     0.93980     0.92240     0.88847     0.83772
  0.99354     0.96683     0.96038     0.95193     0.93983     0.92244     0.88849     0.83773
  0.99349     0.96688     0.96041     0.95199     0.93987     0.92250     0.88852     0.83773
  0.99346     0.96693     0.96044     0.95207     0.93991     0.92256     0.88860     0.83776
  0.99343     0.96697     0.96049     0.95214     0.94003     0.92262     0.88868     0.83777
  0.99340     0.96702     0.96054     0.95221     0.94010     0.92269     0.88876     0.83784
  0.99337     0.96710     0.96061     0.95233     0.94016     0.92279     0.88880     0.83793
  0.99333     0.96719     0.96070     0.95243     0.94022     0.92288     0.88886     0.83805
  0.99330     0.96726     0.96076     0.95250     0.94016     0.92297     0.88901     0.83813
  0.99326     0.96733     0.96090     0.95261     0.94027     0.92306     0.88910     0.83822
  0.99324     0.96740     0.96097     0.95272     0.94036     0.92317     0.88919     0.83836
  0.99322     0.96747     0.96106     0.95281     0.94047     0.92328     0.88933     0.83851
  0.99319     0.96754     0.96113     0.95289     0.94057     0.92340     0.88945     0.83865
  0.99315     0.96759     0.96124     0.95299     0.94068     0.92351     0.88949     0.83880
  0.99311     0.96767     0.96132     0.95309     0.94081     0.92375     0.88965     0.83888
  0.99305     0.96773     0.96141     0.95314     0.94088     0.92386     0.88990     0.83901
  0.99303     0.96779     0.96147     0.95321     0.94098     0.92397     0.88997     0.83918
  0.99298     0.96783     0.96155     0.95333     0.94109     0.92407     0.89007     0.83928
  0.99291     0.96787     0.96159     0.95339     0.94115     0.92415     0.89028     0.83939
  0.99283     0.96790     0.96158     0.95343     0.94122     0.92424     0.89045     0.83951
  0.99278     0.96793     0.96160     0.95345     0.94130     0.92429     0.89056     0.83965
  0.99271     0.96794     0.96163     0.95348     0.94137     0.92438     0.89068     0.83973
  0.99263     0.96796     0.96162     0.95349     0.94141     0.92443     0.89082     0.83984
  0.99255     0.96794     0.96163     0.95349     0.94145     0.92447     0.89095     0.83992
  0.99248     0.96805     0.96162     0.95349     0.94149     0.92463     0.89099     0.83998
  0.99239     0.96802     0.96159     0.95349     0.94150     0.92465     0.89108     0.84007
  0.99231     0.96796     0.96156     0.95343     0.94149     0.92465     0.89119     0.84016
  0.99221     0.96789     0.96152     0.95330     0.94146     0.92466     0.89127     0.84019
  0.99208     0.96781     0.96145     0.95324     0.94146     0.92466     0.89132     0.84022
  0.99195     0.96771     0.96136     0.95320     0.94142     0.92464     0.89133     0.84025
  0.99185     0.96761     0.96129     0.95312     0.94136     0.92459     0.89138     0.84024
