   7.76367   7.55921   7.49394   7.41761   7.30951   7.19412   6.99951   6.52008
   7.76344   7.55929   7.49373   7.41758   7.30905   7.19420   7.00039   6.52104
   7.76320   7.55901   7.49317   7.41730   7.30877   7.19408   7.00065   6.52076
   7.76281   7.55925   7.49315   7.41712   7.30877   7.19408   7.00118   6.52034
   7.76242   7.55906   7.49306   7.41691   7.30878   7.19391   7.00183   6.52148
   7.76297   7.55884   7.49273   7.41662   7.30893   7.19373   7.00201   6.52122
   7.76305   7.55860   7.49273   7.41654   7.30918   7.19404   7.00114   6.52108
   7.76301   7.55871   7.49289   7.41662   7.30943   7.19413   7.00193   6.52118
   7.74197   7.53850   7.47264   7.39662   7.28945   7.17453   6.98397   6.50402
   7.74102   7.53766   7.47161   7.39557   7.28835   7.17387   6.98328   6.50272
   7.74154   7.53853   7.46953   7.39615   7.28867   7.17435   6.98415   6.50324
   7.74129   7.53835   7.46915   7.39612   7.28882   7.17409   6.98388   6.50235
   7.74017   7.53717   7.46761   7.39471   7.28765   7.17278   6.98329   6.50126
   7.74153   7.53834   7.46857   7.39578   7.28860   7.17381   6.98409   6.50154
   7.74240   7.53964   7.47011   7.39676   7.28922   7.17452   6.98492   6.50131
   7.73819   7.53500   7.46577   7.39228   7.28480   7.16983   6.98048   6.49706
   7.68759   7.48512   7.41653   7.34384   7.23637   7.12229   6.93464   6.45465
   7.68630   7.48410   7.41508   7.34234   7.23491   7.12091   6.93239   6.45294
   7.69611   7.49377   7.42461   7.35157   7.24384   7.12960   6.94059   6.46061
   7.69894   7.49647   7.42726   7.35408   7.24664   7.13183   6.94336   6.46259
   7.72466   7.52165   7.45207   7.37878   7.27068   7.15656   6.96744   6.48415
   7.72348   7.52038   7.45088   7.37786   7.26970   7.15532   6.96574   6.48216
   7.72431   7.52154   7.45182   7.37896   7.27136   7.15585   6.96665   6.48262
   7.72267   7.51947   7.45014   7.37797   7.26964   7.15401   6.96554   6.48187
   7.71902   7.51624   7.44690   7.37466   7.26613   7.15102   6.96271   6.47855
   7.71929   7.51613   7.44673   7.37426   7.26628   7.15100   6.96222   6.47864
   7.72268   7.51934   7.44977   7.37724   7.26944   7.15374   6.96515   6.48109
   7.72665   7.52296   7.45321   7.38081   7.27252   7.15663   6.96997   6.48431
   7.72533   7.52190   7.45158   7.37949   7.27103   7.15533   6.96878   6.48269
   7.72295   7.51943   7.44892   7.37701   7.26867   7.15286   6.96558   6.48081
   7.72773   7.52418   7.45361   7.38180   7.27367   7.15723   6.97025   6.48500
   7.72897   7.52531   7.45496   7.38304   7.27436   7.15818   6.97305   6.48444
   7.72926   7.52598   7.45571   7.38394   7.27329   7.15858   6.97259   6.48487
   7.72954   7.52587   7.45518   7.38408   7.27303   7.15953   6.97178   6.48436
   7.73161   7.52747   7.45699   7.38564   7.27473   7.16087   6.97464   6.48629
   7.73651   7.53185   7.46137   7.38985   7.27884   7.16527   6.97954   6.49050
   7.73744   7.53281   7.46204   7.39063   7.27967   7.16631   6.97941   6.49096
   7.74126   7.53650   7.46380   7.39398   7.28285   7.16941   6.98246   6.49398
   7.74162   7.53678   7.46437   7.39422   7.28299   7.16925   6.98323   6.49455
   7.74256   7.53729   7.46529   7.39474   7.28364   7.16981   6.98423   6.49504
   7.74511   7.53963   7.46810   7.39728   7.28590   7.17208   6.98591   6.49694
   7.74331   7.53743   7.46756   7.39549   7.28377   7.17026   6.98450   6.49191
   7.74561   7.53983   7.46975   7.39792   7.29044   7.17252   6.98779   6.49460
   7.75133   7.54602   7.47498   7.40353   7.29583   7.17826   6.99265   6.49910
   7.74891   7.54448   7.47293   7.40210   7.29435   7.17665   6.99030   6.49736
   7.74458   7.53996   7.46839   7.39812   7.28987   7.17239   6.98653   6.49358
   7.74591   7.54118   7.46987   7.39968   7.29149   7.17360   6.98800   6.49509
   7.74460   7.54046   7.46868   7.39862   7.29040   7.17259   6.98734   6.49375
   7.74218   7.53847   7.46655   7.39684   7.28844   7.17033   6.98439   6.49155
   7.74706   7.54364   7.47135   7.40184   7.29301   7.17538   6.98845   6.49556
   7.74599   7.54216   7.47030   7.40036   7.29175   7.17395   6.98841   6.49526
   7.74202   7.53807   7.46664   7.39655   7.28796   7.17014   6.98440   6.49151
   7.74695   7.54250   7.47100   7.40145   7.29253   7.17458   6.98912   6.49562
   7.74607   7.54187   7.47053   7.40088   7.29205   7.17374   6.99049   6.49506
   7.74089   7.53774   7.46650   7.39650   7.28802   7.17004   6.98693   6.49150
   7.74388   7.54107   7.46993   7.39964   7.29119   7.17299   6.98870   6.49388
   7.74949   7.54639   7.47527   7.40534   7.29641   7.17805   6.99332   6.49869
   7.74094   7.53830   7.46732   7.39750   7.28889   7.17027   6.98646   6.49196
   7.74352   7.54051   7.46981   7.39991   7.29128   7.17255   6.98885   6.49433
   7.74726   7.54460   7.47323   7.40376   7.29498   7.17687   6.99156   6.49705
   7.73979   7.53730   7.46576   7.39625   7.28760   7.16972   6.98444   6.49084
   7.74518   7.54232   7.47090   7.40137   7.29255   7.17444   6.98920   6.49566
   7.75182   7.54831   7.47664   7.40739   7.29798   7.18001   6.99412   6.50057
   7.74614   7.54278   7.47076   7.40218   7.29244   7.17442   6.98819   6.49563
   7.75381   7.55035   7.47829   7.40991   7.29972   7.18175   6.99637   6.50234
   7.75936   7.55624   7.48387   7.41505   7.30504   7.18714   7.00213   6.50719
   7.75537   7.55260   7.47954   7.41165   7.30094   7.18331   6.99837   6.50317
   7.75828   7.55525   7.48235   7.41433   7.30379   7.18592   7.00019   6.50589
   7.76453   7.56042   7.48841   7.42017   7.30946   7.19168   7.00665   6.51146
   7.76724   7.56340   7.49155   7.42362   7.31201   7.19376   7.00963   6.51458
   7.77018   7.56592   7.49410   7.42622   7.31448   7.19620   7.01089   6.51679
   7.77453   7.57017   7.49850   7.43019   7.31845   7.19986   7.01481   6.52068
   7.77686   7.57233   7.50032   7.43210   7.32003   7.20158   7.01725   6.52266
   7.78141   7.57672   7.50432   7.43604   7.32410   7.20539   7.02177   6.52625
   7.78164   7.57713   7.50449   7.43629   7.32456   7.20566   7.02087   6.52613
   7.78329   7.57918   7.50654   7.43842   7.32658   7.20766   7.02324   6.52788
   7.78148   7.57777   7.50457   7.43638   7.32504   7.20580   7.02167   6.52661
   7.78969   7.58562   7.51192   7.44397   7.33225   7.21326   7.02871   6.53347
   7.79068   7.58624   7.51293   7.44587   7.33341   7.21394   7.02941   6.53416
   7.78947   7.58441   7.51144   7.44478   7.33207   7.21474   7.02885   6.53338
   7.79258   7.58720   7.51444   7.44761   7.33509   7.21755   7.03155   6.53645
   7.79447   7.58853   7.51585   7.44940   7.33649   7.21878   7.03303   6.53815
   7.78283   7.57700   7.50432   7.43796   7.32414   7.20752   7.02196   6.52771
   7.78593   7.57971   7.50683   7.44029   7.32646   7.20952   7.02499   6.52951
   7.78862   7.58255   7.50943   7.44268   7.32847   7.21190   7.02747   6.53215
   7.78042   7.57325   7.49987   7.43346   7.31946   7.20311   7.01819   6.52391
   7.78441   7.57750   7.50377   7.43736   7.32369   7.20660   7.02202   6.52776
   7.78383   7.57677   7.50300   7.43658   7.32253   7.20555   7.02195   6.52727
   7.78205   7.57507   7.50135   7.43489   7.32054   7.20368   7.02033   6.52562
   7.77504   7.56813   7.49435   7.42798   7.31370   7.19673   7.01302   6.51934
   7.78663   7.57943   7.50518   7.43801   7.32435   7.20473   7.02362   6.52927
   7.78409   7.57695   7.50224   7.43528   7.32152   7.20186   7.02108   6.52658
   7.79001   7.58281   7.50802   7.44054   7.32698   7.20687   7.02636   6.53152
   7.79580   7.58813   7.51334   7.44531   7.33289   7.21177   7.03162   6.53598
   7.79306   7.58571   7.51122   7.44249   7.33012   7.20898   7.03033   6.53417
   7.80009   7.59063   7.51625   7.44693   7.33440   7.21357   7.03501   6.53890
   7.80344   7.59399   7.51987   7.45047   7.33757   7.21680   7.03800   6.54167
   7.80298   7.59374   7.51937   7.45010   7.33713   7.21592   7.03729   6.54122
   7.80204   7.59505   7.51902   7.44926   7.33589   7.21620   7.03653   6.54129
   7.80293   7.59572   7.51946   7.44960   7.33620   7.21664   7.03738   6.54251
   7.79867   7.59087   7.51532   7.44518   7.33192   7.21248   7.03319   6.53856
   7.79862   7.59037   7.51552   7.44574   7.33195   7.21202   7.03273   6.53843
   7.79616   7.58784   7.51326   7.44348   7.32949   7.20975   7.03121   6.53683
   7.79780   7.59007   7.51515   7.44525   7.33152   7.21165   7.03305   6.53923
   7.79542   7.58775   7.51332   7.44337   7.32945   7.21026   7.03099   6.53752
   7.79495   7.58754   7.51298   7.44292   7.32921   7.21007   7.03152   6.53732
   7.79557   7.58830   7.51354   7.44399   7.32991   7.21119   7.03302   6.53826
   7.79706   7.59007   7.51525   7.44601   7.33157   7.21297   7.03420   6.53970
   7.79311   7.58412   7.51124   7.44260   7.32794   7.21015   7.03050   6.53594
   7.79640   7.58730   7.51420   7.44549   7.33101   7.21277   7.03403   6.53814
   7.79663   7.58723   7.51429   7.44554   7.33113   7.21317   7.03446   6.53810
   7.80248   7.59268   7.51936   7.45266   7.33632   7.21810   7.03982   6.54271
   7.80389   7.59380   7.52035   7.45408   7.33773   7.21925   7.04057   6.54350
   7.80226   7.59238   7.51870   7.45256   7.33645   7.21749   7.03982   6.54164
   7.80596   7.59624   7.52231   7.45645   7.34040   7.22144   7.04268   6.54560
   7.81514   7.60458   7.53111   7.46512   7.34875   7.22981   7.04979   6.55312
   7.81449   7.60334   7.53028   7.46427   7.34804   7.22863   7.04897   6.55158
   7.81323   7.60187   7.52884   7.46311   7.34644   7.22727   7.04796   6.54979
   7.82318   7.61063   7.53793   7.47279   7.35565   7.23611   7.05664   6.55766
   7.82131   7.60840   7.53566   7.47084   7.35103   7.23374   7.05385   6.55513
   7.81997   7.60690   7.53405   7.46997   7.34969   7.23192   7.05134   6.55324
   7.82195   7.60898   7.53596   7.47194   7.35180   7.23363   7.05296   6.55451
   7.82740   7.61415   7.54080   7.47673   7.35720   7.23843   7.05784   6.55868
   7.82000   7.60646   7.53335   7.46933   7.34956   7.23095   7.05046   6.55129
   7.82421   7.61066   7.53726   7.47312   7.35349   7.23460   7.05386   6.55375
   7.81825   7.60472   7.53118   7.46732   7.34756   7.22875   7.04855   6.54828
   7.81900   7.60495   7.53173   7.46807   7.34810   7.22887   7.04789   6.54808
   7.81359   7.59951   7.52652   7.46296   7.34285   7.22353   7.04226   6.54306
   7.81399   7.59905   7.52651   7.46320   7.34276   7.22360   7.04245   6.54257
   7.81946   7.60390   7.53117   7.46817   7.34879   7.22815   7.04779   6.54641
   7.81487   7.59929   7.52651   7.46317   7.34418   7.22335   7.04298   6.54199
   7.81069   7.59556   7.52301   7.45906   7.34041   7.21882   7.03906   6.53805
   7.81082   7.59577   7.52292   7.45890   7.34051   7.21830   7.03870   6.53761
   7.82152   7.60616   7.53285   7.46931   7.35057   7.22784   7.04750   6.54626
   7.80983   7.59510   7.52163   7.45838   7.33983   7.21691   7.03591   6.53617
   7.81156   7.59681   7.52340   7.45988   7.34132   7.21824   7.03603   6.53675
   7.82238   7.60726   7.53344   7.47007   7.35154   7.22732   7.04512   6.54544
   7.82594   7.61033   7.53640   7.47341   7.35459   7.23010   7.04743   6.54842
   7.81718   7.60158   7.52780   7.46495   7.34620   7.22160   7.03840   6.54030
   7.82203   7.60617   7.53203   7.46922   7.35250   7.22548   7.04321   6.54385
   7.82702   7.61102   7.53655   7.47303   7.35709   7.22996   7.04763   6.54773
   7.83167   7.61558   7.54128   7.47730   7.36180   7.23397   7.05162   6.55191
   7.83048   7.61469   7.54048   7.47566   7.36045   7.23185   7.04953   6.55022
   7.82742   7.61140   7.53722   7.47242   7.35751   7.22876   7.04630   6.54782
   7.83587   7.61870   7.54518   7.48106   7.36483   7.23621   7.05408   6.55489
   7.83728   7.61950   7.54655   7.48208   7.36643   7.23740   7.05415   6.55618
   7.83407   7.61663   7.54308   7.47877   7.36280   7.23408   7.04983   6.55343
   7.83394   7.61662   7.54258   7.47885   7.36256   7.23400   7.05093   6.55341
   7.84395   7.62619   7.55192   7.48835   7.37164   7.24293   7.06009   6.56196
   7.84112   7.62398   7.54962   7.48617   7.36949   7.24062   7.05750   6.56014
   7.84075   7.62382   7.54953   7.48609   7.36890   7.24038   7.05740   6.55983
   7.84059   7.62346   7.54881   7.48617   7.36868   7.24028   7.05792   6.55957
   7.84723   7.62941   7.55495   7.49201   7.37495   7.24636   7.06365   6.56550
   7.85021   7.63264   7.55783   7.49475   7.37802   7.24926   7.06613   6.56823
   7.85104   7.63283   7.55800   7.49556   7.37840   7.24981   7.06670   6.56884
   7.85619   7.63669   7.56305   7.50040   7.38311   7.25456   7.07118   6.57320
   7.85640   7.63712   7.56378   7.50076   7.38322   7.25468   7.07119   6.57346
   7.85525   7.63606   7.56254   7.49970   7.38197   7.25330   7.06885   6.57220
   7.85581   7.63572   7.56243   7.49977   7.38204   7.25318   7.06857   6.57222
   7.85742   7.63685   7.56342   7.50085   7.38326   7.25433   7.07059   6.57295
   7.85949   7.63896   7.56530   7.50274   7.38507   7.25628   7.07205   6.57485
   7.85773   7.63727   7.56361   7.50083   7.38351   7.25402   7.06989   6.57294
   7.85699   7.63608   7.56246   7.50001   7.38277   7.25311   7.06807   6.57219
   7.85203   7.63152   7.55795   7.49570   7.37843   7.24883   7.06454   6.56816
   7.85687   7.63614   7.56221   7.49874   7.38302   7.25358   7.06804   6.57243
   7.84954   7.62768   7.55478   7.49145   7.37536   7.24601   7.05961   6.56614
   7.84509   7.62335   7.55058   7.48734   7.37126   7.24061   7.05571   6.56307
   7.85110   7.62927   7.55613   7.49308   7.37652   7.24585   7.06185   6.56803
   7.84950   7.62766   7.55399   7.49128   7.37418   7.24409   7.05946   6.56730
   7.84969   7.62761   7.55368   7.49071   7.37391   7.24367   7.05859   6.56654
   7.85119   7.62881   7.55483   7.49151   7.37532   7.24479   7.06105   6.56775
   7.85251   7.63054   7.55635   7.49278   7.37638   7.24612   7.06181   6.56951
   7.84671   7.62541   7.55097   7.48709   7.37131   7.24076   7.05606   6.56499
   7.84416   7.62288   7.54842   7.48463   7.36875   7.23824   7.05303   6.56281
   7.84690   7.62551   7.55135   7.48740   7.37140   7.24062   7.05616   6.56600
   7.84998   7.62861   7.55445   7.48998   7.37382   7.24343   7.05893   6.56914
   7.84666   7.62548   7.55122   7.48713   7.37068   7.24123   7.05510   6.56659
   7.84801   7.62652   7.55207   7.48843   7.37159   7.24227   7.05673   6.56769
   7.85179   7.63057   7.55559   7.49107   7.37309   7.24558   7.06050   6.57065
   7.85122   7.63016   7.55460   7.48991   7.37214   7.24481   7.05931   6.57016
   7.84288   7.62213   7.54649   7.48136   7.36417   7.23676   7.05148   6.56274
   7.84713   7.62702   7.55062   7.48527   7.36802   7.24046   7.05592   6.56103
   7.84596   7.62597   7.55016   7.48483   7.36709   7.23945   7.05450   6.56024
   7.84949   7.62906   7.55322   7.48814   7.37021   7.24235   7.05656   6.56361
   7.83893   7.61884   7.54310   7.47810   7.36027   7.23260   7.04573   6.55467
   7.84045   7.62008   7.54408   7.47930   7.36160   7.23373   7.04773   6.55603
   7.84480   7.62420   7.54816   7.48309   7.36516   7.23760   7.05226   6.55967
   7.84192   7.62139   7.54525   7.48037   7.36280   7.23492   7.04926   6.55738
   7.83629   7.61573   7.53959   7.47490   7.35715   7.22963   7.04415   6.55242
   7.84880   7.62783   7.55190   7.48662   7.36940   7.24129   7.05554   6.56357
   7.85760   7.63658   7.56069   7.49500   7.37775   7.24988   7.06363   6.57155
   7.85103   7.62985   7.55392   7.48831   7.37134   7.24391   7.05717   6.56620
   7.86182   7.64049   7.56591   7.49905   7.38176   7.25362   7.06669   6.57602
   7.87203   7.65038   7.57598   7.50902   7.39185   7.26321   7.07633   6.58512
   7.87857   7.65701   7.58196   7.51500   7.39764   7.26974   7.08199   6.59084
   7.88048   7.65893   7.58375   7.51704   7.40039   7.27171   7.08395   6.59240
   7.88699   7.66511   7.58982   7.52329   7.40624   7.27779   7.08961   6.59803
   7.89601   7.67417   7.59870   7.53213   7.41514   7.28655   7.09919   6.60590
   7.89350   7.67221   7.59666   7.53015   7.41341   7.28452   7.09694   6.60430
   7.89673   7.67537   7.59934   7.53333   7.41632   7.28741   7.09790   6.60685
   7.90093   7.67962   7.60327   7.53745   7.42069   7.29114   7.10060   6.61082
   7.91242   7.68983   7.61355   7.54748   7.43110   7.30149   7.11149   6.62010
   7.89877   7.67608   7.59824   7.53438   7.41848   7.28907   7.09821   6.60889
   7.90301   7.67968   7.60215   7.53840   7.42238   7.29304   7.10092   6.61164
   7.90815   7.68466   7.60742   7.54351   7.42731   7.29835   7.10687   6.61626
   7.91074   7.68720   7.61085   7.54560   7.42930   7.30021   7.10833   6.61855
   7.90798   7.68416   7.60813   7.54273   7.42557   7.29742   7.10518   6.61603
   7.90922   7.68540   7.60938   7.54382   7.42650   7.29850   7.10584   6.61672
   7.91772   7.69190   7.61571   7.55036   7.43273   7.30491   7.11219   6.62197
   7.90700   7.68179   7.60543   7.54055   7.42309   7.29513   7.10279   6.61328
   7.90781   7.68229   7.60546   7.54115   7.42404   7.29623   7.10312   6.61386
   7.90879   7.68341   7.60617   7.54244   7.42463   7.29732   7.10352   6.61447
   7.92048   7.69438   7.61714   7.55352   7.43551   7.30772   7.11412   6.62437
   7.90900   7.68324   7.60630   7.54287   7.42525   7.29751   7.10261   6.61496
   7.90691   7.68140   7.60424   7.54062   7.42369   7.29559   7.10100   6.61290
   7.90709   7.68179   7.60436   7.54155   7.42436   7.29549   7.10151   6.61274
   7.90290   7.67782   7.60043   7.53759   7.42077   7.29174   7.09891   6.60877
   7.89359   7.66819   7.59090   7.52829   7.41157   7.28297   7.09065   6.60062
   7.90116   7.67504   7.59785   7.53535   7.41879   7.28974   7.09640   6.60621
   7.90263   7.67645   7.59927   7.53647   7.41975   7.29101   7.09838   6.60722
   7.89886   7.67308   7.59577   7.53260   7.41676   7.28778   7.09598   6.60379
   7.89151   7.66606   7.58918   7.52578   7.41020   7.28123   7.08875   6.59776
   7.89414   7.66884   7.59295   7.52890   7.41321   7.28381   7.08973   6.59962
   7.89110   7.66574   7.59008   7.52628   7.41069   7.28137   7.08669   6.59720
   7.89400   7.66853   7.59287   7.52914   7.41375   7.28414   7.08939   6.59917
   7.89538   7.66974   7.59398   7.53000   7.41486   7.28511   7.08944   6.59971
   7.89987   7.67337   7.59799   7.53353   7.41858   7.28870   7.09296   6.60220
   7.90412   7.67655   7.60081   7.53653   7.42131   7.29157   7.09547   6.60450
   7.90215   7.67399   7.59828   7.53398   7.41881   7.28893   7.09203   6.60202
   7.90121   7.67311   7.59681   7.53269   7.41764   7.28774   7.08953   6.60057
   7.90400   7.67599   7.59962   7.53536   7.41991   7.29009   7.09110   6.60193
   7.90456   7.67667   7.60074   7.53622   7.42030   7.29051   7.09203   6.60249
   7.90710   7.67891   7.60284   7.53861   7.42237   7.29265   7.09265   6.60403
   7.90980   7.68146   7.60517   7.54075   7.42452   7.29484   7.09416   6.60501
   7.90398   7.67612   7.59979   7.53274   7.41842   7.28933   7.08873   6.59975
   7.90312   7.67461   7.59868   7.53117   7.41737   7.28817   7.08741   6.59890
   7.90593   7.67697   7.60110   7.53325   7.41963   7.29018   7.08830   6.60054
   7.91098   7.68118   7.60574   7.53756   7.42381   7.29401   7.09306   6.60323
   7.91107   7.68118   7.60568   7.53716   7.42311   7.29305   7.09169   6.60271
   7.91701   7.68650   7.61082   7.54191   7.42846   7.29820   7.09589   6.60675
   7.92079   7.69055   7.61421   7.54498   7.43140   7.30117   7.09780   6.60927
   7.92374   7.69373   7.61731   7.54806   7.43413   7.30387   7.10051   6.61117
   7.92248   7.69287   7.61602   7.54831   7.43317   7.30279   7.09922   6.61071
   7.93104   7.70026   7.62407   7.55631   7.44123   7.31022   7.10671   6.61693
   7.93606   7.70518   7.62873   7.56061   7.44539   7.31467   7.11023   6.62073
   7.93439   7.70329   7.62692   7.56051   7.44330   7.31308   7.10889   6.61871
   7.93337   7.70202   7.62578   7.55945   7.44213   7.31213   7.10774   6.61779
   7.93483   7.70239   7.62642   7.56030   7.44287   7.31260   7.10582   6.61826
   7.93309   7.70025   7.62442   7.55843   7.44070   7.31062   7.10328   6.61543
   7.93139   7.69792   7.62224   7.55642   7.43871   7.30841   7.10118   6.61287
   7.93406   7.69997   7.62411   7.55844   7.44126   7.31051   7.10396   6.61459
   7.93856   7.70413   7.62832   7.56326   7.44522   7.31500   7.10805   6.61761
   7.93653   7.70223   7.62629   7.56165   7.44352   7.31322   7.10611   6.61543
   7.93263   7.69672   7.62181   7.55784   7.43967   7.30910   7.10300   6.61169
   7.93418   7.69766   7.62294   7.55931   7.44126   7.31042   7.10431   6.61217
   7.94105   7.70332   7.62887   7.56557   7.44723   7.31650   7.10944   6.61678
   7.94322   7.70455   7.63007   7.56717   7.44924   7.31790   7.11157   6.61706
   7.94477   7.70526   7.63059   7.56809   7.45047   7.31876   7.10374   6.61724
   7.95010   7.70921   7.63445   7.57233   7.45526   7.32267   7.10731   6.61996
   7.95227   7.71027   7.63540   7.57379   7.45691   7.32359   7.10766   6.62006
   7.94379   7.70140   7.62631   7.56532   7.44887   7.31499   7.09924   6.61121
   7.94435   7.70071   7.62573   7.56503   7.44814   7.31443   7.09920   6.60985
   7.94682   7.70183   7.62725   7.56673   7.44995   7.31267   7.10135   6.60933
   7.94269   7.69755   7.62271   7.56256   7.44520   7.30763   7.09556   6.60350
   7.93872   7.69274   7.61737   7.55534   7.44057   7.30257   7.09067   6.59656
   7.93693   7.68965   7.61405   7.55244   7.43749   7.29927   7.08680   6.59302
   7.93402   7.68499   7.60948   7.54791   7.43341   7.29452   7.08080   6.58783
   7.92466   7.67414   7.59887   7.53740   7.42300   7.28370   7.06865   6.57703
   7.92059   7.66821   7.59289   7.53172   7.41796   7.27782   7.06248   6.57046
   7.92889   7.67416   7.59858   7.53717   7.42372   7.28266   7.06665   6.57432
   7.92198   7.66669   7.59158   7.52944   7.41638   7.27480   7.05771   6.56634
   7.91424   7.65832   7.58324   7.52093   7.40948   7.26639   7.04897   6.55686
   7.90806   7.65129   7.57606   7.51397   7.40256   7.25786   7.04214   6.54928
   7.90809   7.65058   7.57481   7.51259   7.40135   7.25598   7.04006   6.54632
   7.90431   7.64596   7.56981   7.50589   7.39600   7.25063   7.03239   6.54068
   7.89720   7.63785   7.56144   7.49703   7.38746   7.24173   7.02304   6.53157
   7.90102   7.63985   7.56327   7.49852   7.38874   7.24236   7.02386   6.53140
   7.90697   7.64409   7.56719   7.50202   7.39208   7.24503   7.02596   6.53317
   7.89897   7.63436   7.55781   7.49218   7.38180   7.23493   7.01367   6.52345
   7.89361   7.62786   7.55115   7.48497   7.37477   7.22765   7.00551   6.51544
   7.90637   7.63895   7.56159   7.49498   7.38438   7.23686   7.01442   6.52326
   7.90750   7.63895   7.56103   7.49389   7.38201   7.23619   7.01131   6.52058
   7.90401   7.63423   7.55614   7.48845   7.37588   7.23035   7.00434   6.51454
   7.91987   7.64815   7.56973   7.50117   7.38820   7.24212   7.01635   6.52382
   7.92488   7.65148   7.57260   7.50435   7.39001   7.24394   7.01820   6.52416
   7.92731   7.65215   7.57304   7.50423   7.38921   7.24322   7.01603   6.52319
   7.92888   7.65195   7.57299   7.50351   7.38783   7.24158   7.01278   6.52122
   7.94366   7.66441   7.58471   7.51442   7.39883   7.25187   7.02212   6.53098
   7.94680   7.66578   7.58636   7.51474   7.39903   7.25189   7.02180   6.53062
   7.93987   7.65739   7.57745   7.50566   7.38974   7.24266   7.01121   6.52172
   7.94084   7.65626   7.57636   7.50365   7.38776   7.24046   7.00825   6.51874
   7.94594   7.65917   7.57912   7.50586   7.38983   7.24247   7.01014   6.51685
   7.95190   7.66311   7.58289   7.50919   7.39246   7.24461   7.01185   6.51853
   7.93787   7.64750   7.56742   7.49317   7.37656   7.22852   6.99493   6.50356
   7.94370   7.65105   7.57077   7.49806   7.37929   7.23069   6.99705   6.50428
   7.95706   7.66198   7.58107   7.50816   7.38864   7.23991   7.00585   6.51244
   7.95279   7.65613   7.57490   7.50145   7.38183   7.23267   6.99892   6.50544
   7.94026   7.64202   7.55978   7.48691   7.36778   7.21808   6.98437   6.49351
   7.95471   7.65372   7.57194   7.49768   7.37850   7.22801   6.99411   6.50162
   7.96055   7.65774   7.57537   7.50095   7.38130   7.23043   6.99527   6.50360
   7.95767   7.65317   7.57028   7.49559   7.37580   7.22441   6.98844   6.49737
   7.96562   7.65848   7.57575   7.50061   7.38007   7.22845   6.99173   6.49996
   7.96981   7.66042   7.57751   7.50180   7.38129   7.22847   6.99123   6.49948
   7.98037   7.66842   7.58488   7.50860   7.38790   7.23443   6.99564   6.50413
   7.97040   7.65659   7.57299   7.49642   7.37600   7.22225   6.98330   6.49310
   7.96554   7.64984   7.56606   7.48936   7.36865   7.21485   6.97491   6.48599
   7.97744   7.65937   7.57494   7.49758   7.37668   7.22256   6.98166   6.49236
   7.97764   7.65788   7.57215   7.49515   7.37398   7.21955   6.97861   6.48932
   7.97936   7.65767   7.57189   7.49418   7.37321   7.21778   6.97488   6.48744
   7.98274   7.65893   7.57318   7.49460   7.37331   7.21769   6.97378   6.48676
   7.98513   7.65958   7.57304   7.49424   7.37308   7.21716   6.97382   6.48576
   7.97741   7.64789   7.56550   7.48490   7.36335   7.20697   6.96295   6.47695
   7.97805   7.64735   7.56457   7.48368   7.36172   7.20505   6.95930   6.47464
   7.97208   7.64019   7.55705   7.47591   7.35364   7.19719   6.95116   6.46662
   7.98102   7.64777   7.56382   7.48236   7.35946   7.20296   6.95574   6.47187
   7.97092   7.63699   7.55299   7.47128   7.34786   7.19140   6.94340   6.46142
   7.96841   7.63393   7.54977   7.46780   7.34394   7.18731   6.93817   6.45752
   7.96712   7.63189   7.54747   7.46609   7.34091   7.18391   6.93463   6.45717
   7.96861   7.63213   7.54800   7.46611   7.34078   7.18349   6.93309   6.45636
   7.96093   7.62376   7.53962   7.45713   7.33179   7.17488   6.92272   6.44789
   7.96422   7.62611   7.54114   7.45858   7.33297   7.17633   6.92298   6.44882
   7.96612   7.62779   7.54240   7.45866   7.33311   7.17626   6.92273   6.44858
   7.96176   7.62277   7.53742   7.45324   7.32754   7.17083   6.91668   6.44373
   7.96789   7.62828   7.54250   7.45747   7.33168   7.17491   6.91898   6.44724
   7.97009   7.62975   7.54404   7.45902   7.33235   7.17581   6.91863   6.44792
   7.96619   7.62548   7.53991   7.45401   7.32751   7.17116   6.91354   6.44351
   7.95436   7.61380   7.52873   7.44218   7.31539   7.15967   6.90119   6.43289
   7.95257   7.61184   7.52638   7.43754   7.31267   7.15730   6.89766   6.42439
   7.94044   7.59975   7.51419   7.42567   7.30051   7.14519   6.88531   6.41331
   7.94018   7.59925   7.51344   7.42444   7.29942   7.14408   6.88314   6.41196
   7.93415   7.59323   7.50712   7.41820   7.29311   7.13821   6.87606   6.40616
   7.92746   7.58587   7.50053   7.41105   7.28603   7.13085   6.86806   6.39946
   7.92475   7.58206   7.49721   7.40756   7.28266   7.12726   6.86471   6.39612
   7.91768   7.57490   7.49005   7.40055   7.27534   7.12035   6.85687   6.39035
   7.90926   7.56640   7.48199   7.39257   7.26705   7.11261   6.84814   6.38346
   7.91633   7.57272   7.48788   7.39678   7.27262   7.11839   6.85277   6.38814
   7.92061   7.57663   7.49153   7.40005   7.27594   7.12142   6.85652   6.39048
   7.91593   7.57200   7.48710   7.39583   7.27148   7.11741   6.85147   6.38728
   7.92151   7.57742   7.49221   7.40059   7.27658   7.12214   6.85472   6.39151
   7.91625   7.57190   7.48684   7.39504   7.27144   7.11685   6.84912   6.38616
   7.91541   7.57128   7.48629   7.39397   7.27059   7.11625   6.84859   6.38518
   7.90764   7.56308   7.47909   7.38629   7.26297   7.10915   6.84065   6.37880
   7.91328   7.56769   7.48401   7.39100   7.26777   7.11367   6.84433   6.38276
   7.91227   7.56641   7.48288   7.38976   7.26630   7.11230   6.84225   6.38170
   7.91862   7.57230   7.48861   7.39538   7.27181   7.11765   6.84639   6.38629
   7.91320   7.56686   7.48298   7.39007   7.26625   7.11278   6.84152   6.38085
   7.90798   7.56181   7.47750   7.38459   7.26124   7.10714   6.83563   6.37599
   7.91725   7.57025   7.48621   7.39324   7.26835   7.11598   6.84338   6.38377
   7.91276   7.56570   7.48120   7.38885   7.26402   7.11141   6.83995   6.37917
   7.91393   7.56783   7.48376   7.39149   7.26630   7.11375   6.84144   6.38110
   7.91388   7.56736   7.48374   7.39123   7.26639   7.11391   6.84030   6.38122
   7.92534   7.57781   7.49462   7.40189   7.27693   7.12426   6.85077   6.39003
   7.92277   7.57446   7.49186   7.39900   7.27451   7.12142   6.84793   6.38763
   7.91947   7.57107   7.48859   7.39612   7.27165   7.11856   6.84433   6.38483
   7.91920   7.57079   7.48791   7.39591   7.27169   7.11859   6.84414   6.38456
   7.91973   7.57115   7.48824   7.39654   7.27253   7.11909   6.84581   6.38459
   7.92033   7.57142   7.48890   7.39680   7.27331   7.12222   6.84633   6.38567
   7.91623   7.56741   7.48522   7.39327   7.27005   7.11894   6.84192   6.38247
   7.91490   7.56655   7.48249   7.39179   7.26935   7.11788   6.84107   6.38131
   7.90181   7.55569   7.47182   7.38131   7.25939   7.10772   6.83162   6.37200
   7.89578   7.54999   7.46600   7.37585   7.25394   7.10262   6.82570   6.36755
   7.88942   7.54396   7.46010   7.37034   7.24879   7.09731   6.82443   6.36265
   7.89196   7.54645   7.46259   7.37285   7.25154   7.09993   6.82622   6.36511
   7.88233   7.53744   7.45399   7.36390   7.24356   7.09181   6.81836   6.35778
   7.87732   7.53187   7.44849   7.35834   7.23846   7.08707   6.81356   6.35308
   7.87154   7.52824   7.44337   7.35310   7.23364   7.08231   6.80841   6.34876
   7.86956   7.52651   7.44180   7.35179   7.23232   7.07995   6.80632   6.34705
   7.86363   7.52097   7.43631   7.34639   7.22765   7.07501   6.80139   6.34268
   7.85803   7.51540   7.43088   7.34115   7.22243   7.07016   6.79645   6.33835
   7.86045   7.51763   7.43319   7.34345   7.22517   7.07273   6.79707   6.34030
   7.85676   7.51405   7.42983   7.33997   7.22188   7.06974   6.79494   6.33751
   7.85517   7.51233   7.42836   7.33813   7.21977   7.06836   6.78281   6.33615
   7.84590   7.50369   7.42016   7.32951   7.21135   7.06005   6.77425   6.32888
   7.85237   7.51011   7.42687   7.33391   7.21786   7.06592   6.77910   6.33407
   7.83989   7.50026   7.41747   7.32441   7.20825   7.05688   6.77100   6.32579
   7.85206   7.51140   7.42823   7.33479   7.21887   7.06719   6.78020   6.33510
   7.85051   7.50987   7.42658   7.33294   7.21720   7.06583   6.77800   6.33344
   7.85226   7.51164   7.42796   7.33439   7.21886   7.06723   6.77922   6.33462
   7.85231   7.51101   7.42561   7.33427   7.21775   7.06686   6.77934   6.33392
   7.86129   7.51935   7.43281   7.34213   7.22518   7.07443   6.78501   6.34108
   7.86348   7.52170   7.43532   7.34405   7.22743   7.07676   6.78576   6.34284
   7.86263   7.52140   7.43497   7.34323   7.22668   7.07600   6.78529   6.34202
   7.86466   7.52309   7.43726   7.34529   7.22811   7.07757   6.78634   6.34330
   7.87235   7.53043   7.44430   7.35173   7.23478   7.08429   6.79302   6.34949
   7.88263   7.53974   7.45346   7.36038   7.24348   7.09286   6.80073   6.35670
   7.87366   7.53376   7.44712   7.35363   7.23637   7.08651   6.79448   6.35054
   7.87706   7.53661   7.44992   7.35619   7.23906   7.08951   6.79758   6.35309
   7.88131   7.54072   7.45404   7.35987   7.24258   7.09334   6.80072   6.35692
   7.88370   7.54290   7.45597   7.36238   7.24458   7.09540   6.80190   6.35887
   7.88092   7.53961   7.45299   7.35941   7.24117   7.09277   6.79783   6.35602
   7.88083   7.53916   7.45278   7.35912   7.24083   7.09254   6.79649   6.35592
   7.88980   7.54782   7.46127   7.36720   7.24888   7.10038   6.80379   6.36298
   7.88379   7.54220   7.45567   7.36147   7.24348   7.09485   6.79741   6.35813
   7.87908   7.53750   7.45100   7.35709   7.23844   7.09196   6.79324   6.35416
   7.88081   7.53915   7.45219   7.35784   7.23963   7.09333   6.79356   6.35558
   7.88816   7.54705   7.45982   7.36494   7.24651   7.10083   6.79915   6.36194
   7.88979   7.54830   7.46108   7.36606   7.24751   7.10186   6.79977   6.36295
   7.89355   7.55191   7.46458   7.36981   7.25062   7.10498   6.80406   6.36561
   7.89140   7.54982   7.46254   7.36768   7.24814   7.10293   6.80152   6.36404
   7.89231   7.55034   7.46187   7.36784   7.24845   7.10333   6.80158   6.36408
   7.90440   7.56213   7.47320   7.37861   7.25925   7.11421   6.81079   6.37382
   7.90467   7.56239   7.47354   7.37884   7.25914   7.11480   6.81078   6.37437
   7.90674   7.56470   7.47583   7.38035   7.26096   7.11687   6.81130   6.37670
   7.90240   7.56076   7.46982   7.37605   7.25665   7.11241   6.80673   6.37295
   7.90984   7.56766   7.47677   7.38246   7.26269   7.11879   6.81312   6.37846
   7.90997   7.56787   7.47682   7.38213   7.26197   7.11861   6.81284   6.37850
   7.91693   7.57521   7.48376   7.38858   7.26881   7.12546   6.81792   6.38491
   7.91578   7.57489   7.48348   7.38826   7.26840   7.12517   6.81687   6.38432
   7.91901   7.57798   7.48640   7.39135   7.27101   7.12825   6.81959   6.38690
   7.91931   7.57849   7.48667   7.39147   7.27127   7.12891   6.81880   6.38738
   7.91861   7.57771   7.48588   7.39031   7.27001   7.12833   6.81738   6.38694
   7.92103   7.57921   7.48794   7.39219   7.27164   7.13006   6.81887   6.38840
   7.92462   7.58261   7.49116   7.39533   7.27490   7.13336   6.82283   6.39148
   7.93676   7.59427   7.50149   7.40606   7.28683   7.14446   6.83224   6.40177
   7.93354   7.59083   7.49855   7.40302   7.28325   7.14158   6.82820   6.39872
   7.94112   7.59776   7.50553   7.40970   7.29024   7.14823   6.83477   6.40404
   7.93515   7.59268   7.49956   7.40460   7.28493   7.14338   6.83064   6.39984
   7.93271   7.59154   7.49870   7.40337   7.28412   7.14259   6.82918   6.39958
   7.93620   7.59458   7.50193   7.40826   7.28746   7.14580   6.83261   6.40204
   7.93814   7.59644   7.50380   7.41013   7.28930   7.14770   6.83427   6.40426
   7.94093   7.59956   7.50675   7.41287   7.29192   7.15066   6.83704   6.40748
   7.93621   7.59544   7.50297   7.40864   7.28801   7.14722   6.83295   6.40453
   7.94154   7.60012   7.50830   7.41388   7.29365   7.15219   6.83765   6.40869
   7.93607   7.59515   7.50207   7.40868   7.28738   7.14764   6.83365   6.40473
   7.93985   7.59874   7.50553   7.41209   7.29096   7.15147   6.83715   6.40793
   7.93278   7.59192   7.49890   7.40529   7.28484   7.14528   6.83036   6.40258
   7.93457   7.59301   7.50020   7.40686   7.28644   7.14668   6.83291   6.40382
   7.93753   7.59616   7.50323   7.41016   7.28972   7.15007   6.83636   6.40686
   7.93676   7.59536   7.50271   7.40886   7.28944   7.14817   6.83498   6.40656
   7.93389   7.59260   7.50012   7.40616   7.28673   7.14595   6.83192   6.40396
   7.93560   7.59438   7.50204   7.40836   7.28880   7.14779   6.83362   6.40561
   7.93643   7.59598   7.50320   7.40968   7.29044   7.14923   6.83481   6.40683
   7.93304   7.59231   7.50047   7.40642   7.28753   7.14646   6.83120   6.40468
   7.93565   7.59483   7.50286   7.40877   7.29010   7.14863   6.83312   6.40672
   7.93681   7.59552   7.50391   7.40992   7.29138   7.14998   6.83344   6.40699
   7.93126   7.59000   7.49878   7.40472   7.28633   7.14300   6.82782   6.40246
   7.93638   7.59502   7.50387   7.40955   7.29164   7.14803   6.83125   6.40721
   7.93228   7.59127   7.50018   7.40623   7.28834   7.14456   6.82756   6.40390
   7.93374   7.59248   7.50187   7.40840   7.29004   7.14657   6.82921   6.40554
   7.93631   7.59493   7.50427   7.41081   7.29245   7.14907   6.83205   6.40735
   7.93819   7.59694   7.50621   7.41312   7.29419   7.15150   6.83271   6.40881
   7.93610   7.59522   7.50451   7.41183   7.29245   7.15040   6.83077   6.40702
   7.94455   7.60381   7.51298   7.42005   7.30102   7.15852   6.83870   6.41422
   7.94251   7.60164   7.51023   7.41814   7.29900   7.15658   6.83651   6.41228
   7.94041   7.59945   7.50832   7.41605   7.29722   7.15453   6.83354   6.41070
   7.93798   7.59692   7.50603   7.41397   7.29499   7.15289   6.83184   6.40880
   7.93250   7.59171   7.50113   7.40883   7.28989   7.14823   6.82720   6.40411
   7.93095   7.59048   7.50029   7.40798   7.28942   7.14749   6.82560   6.40363
   7.93494   7.59445   7.50435   7.41260   7.29376   7.15172   6.82877   6.40721
   7.92761   7.58695   7.49736   7.40623   7.28711   7.14555   6.82296   6.40095
   7.91131   7.57134   7.48204   7.38999   7.27216   7.13121   6.81078   6.38767
   7.91195   7.57248   7.48284   7.39120   7.27329   7.13211   6.81143   6.38813
   7.90170   7.56254   7.47331   7.38213   7.26417   7.12316   6.80233   6.37997
   7.89893   7.56116   7.47114   7.37993   7.26169   7.12090   6.79958   6.37791
   7.90020   7.56241   7.47216   7.38034   7.26330   7.12211   6.80050   6.37904
   7.89854   7.56043   7.47030   7.37859   7.26253   7.12044   6.79812   6.37773
   7.89239   7.55431   7.46427   7.37312   7.25696   7.11517   6.79265   6.37266
   7.89247   7.55432   7.46446   7.37355   7.25769   7.11569   6.79325   6.37341
   7.88410   7.54643   7.45650   7.36556   7.25036   7.10838   6.78608   6.36638
   7.87840   7.54085   7.45099   7.36051   7.24535   7.10322   6.78039   6.36217
   7.87717   7.53980   7.44986   7.35963   7.24378   7.10239   6.77927   6.36095
   7.87258   7.53547   7.44628   7.35541   7.23950   7.09844   6.77599   6.35696
   7.87273   7.53540   7.44666   7.35535   7.23933   7.09913   6.77670   6.35713
   7.87188   7.53517   7.44578   7.35435   7.23880   7.09812   6.77487   6.35676
   7.85543   7.51952   7.43026   7.33759   7.22342   7.08335   6.76114   6.34312
   7.85708   7.52093   7.43198   7.33841   7.22454   7.08479   6.76248   6.34472
   7.85176   7.51562   7.42690   7.33280   7.21946   7.07975   6.75578   6.34024
   7.84815   7.51182   7.42338   7.32910   7.21570   7.07604   6.75179   6.33679
   7.84310   7.50690   7.41863   7.32423   7.21080   7.07147   6.74738   6.33278
   7.84647   7.51004   7.42166   7.32673   7.21338   7.07393   6.74889   6.33494
   7.84352   7.50702   7.41882   7.32411   7.21103   7.07140   6.74533   6.33298
   7.84282   7.50649   7.41620   7.32358   7.21045   7.07118   6.74518   6.33273
   7.84070   7.50449   7.41436   7.32181   7.20859   7.06945   6.74443   6.33070
   7.83222   7.49662   7.40629   7.31402   7.20105   7.06220   6.73772   6.32396
   7.84383   7.50727   7.41709   7.32404   7.21185   7.07266   6.74647   6.33328
   7.84037   7.50340   7.41370   7.32043   7.20849   7.06937   6.74247   6.33038
   7.84271   7.50533   7.41601   7.32244   7.21060   7.07124   6.74476   6.33246
   7.83774   7.50018   7.41158   7.31771   7.20617   7.06677   6.74031   6.32814
   7.83043   7.49315   7.40462   7.31135   7.19981   7.06007   6.73351   6.32266
   7.83362   7.49648   7.40742   7.31381   7.20284   7.06314   6.73626   6.32493
   7.83924   7.50164   7.41270   7.31893   7.20813   7.06845   6.74183   6.32947
   7.83271   7.49611   7.40702   7.31320   7.20266   7.06314   6.73602   6.32478
   7.82639   7.49015   7.40140   7.30799   7.19742   7.05792   6.73094   6.32035
   7.82769   7.49197   7.40299   7.30981   7.19899   7.05961   6.73286   6.32170
   7.82482   7.48936   7.40199   7.30767   7.19682   7.05732   6.73107   6.31936
   7.81867   7.48309   7.39609   7.30219   7.19118   7.05192   6.72514   6.31436
   7.82317   7.48734   7.40022   7.30636   7.19557   7.05604   6.72811   6.31831
   7.82157   7.48623   7.39894   7.30506   7.19431   7.05506   6.72742   6.31735
   7.82649   7.49071   7.40379   7.30944   7.19933   7.06007   6.73279   6.32157
   7.82188   7.48645   7.39938   7.30562   7.19493   7.05627   6.72799   6.31795
   7.81627   7.48147   7.39446   7.30049   7.18985   7.05189   6.72335   6.31350
   7.81320   7.47841   7.39233   7.29790   7.18732   7.04954   6.72139   6.31148
   7.81834   7.48337   7.39768   7.30278   7.19252   7.05467   6.72613   6.31591
   7.81413   7.48016   7.39413   7.29961   7.18901   7.05148   6.72220   6.31316
   7.81170   7.47809   7.39046   7.29770   7.18628   7.04928   6.72023   6.30953
   7.80256   7.46925   7.38189   7.28924   7.17817   7.04139   6.71231   6.30210
   7.79786   7.46470   7.37747   7.28419   7.17366   7.03722   6.70788   6.29793
   7.79357   7.46068   7.37360   7.27969   7.16972   7.03377   6.70311   6.29440
   7.79358   7.46030   7.37342   7.27909   7.16939   7.03358   6.70265   6.29410
   7.79238   7.45891   7.37220   7.27768   7.16839   7.03262   6.70174   6.29314
   7.79386   7.46074   7.37383   7.27925   7.16965   7.03480   6.70306   6.29457
   7.78913   7.45651   7.36954   7.27510   7.16509   7.03075   6.69825   6.29132
   7.79324   7.46073   7.37359   7.27849   7.16848   7.03458   6.70328   6.29415
   7.79091   7.45856   7.37124   7.27620   7.16652   7.03266   6.70062   6.29193
   7.79440   7.46159   7.37501   7.27878   7.16916   7.03581   6.70323   6.29465
   7.79475   7.46215   7.37549   7.27874   7.16929   7.03605   6.70256   6.29478
   7.79278   7.45736   7.37367   7.27610   7.16684   7.03387   6.70079   6.29226
   7.80040   7.46475   7.38166   7.28205   7.17380   7.04137   6.70791   6.29858
   7.79531   7.45974   7.37691   7.27706   7.16875   7.03623   6.70213   6.29486
   7.79305   7.45753   7.37513   7.27461   7.16659   7.03415   6.69999   6.29291
   7.79624   7.46102   7.37852   7.27777   7.16949   7.03666   6.70329   6.29709
   7.78808   7.45318   7.37042   7.27003   7.16199   7.02914   6.69520   6.28999
   7.78735   7.45261   7.36988   7.26911   7.16118   7.02848   6.69412   6.28930
   7.78712   7.45248   7.36998   7.26879   7.16050   7.02835   6.69432   6.28910
   7.78577   7.45112   7.36866   7.26723   7.15926   7.02706   6.69329   6.28784
   7.78529   7.45026   7.36819   7.26661   7.15891   7.02646   6.69312   6.28710
   7.78308   7.44920   7.36643   7.26504   7.15693   7.02452   6.69121   6.28620
   7.78010   7.44584   7.36389   7.26381   7.15406   7.02198   6.68846   6.28348
   7.78263   7.44777   7.36619   7.26627   7.15662   7.02422   6.69075   6.28577
   7.77803   7.44327   7.36187   7.26186   7.15234   7.02020   6.68639   6.28212
   7.76844   7.43248   7.35317   7.25345   7.14327   7.01476   6.67891   6.27421
   7.77154   7.43530   7.35619   7.25654   7.14633   7.01784   6.68250   6.27655
   7.76499   7.43077   7.35174   7.25271   7.14267   7.01378   6.67844   6.27295
   7.76955   7.43525   7.35631   7.25742   7.14696   7.01822   6.68311   6.27718
   7.76294   7.42882   7.35016   7.25149   7.14110   7.01238   6.67758   6.27177
   7.76477   7.43035   7.35187   7.25264   7.14306   7.01448   6.67930   6.27354
   7.76120   7.42684   7.34871   7.24988   7.14072   7.01175   6.67662   6.27102
   7.76223   7.42802   7.34983   7.25037   7.14190   7.01291   6.67694   6.27187
   7.75859   7.42456   7.34686   7.24724   7.13880   7.00982   6.67461   6.26912
   7.75756   7.42337   7.34601   7.24650   7.13830   7.00932   6.67427   6.26871
   7.75806   7.42388   7.34643   7.24733   7.13926   7.01013   6.67429   6.26975
   7.76464   7.43048   7.35293   7.25401   7.14536   7.01655   6.68062   6.27547
   7.75602   7.42186   7.34437   7.24577   7.13741   7.00858   6.67324   6.26809
   7.75578   7.42206   7.34421   7.24640   7.13816   7.00903   6.67332   6.26878
   7.75110   7.41743   7.33947   7.24204   7.13415   7.00483   6.66999   6.26530
   7.74700   7.41284   7.33529   7.23795   7.13026   7.00116   6.66626   6.26215
   7.74586   7.41301   7.33590   7.23828   7.13116   7.00171   6.66754   6.26273
   7.74299   7.41036   7.33331   7.23521   7.12920   6.99959   6.66592   6.26425
   7.73973   7.40842   7.33042   7.23228   7.12672   6.99680   6.66287   6.26205
   7.73985   7.40814   7.33085   7.23302   7.12712   6.99814   6.66278   6.26245
   7.75879   7.42610   7.34915   7.25111   7.14496   7.01568   6.67917   6.27816
   7.75434   7.42195   7.34495   7.24742   7.14125   7.01204   6.67599   6.27482
   7.74661   7.41505   7.33804   7.24070   7.13458   7.00555   6.66959   6.26904
   7.74059   7.40942   7.33230   7.23532   7.12952   7.00058   6.66445   6.26452
   7.73963   7.40826   7.33090   7.23406   7.12869   6.99990   6.67014   6.26359
   7.73917   7.40784   7.33011   7.23378   7.12838   6.99965   6.66929   6.26322
   7.73886   7.40737   7.32961   7.23310   7.12792   6.99935   6.66775   6.26316
   7.73840   7.40695   7.32928   7.23249   7.12767   6.99898   6.66755   6.26248
   7.73794   7.40614   7.32909   7.23208   7.12741   6.99884   6.66625   6.26202
   7.73770   7.40630   7.32923   7.23175   7.12710   6.99863   6.66525   6.26193
   7.73770   7.40635   7.32929   7.23109   7.12658   6.99870   6.66590   6.26159
