   7.77008   7.56545   7.50013   7.42373   7.31554   7.20006   7.00529   6.52546
   7.76963   7.56533   7.49971   7.42350   7.31488   7.19995   7.00598   6.52624
   7.76854   7.56421   7.49832   7.42240   7.31380   7.19902   7.00547   6.52525
   7.76996   7.56621   7.50005   7.42395   7.31550   7.20070   7.00763   6.52634
   7.77037   7.56680   7.50074   7.42451   7.31626   7.20127   7.00900   6.52816
   7.77173   7.56738   7.50119   7.42499   7.31718   7.20185   7.00992   6.52858
   7.77178   7.56711   7.50116   7.42489   7.31740   7.20214   7.00903   6.52842
   7.77191   7.56737   7.50147   7.42512   7.31781   7.20237   7.00995   6.52865
   7.77255   7.56827   7.50215   7.42583   7.31824   7.20286   7.01155   6.52970
   7.77383   7.56960   7.50327   7.42691   7.31924   7.20427   7.01288   6.53027
   7.77428   7.57041   7.50113   7.42743   7.31950   7.20470   7.01369   6.53074
   7.77433   7.57052   7.50102   7.42769   7.31993   7.20470   7.01369   6.53010
   7.77481   7.57090   7.50103   7.42780   7.32026   7.20488   7.01455   6.53036
   7.77626   7.57216   7.50207   7.42895   7.32130   7.20599   7.01542   6.53071
   7.77661   7.57295   7.50312   7.42944   7.32143   7.20623   7.01579   6.53004
   7.77770   7.57347   7.50389   7.43002   7.32200   7.20644   7.01612   6.53023
   7.77869   7.57381   7.50442   7.43086   7.32212   7.20669   7.01682   6.53114
   7.77898   7.57435   7.50449   7.43087   7.32215   7.20677   7.01598   6.53076
   7.77967   7.57513   7.50522   7.43139   7.32248   7.20700   7.01594   6.53075
   7.78002   7.57542   7.50548   7.43153   7.32296   7.20694   7.01648   6.53065
   7.78186   7.57735   7.50725   7.43341   7.32452   7.20955   7.01903   6.53216
   7.78389   7.57921   7.50916   7.43557   7.32656   7.21128   7.02022   6.53287
   7.78376   7.57944   7.50917   7.43576   7.32733   7.21093   7.02027   6.53252
   7.78384   7.57903   7.50915   7.43641   7.32723   7.21068   7.02071   6.53322
   7.78366   7.57918   7.50926   7.43641   7.32698   7.21090   7.02101   6.53280
   7.78771   7.58275   7.51273   7.43963   7.33069   7.21439   7.02393   6.53606
   7.78802   7.58296   7.51279   7.43965   7.33094   7.21426   7.02408   6.53592
   7.78816   7.58285   7.51255   7.43957   7.33042   7.21360   7.02546   6.53594
   7.78859   7.58350   7.51260   7.43992   7.33057   7.21392   7.02585   6.53577
   7.78898   7.58372   7.51261   7.44009   7.33082   7.21402   7.02514   6.53622
   7.79036   7.58516   7.51402   7.44163   7.33262   7.21524   7.02674   6.53756
   7.79119   7.58590   7.51498   7.44247   7.33292   7.21580   7.02918   6.53664
   7.79166   7.58674   7.51590   7.44356   7.33201   7.21638   7.02889   6.53723
   7.79160   7.58629   7.51504   7.44337   7.33143   7.21701   7.02775   6.53643
   7.79204   7.58630   7.51527   7.44336   7.33158   7.21684   7.02915   6.53698
   7.79260   7.58646   7.51546   7.44343   7.33161   7.21722   7.03014   6.53756
   7.79218   7.58610   7.51483   7.44292   7.33117   7.21701   7.02878   6.53688
   7.79390   7.58774   7.51455   7.44425   7.33237   7.21816   7.02994   6.53813
   7.79504   7.58878   7.51587   7.44524   7.33324   7.21872   7.03141   6.53936
   7.79435   7.58770   7.51522   7.44420   7.33236   7.21777   7.03094   6.53848
   7.79500   7.58820   7.51620   7.44493   7.33283   7.21828   7.03091   6.53878
   7.79567   7.58839   7.51805   7.44549   7.33302   7.21874   7.03173   6.53580
   7.79689   7.58975   7.51919   7.44689   7.33870   7.22000   7.03405   6.53759
   7.79635   7.58985   7.51840   7.44653   7.33821   7.21995   7.03326   6.53685
   7.79660   7.59092   7.51893   7.44766   7.33925   7.22083   7.03332   6.53735
   7.79782   7.59179   7.51973   7.44898   7.33998   7.22170   7.03456   6.53822
   7.79777   7.59167   7.51988   7.44922   7.34030   7.22163   7.03479   6.53858
   7.79826   7.59270   7.52043   7.44989   7.34091   7.22228   7.03575   6.53874
   7.79868   7.59348   7.52103   7.45081   7.34162   7.22265   7.03536   6.53891
   7.79889   7.59411   7.52133   7.45136   7.34181   7.22339   7.03521   6.53902
   7.79824   7.59303   7.52069   7.45028   7.34093   7.22235   7.03555   6.53907
   7.79960   7.59412   7.52217   7.45155   7.34216   7.22346   7.03634   6.53978
   7.79880   7.59298   7.52100   7.45099   7.34134   7.22260   7.03589   6.53910
   7.79892   7.59332   7.52149   7.45137   7.34180   7.22268   7.03818   6.53937
   7.80067   7.59595   7.52416   7.45363   7.34431   7.22542   7.04088   6.54163
   7.79965   7.59537   7.52372   7.45293   7.34370   7.22464   7.03902   6.54064
   7.79934   7.59494   7.52336   7.45298   7.34335   7.22423   7.03831   6.54049
   7.80131   7.59709   7.52555   7.45519   7.34572   7.22619   7.04094   6.54259
   7.80181   7.59727   7.52604   7.45561   7.34616   7.22654   7.04146   6.54322
   7.80198   7.59788   7.52601   7.45605   7.34651   7.22757   7.04095   6.54294
   7.80345   7.59930   7.52716   7.45709   7.34754   7.22869   7.04189   6.54423
   7.80378   7.59938   7.52742   7.45736   7.34772   7.22872   7.04207   6.54480
   7.80462   7.59972   7.52756   7.45784   7.34768   7.22891   7.04176   6.54484
   7.80494   7.60004   7.52747   7.45837   7.34779   7.22888   7.04124   6.54494
   7.80612   7.60129   7.52875   7.45990   7.34897   7.23020   7.04357   6.54621
   7.80629   7.60194   7.52914   7.45990   7.34923   7.23061   7.04449   6.54655
   7.80749   7.60336   7.52981   7.46146   7.35001   7.23159   7.04540   6.54687
   7.80834   7.60400   7.53063   7.46217   7.35091   7.23228   7.04536   6.54787
   7.80905   7.60376   7.53134   7.46271   7.35136   7.23291   7.04682   6.54879
   7.81120   7.60620   7.53395   7.46564   7.35340   7.23447   7.04930   6.55145
   7.81107   7.60573   7.53354   7.46530   7.35297   7.23407   7.04779   6.55108
   7.81269   7.60733   7.53531   7.46666   7.35437   7.23520   7.04923   6.55269
   7.81219   7.60673   7.53439   7.46587   7.35328   7.23430   7.04913   6.55229
   7.81346   7.60793   7.53523   7.46667   7.35427   7.23507   7.05069   6.55314
   7.81341   7.60807   7.53513   7.46666   7.35447   7.23508   7.04954   6.55278
   7.81402   7.60912   7.53619   7.46779   7.35551   7.23613   7.05098   6.55366
   7.81416   7.60959   7.53608   7.46761   7.35579   7.23606   7.05115   6.55402
   7.81498   7.61025   7.53631   7.46814   7.35606   7.23668   7.05153   6.55469
   7.81585   7.61075   7.53720   7.46992   7.35710   7.23725   7.05212   6.55527
   7.81686   7.61109   7.53786   7.47096   7.35786   7.24012   7.05357   6.55636
   7.81802   7.61196   7.53897   7.47192   7.35903   7.24111   7.05450   6.55779
   7.81786   7.61130   7.53840   7.47175   7.35850   7.24044   7.05413   6.55776
   7.81972   7.61291   7.53989   7.47321   7.35885   7.24168   7.05524   6.55864
   7.82109   7.61394   7.54073   7.47389   7.35955   7.24208   7.05671   6.55899
   7.81935   7.61246   7.53906   7.47204   7.35738   7.24035   7.05520   6.55792
   7.82186   7.61358   7.53981   7.47304   7.35844   7.24147   7.05557   6.55866
   7.82300   7.61507   7.54098   7.47424   7.36001   7.24233   7.05684   6.56013
   7.82135   7.61330   7.53918   7.47244   7.35783   7.24030   7.05580   6.55874
   7.82255   7.61449   7.54039   7.47358   7.35864   7.24117   7.05686   6.55958
   7.82262   7.61445   7.54022   7.47344   7.35846   7.24077   7.05594   6.55924
   7.82177   7.61363   7.53905   7.47158   7.35740   7.23724   7.05532   6.55873
   7.82211   7.61395   7.53888   7.47159   7.35727   7.23703   7.05537   6.55845
   7.82288   7.61480   7.53970   7.47193   7.35790   7.23727   7.05601   6.55907
   7.82390   7.61548   7.54042   7.47215   7.35932   7.23776   7.05696   6.55953
   7.82294   7.61479   7.54002   7.47102   7.35823   7.23661   7.05728   6.55922
   7.82506   7.61493   7.54031   7.47077   7.35788   7.23666   7.05753   6.55983
   7.82636   7.61629   7.54196   7.47235   7.35912   7.23800   7.05867   6.56089
   7.82540   7.61556   7.54098   7.47151   7.35822   7.23666   7.05752   6.56002
   7.82542   7.61780   7.54155   7.47157   7.35786   7.23782   7.05761   6.56088
   7.82363   7.61587   7.53941   7.46936   7.35567   7.23579   7.05605   6.55986
   7.82639   7.61785   7.54204   7.47165   7.35799   7.23812   7.05819   6.56180
   7.82595   7.61697   7.54186   7.47183   7.35765   7.23729   7.05738   6.56134
   7.82768   7.61852   7.54363   7.47358   7.35913   7.23889   7.05963   6.56326
   7.82796   7.61943   7.54422   7.47406   7.35988   7.23955   7.06026   6.56452
   7.82877   7.62021   7.54546   7.47521   7.36081   7.24111   7.06107   6.56549
   7.82878   7.62046   7.54559   7.47522   7.36102   7.24136   7.06203   6.56569
   7.83069   7.62248   7.54739   7.47753   7.36292   7.24367   7.06470   6.56771
   7.83116   7.62327   7.54812   7.47857   7.36363   7.24452   7.06497   6.56830
   7.83125   7.62124   7.54800   7.47902   7.36380   7.24544   7.06491   6.56793
   7.83157   7.62153   7.54810   7.47907   7.36408   7.24531   7.06576   6.56764
   7.83283   7.62246   7.54918   7.48010   7.36517   7.24665   7.06712   6.56845
   7.83307   7.62244   7.54884   7.48188   7.36508   7.24640   7.06742   6.56836
   7.83244   7.62158   7.54786   7.48135   7.36457   7.24566   7.06633   6.56744
   7.83251   7.62183   7.54786   7.48146   7.36490   7.24548   7.06712   6.56700
   7.83428   7.62379   7.54960   7.48349   7.36702   7.24763   7.06823   6.56934
   7.83290   7.62186   7.54822   7.48208   7.36545   7.24623   7.06581   6.56800
   7.83336   7.62170   7.54847   7.48229   7.36578   7.24608   7.06600   6.56740
   7.83432   7.62238   7.54916   7.48326   7.36626   7.24678   7.06698   6.56747
   7.83478   7.62192   7.54912   7.48388   7.36656   7.24685   7.06711   6.56739
   7.83438   7.62110   7.54825   7.48332   7.36330   7.24582   7.06563   6.56608
   7.83453   7.62106   7.54807   7.48387   7.36337   7.24537   7.06446   6.56544
   7.83622   7.62286   7.54971   7.48557   7.36522   7.24683   7.06583   6.56647
   7.83524   7.62177   7.54835   7.48421   7.36457   7.24568   7.06491   6.56525
   7.83532   7.62136   7.54810   7.48396   7.36396   7.24512   7.06427   6.56413
   7.83574   7.62187   7.54836   7.48413   7.36432   7.24526   7.06425   6.56340
   7.83628   7.62227   7.54855   7.48454   7.36451   7.24542   7.06481   6.56339
   7.83581   7.62130   7.54792   7.48412   7.36390   7.24441   7.06304   6.56216
   7.83674   7.62202   7.54881   7.48507   7.36461   7.24493   7.06312   6.56244
   7.83714   7.62156   7.54881   7.48532   7.36451   7.24500   7.06332   6.56195
   7.83896   7.62287   7.54996   7.48680   7.36712   7.24618   7.06537   6.56274
   7.83795   7.62174   7.54875   7.48522   7.36588   7.24469   7.06379   6.56131
   7.84020   7.62425   7.55143   7.48724   7.36814   7.24609   7.06565   6.56275
   7.83993   7.62408   7.55097   7.48670   7.36787   7.24521   7.06494   6.56198
   7.84001   7.62414   7.55066   7.48697   7.36794   7.24493   7.06416   6.56174
   7.84003   7.62446   7.55072   7.48722   7.36821   7.24481   7.06311   6.56144
   7.83971   7.62419   7.55052   7.48676   7.36778   7.24426   7.06139   6.56031
   7.84054   7.62492   7.55093   7.48741   7.36861   7.24410   7.06148   6.56063
   7.84066   7.62464   7.55057   7.48746   7.36842   7.24370   7.06067   6.56073
   7.84060   7.62436   7.55036   7.48732   7.36822   7.24325   7.05950   6.55990
   7.84066   7.62429   7.54998   7.48702   7.37001   7.24269   7.05999   6.55944
   7.84156   7.62515   7.55054   7.48691   7.37076   7.24338   7.06072   6.55989
   7.84193   7.62555   7.55116   7.48710   7.37144   7.24344   7.06086   6.56050
   7.84229   7.62617   7.55186   7.48693   7.37155   7.24276   7.06016   6.56010
   7.84454   7.62804   7.55370   7.48876   7.37360   7.24457   7.06170   6.56213
   7.84518   7.62774   7.55414   7.48994   7.37358   7.24480   7.06246   6.56268
   7.84622   7.62819   7.55515   7.49062   7.37483   7.24565   7.06220   6.56366
   7.84727   7.62947   7.55580   7.49138   7.37522   7.24627   7.06172   6.56448
   7.84810   7.63038   7.55621   7.49237   7.37586   7.24707   7.06367   6.56525
   7.84797   7.63010   7.55580   7.49219   7.37542   7.24665   7.06371   6.56532
   7.84860   7.63125   7.55682   7.49331   7.37651   7.24753   7.06423   6.56640
   7.84937   7.63220   7.55783   7.49432   7.37701   7.24835   7.06516   6.56704
   7.84917   7.63181   7.55708   7.49437   7.37674   7.24821   7.06565   6.56675
   7.85109   7.63316   7.55866   7.49570   7.37858   7.24992   7.06712   6.56872
   7.85064   7.63306   7.55825   7.49516   7.37842   7.24966   7.06652   6.56859
   7.85235   7.63411   7.55926   7.49682   7.37964   7.25102   7.06788   6.56993
   7.85204   7.63266   7.55906   7.49643   7.37921   7.25072   7.06745   6.56973
   7.85257   7.63340   7.56009   7.49711   7.37962   7.25114   7.06774   6.57026
   7.85207   7.63296   7.55947   7.49666   7.37898   7.25036   7.06599   6.56954
   7.85250   7.63250   7.55924   7.49661   7.37893   7.25012   7.06559   6.56946
   7.85365   7.63318   7.55980   7.49725   7.37972   7.25085   7.06720   6.56980
   7.85386   7.63349   7.55988   7.49738   7.37978   7.25109   7.06699   6.57014
   7.85229   7.63198   7.55837   7.49564   7.37840   7.24900   7.06499   6.56839
   7.85228   7.63150   7.55793   7.49552   7.37835   7.24876   7.06384   6.56825
   7.85254   7.63203   7.55845   7.49620   7.37892   7.24931   7.06501   6.56860
   7.85334   7.63271   7.55882   7.49537   7.37970   7.25032   7.06486   6.56947
   7.85355   7.63158   7.55864   7.49528   7.37914   7.24972   7.06322   6.56950
   7.85208   7.63015   7.55732   7.49401   7.37784   7.24706   7.06200   6.56892
   7.85370   7.63180   7.55863   7.49557   7.37897   7.24826   7.06419   6.57021
   7.85449   7.63251   7.55880   7.49605   7.37887   7.24870   7.06395   6.57148
   7.85422   7.63200   7.55803   7.49503   7.37816   7.24784   7.06266   6.57033
   7.85299   7.63056   7.55656   7.49322   7.37701   7.24645   7.06267   6.56925
   7.85297   7.63099   7.55680   7.49322   7.37682   7.24655   7.06222   6.56989
   7.85221   7.63075   7.55626   7.49233   7.37647   7.24583   7.06101   6.56959
   7.85003   7.62858   7.55407   7.49023   7.37426   7.24366   7.05831   6.56773
   7.84934   7.62788   7.55370   7.48973   7.37369   7.24287   7.05836   6.56805
   7.84872   7.62738   7.55323   7.48878   7.37263   7.24226   7.05779   6.56808
   7.84833   7.62711   7.55283   7.48873   7.37225   7.24277   7.05661   6.56799
   7.84817   7.62668   7.55222   7.48858   7.37174   7.24241   7.05687   6.56782
   7.84853   7.62741   7.55246   7.48796   7.37003   7.24258   7.05757   6.56792
   7.85046   7.62942   7.55387   7.48918   7.37143   7.24411   7.05863   6.56953
   7.85084   7.62987   7.55415   7.48896   7.37165   7.24411   7.05864   6.56940
   7.85096   7.63073   7.55429   7.48892   7.37161   7.24399   7.05936   6.56422
   7.85140   7.63126   7.55540   7.49002   7.37220   7.24447   7.05940   6.56479
   7.85259   7.63207   7.55621   7.49110   7.37313   7.24521   7.05935   6.56621
   7.85376   7.63326   7.55737   7.49226   7.37420   7.24628   7.05906   6.56708
   7.85460   7.63384   7.55770   7.49280   7.37490   7.24679   7.06045   6.56787
   7.85559   7.63469   7.55855   7.49338   7.37530   7.24756   7.06196   6.56870
   7.85704   7.63609   7.55980   7.49479   7.37699   7.24887   7.06285   6.57002
   7.85853   7.63734   7.56099   7.49611   7.37803   7.25014   7.06414   6.57101
   7.85894   7.63769   7.56166   7.49630   7.37892   7.25065   7.06466   6.57205
   7.85976   7.63868   7.56278   7.49706   7.37978   7.25188   7.06558   6.57336
   7.86102   7.63957   7.56354   7.49784   7.38072   7.25313   7.06615   6.57456
   7.86219   7.64085   7.56627   7.49940   7.38211   7.25397   7.06703   6.57633
   7.86279   7.64140   7.56709   7.50020   7.38317   7.25469   7.06803   6.57739
   7.86355   7.64241   7.56751   7.50067   7.38353   7.25588   7.06849   6.57827
   7.86532   7.64419   7.56916   7.50258   7.38615   7.25772   7.07033   6.57972
   7.86729   7.64597   7.57086   7.50450   7.38775   7.25962   7.07191   6.58156
   7.86623   7.64523   7.57005   7.50372   7.38718   7.25907   7.07242   6.58098
   7.86637   7.64584   7.57056   7.50427   7.38793   7.25949   7.07255   6.58160
   7.86817   7.64760   7.57184   7.50608   7.38949   7.26104   7.07222   6.58295
   7.86962   7.64919   7.57315   7.50759   7.39129   7.26225   7.07247   6.58463
   7.87126   7.64983   7.57394   7.50822   7.39244   7.26350   7.07449   6.58566
   7.87265   7.65071   7.57312   7.50947   7.39396   7.26497   7.07474   6.58704
   7.87390   7.65139   7.57415   7.51063   7.39504   7.26618   7.07476   6.58729
   7.87468   7.65212   7.57521   7.51158   7.39587   7.26746   7.07678   6.58826
   7.87548   7.65294   7.57693   7.51196   7.39618   7.26767   7.07665   6.58905
   7.87535   7.65245   7.57674   7.51160   7.39493   7.26731   7.07587   6.58874
   7.87651   7.65363   7.57792   7.51263   7.39580   7.26833   7.07647   6.58936
   7.87834   7.65364   7.57783   7.51281   7.39576   7.26858   7.07681   6.58903
   7.87823   7.65384   7.57776   7.51312   7.39609   7.26859   7.07695   6.58922
   7.87957   7.65485   7.57830   7.51421   7.39752   7.27017   7.07775   6.59024
   7.87952   7.65497   7.57802   7.51453   7.39716   7.27031   7.07723   6.58999
   7.87855   7.65365   7.57682   7.51353   7.39615   7.26904   7.07646   6.58930
   7.87810   7.65322   7.57659   7.51340   7.39624   7.26900   7.07486   6.58912
   7.87827   7.65357   7.57669   7.51330   7.39680   7.26917   7.07528   6.58895
   7.87794   7.65347   7.57633   7.51375   7.39699   7.26859   7.07533   6.58836
   7.87739   7.65304   7.57590   7.51326   7.39681   7.26820   7.07600   6.58744
   7.87835   7.65339   7.57625   7.51376   7.39726   7.26891   7.07696   6.58788
   7.87813   7.65267   7.57571   7.51339   7.39717   7.26850   7.07571   6.58695
   7.87622   7.65080   7.57387   7.51128   7.39495   7.26664   7.07466   6.58513
   7.87704   7.65189   7.57479   7.51180   7.39628   7.26765   7.07638   6.58555
   7.87711   7.65207   7.57533   7.51204   7.39668   7.26793   7.07581   6.58572
   7.87679   7.65198   7.57626   7.51235   7.39691   7.26780   7.07414   6.58511
   7.87725   7.65229   7.57676   7.51307   7.39769   7.26859   7.07425   6.58563
   7.87645   7.65148   7.57600   7.51241   7.39727   7.26795   7.07363   6.58450
   7.87569   7.65061   7.57505   7.51122   7.39637   7.26695   7.07177   6.58326
   7.87439   7.64863   7.57349   7.50924   7.39466   7.26519   7.07008   6.58090
   7.87711   7.65032   7.57484   7.51077   7.39595   7.26665   7.07123   6.58193
   7.87750   7.65005   7.57458   7.51048   7.39567   7.26619   7.06991   6.58143
   7.87819   7.65076   7.57468   7.51075   7.39603   7.26651   7.06888   6.58135
   7.87801   7.65075   7.57463   7.51058   7.39551   7.26612   7.06778   6.58022
   7.87903   7.65188   7.57620   7.51189   7.39634   7.26697   7.06913   6.58118
   7.87914   7.65176   7.57596   7.51196   7.39612   7.26686   7.06757   6.58068
   7.87974   7.65227   7.57627   7.51209   7.39631   7.26712   7.06720   6.57991
   7.88017   7.65300   7.57690   7.51005   7.39607   7.26737   7.06737   6.57987
   7.88207   7.65417   7.57844   7.51111   7.39761   7.26876   7.06854   6.58132
   7.88173   7.65347   7.57783   7.51019   7.39692   7.26786   7.06660   6.58034
   7.88217   7.65320   7.57803   7.51010   7.39677   7.26745   7.06722   6.57918
   7.88266   7.65360   7.57836   7.51010   7.39645   7.26686   7.06623   6.57899
   7.88341   7.65388   7.57852   7.50991   7.39693   7.26723   7.06577   6.57872
   7.88314   7.65399   7.57802   7.50912   7.39608   7.26646   7.06407   6.57786
   7.88358   7.65473   7.57870   7.50980   7.39645   7.26684   7.06452   6.57766
   7.88571   7.65718   7.58068   7.51328   7.39867   7.26890   7.06627   6.58004
   7.88599   7.65652   7.58076   7.51339   7.39896   7.26870   7.06634   6.57934
   7.88547   7.65606   7.58009   7.51241   7.39792   7.26803   7.06490   6.57853
   7.88679   7.65708   7.58117   7.51516   7.39865   7.26921   7.06624   6.57901
   7.88952   7.65945   7.58363   7.51766   7.40099   7.27171   7.06845   6.58121
   7.88905   7.65795   7.58242   7.51668   7.39993   7.27040   7.06482   6.58007
   7.88996   7.65839   7.58296   7.51734   7.40025   7.27087   7.06466   6.57946
   7.89179   7.65949   7.58418   7.51869   7.40157   7.27192   7.06572   6.57985
   7.89208   7.65923   7.58377   7.51845   7.40188   7.27183   7.06637   6.57959
   7.89237   7.65930   7.58393   7.51925   7.40190   7.27244   7.06669   6.57910
   7.89251   7.65950   7.58399   7.51970   7.40224   7.27266   7.06670   6.57873
   7.89246   7.65775   7.58322   7.51957   7.40200   7.27209   7.06704   6.57821
   7.89351   7.65820   7.58386   7.52055   7.40311   7.27294   7.06789   6.57827
   7.89344   7.65714   7.58314   7.52022   7.40259   7.27264   7.06683   6.57712
   7.89360   7.65642   7.58241   7.51989   7.40270   7.27218   7.06715   6.57572
   7.89261   7.65468   7.58050   7.51841   7.40156   7.27071   7.05711   6.57381
   7.89282   7.65367   7.57944   7.51777   7.40154   7.26991   7.05610   6.57226
   7.89348   7.65326   7.57894   7.51779   7.40177   7.26944   7.05511   6.57111
   7.89252   7.65169   7.57708   7.51649   7.40079   7.26777   7.05342   6.56854
   7.89121   7.64920   7.57473   7.51443   7.39833   7.26551   7.05172   6.56564
   7.89105   7.64778   7.57372   7.51362   7.39766   7.26134   7.05151   6.56295
   7.88903   7.64555   7.57121   7.51147   7.39490   7.25826   7.04762   6.55889
   7.88940   7.64494   7.57004   7.50840   7.39434   7.25720   7.04662   6.55557
   7.88764   7.64190   7.56677   7.50554   7.39130   7.25394   7.04279   6.55207
   7.88936   7.64173   7.56665   7.50542   7.39157   7.25346   7.04094   6.55075
   7.88853   7.63916   7.56423   7.50304   7.38916   7.25050   7.03642   6.54705
   7.88835   7.63700   7.56199   7.50106   7.38777   7.24820   7.03374   6.54371
   7.88848   7.63505   7.55985   7.49876   7.38588   7.24554   7.03063   6.54081
   7.88862   7.63441   7.55962   7.49774   7.38515   7.24417   7.02800   6.53869
   7.88853   7.63344   7.55861   7.49651   7.38542   7.24279   7.02608   6.53557
   7.88744   7.63133   7.55630   7.49437   7.38326   7.23892   7.02378   6.53220
   7.88858   7.63170   7.55612   7.49405   7.38309   7.23808   7.02269   6.53017
   7.88740   7.62959   7.55361   7.48982   7.38017   7.23511   7.01734   6.52668
   7.88823   7.62917   7.55285   7.48852   7.37907   7.23351   7.01506   6.52415
   7.88666   7.62597   7.54952   7.48490   7.37531   7.22920   7.01109   6.51953
   7.88797   7.62572   7.54901   7.48399   7.37431   7.22762   7.00907   6.51747
   7.88718   7.62296   7.54653   7.48100   7.37078   7.22413   7.00320   6.51372
   7.88810   7.62254   7.54588   7.47974   7.36962   7.22261   7.00062   6.51089
   7.88713   7.62036   7.54319   7.47675   7.36641   7.21925   6.99735   6.50739
   7.88648   7.61865   7.54094   7.47397   7.36240   7.21696   6.99268   6.50325
   7.88857   7.61931   7.54137   7.47382   7.36147   7.21623   6.99066   6.50182
   7.88796   7.61733   7.53923   7.47095   7.35843   7.21293   6.98808   6.49753
   7.88847   7.61632   7.53780   7.46987   7.35605   7.21065   6.98595   6.49418
   7.88979   7.61593   7.53721   7.46872   7.35424   7.20895   6.98283   6.49232
   7.89280   7.61713   7.53853   7.46937   7.35421   7.20862   6.98087   6.49155
   7.89278   7.61531   7.53613   7.46628   7.35143   7.20542   6.97714   6.48915
   7.89362   7.61448   7.53559   7.46445   7.34952   7.20336   6.97481   6.48692
   7.89298   7.61217   7.53270   7.46134   7.34609   7.19988   6.96981   6.48320
   7.89610   7.61312   7.53367   7.46136   7.34613   7.19967   6.96876   6.48201
   7.89735   7.61234   7.53277   7.45996   7.34464   7.19818   6.96727   6.47700
   7.89770   7.61088   7.53120   7.45801   7.34207   7.19523   6.96405   6.47410
   7.90175   7.61270   7.53298   7.45907   7.34299   7.19563   6.96310   6.47397
   7.90124   7.61015   7.53030   7.45798   7.33984   7.19204   6.95965   6.46951
   7.90411   7.61099   7.53061   7.45819   7.33946   7.19173   6.95923   6.46910
   7.90528   7.61039   7.52964   7.45664   7.33773   7.18946   6.95711   6.46657
   7.90747   7.61046   7.52856   7.45599   7.33735   7.18827   6.95553   6.46669
   7.90912   7.60985   7.52854   7.45471   7.33621   7.18659   6.95403   6.46436
   7.90992   7.60904   7.52719   7.45325   7.33435   7.18444   6.95078   6.46224
   7.90951   7.60686   7.52447   7.45023   7.33117   7.18069   6.94615   6.45805
   7.91025   7.60524   7.52308   7.44847   7.32877   7.17820   6.94313   6.45477
   7.90983   7.60278   7.52049   7.44535   7.32575   7.17408   6.93862   6.45057
   7.91033   7.60111   7.51830   7.44270   7.32306   7.17094   6.93424   6.44704
   7.91213   7.60061   7.51762   7.44161   7.32207   7.16945   6.93224   6.44563
   7.90884   7.59539   7.51221   7.43605   7.31621   7.16350   6.92527   6.43983
   7.91038   7.59500   7.51127   7.43456   7.31468   7.16185   6.92298   6.43779
   7.91001   7.59296   7.50795   7.43161   7.31147   7.15834   6.91945   6.43430
   7.91223   7.59324   7.50818   7.43112   7.31118   7.15705   6.91619   6.43285
   7.91089   7.58999   7.50501   7.42714   7.30694   7.15272   6.91101   6.42837
   7.91215   7.58958   7.50383   7.42574   7.30570   7.15120   6.91008   6.42648
   7.91346   7.58659   7.50486   7.42490   7.30433   7.14920   6.90714   6.42503
   7.91225   7.58428   7.50218   7.42196   7.30100   7.14563   6.90191   6.42125
   7.91310   7.58366   7.50114   7.42061   7.29923   7.14395   6.89973   6.41878
   7.91320   7.58279   7.49955   7.41878   7.29693   7.14176   6.89664   6.41688
   7.91295   7.58145   7.49806   7.41694   7.29443   7.13910   6.89290   6.41443
   7.90995   7.57793   7.49439   7.41301   7.29007   7.13459   6.88727   6.41015
   7.90853   7.57577   7.49197   7.41118   7.28693   7.13107   6.88364   6.40968
   7.90855   7.57460   7.49110   7.40983   7.28545   7.12934   6.88084   6.40769
   7.90796   7.57303   7.48945   7.40751   7.28301   7.12713   6.87665   6.40498
   7.90604   7.57040   7.48606   7.40410   7.27940   7.12391   6.87241   6.40171
   7.90505   7.56931   7.48457   7.40147   7.27689   7.12124   6.86965   6.39914
   7.90546   7.56887   7.48413   7.40054   7.27574   7.12013   6.86778   6.39817
   7.90320   7.56635   7.48126   7.39692   7.27215   7.11666   6.86281   6.39490
   7.90322   7.56574   7.48075   7.39644   7.27083   7.11561   6.86059   6.39382
   7.90142   7.56348   7.47860   7.39340   7.26793   7.11285   6.85732   6.39111
   7.89961   7.56139   7.47690   7.39096   7.26503   7.11039   6.85369   6.38861
   7.89744   7.55908   7.47421   7.38599   7.26199   7.10769   6.84985   6.37986
   7.89612   7.55733   7.47226   7.38423   7.25977   7.10531   6.84688   6.37752
   7.89565   7.55663   7.47130   7.38280   7.25848   7.10401   6.84453   6.37600
   7.89521   7.55596   7.47027   7.38179   7.25732   7.10317   6.84231   6.37472
   7.89361   7.55348   7.46851   7.37941   7.25492   7.10040   6.83874   6.37214
   7.89309   7.55176   7.46726   7.37796   7.25356   7.09878   6.83729   6.37057
   7.89296   7.55126   7.46667   7.37745   7.25263   7.09813   6.83547   6.37040
   7.89040   7.54836   7.46415   7.37495   7.24972   7.09565   6.83181   6.36824
   7.89139   7.54887   7.46429   7.37348   7.24971   7.09597   6.83118   6.36802
   7.88968   7.54704   7.46228   7.37116   7.24753   7.09362   6.82975   6.36552
   7.89022   7.54741   7.46278   7.37181   7.24787   7.09430   6.82923   6.36654
   7.88810   7.54546   7.46061   7.36938   7.24589   7.09210   6.82581   6.36456
   7.88839   7.54525   7.46049   7.36902   7.24585   7.09181   6.82502   6.36369
   7.88817   7.54522   7.46053   7.36853   7.24557   7.09176   6.82502   6.36320
   7.88629   7.54266   7.45890   7.36635   7.24336   7.08995   6.82218   6.36158
   7.88582   7.54142   7.45804   7.36535   7.24255   7.08898   6.82057   6.36061
   7.88443   7.53978   7.45655   7.36376   7.24073   7.08727   6.81818   6.35925
   7.88516   7.54030   7.45696   7.36414   7.24108   7.08758   6.81747   6.35931
   7.88447   7.53938   7.45580   7.36323   7.23986   7.08695   6.81667   6.35768
   7.88564   7.54045   7.45637   7.36373   7.24072   7.08706   6.81631   6.35798
   7.88671   7.54104   7.45734   7.36472   7.24031   7.08853   6.81698   6.35914
   7.88695   7.54102   7.45680   7.36475   7.24032   7.08821   6.81764   6.35836
   7.88479   7.53996   7.45620   7.36427   7.23955   7.08756   6.81625   6.35760
   7.88346   7.53827   7.45496   7.36282   7.23846   7.08656   6.81400   6.35669
   7.88292   7.53724   7.45450   7.36226   7.23798   7.08612   6.81410   6.35582
   7.88305   7.53649   7.45431   7.36190   7.23804   7.08572   6.81360   6.35561
   7.88185   7.53510   7.45301   7.36098   7.23711   7.08474   6.81181   6.35450
   7.88098   7.53425   7.45177   7.36022   7.23659   7.08423   6.81111   6.35375
   7.87884   7.53206   7.44958   7.35835   7.23498   7.08233   6.81046   6.35163
   7.87817   7.53112   7.44904   7.35742   7.23459   7.08431   6.80988   6.35168
   7.87947   7.53226   7.45046   7.35893   7.23629   7.08587   6.81015   6.35283
   7.87612   7.52947   7.44583   7.35557   7.23374   7.08300   6.80756   6.35004
   7.87283   7.52798   7.44442   7.35424   7.23277   7.08166   6.80656   6.34863
   7.87238   7.52761   7.44388   7.35400   7.23245   7.08158   6.80548   6.34868
   7.87317   7.52842   7.44474   7.35515   7.23386   7.08270   6.81037   6.34955
   7.87149   7.52688   7.44323   7.35372   7.23273   7.08151   6.80851   6.34860
   7.86978   7.52544   7.44213   7.35217   7.23203   7.08051   6.80750   6.34765
   7.86905   7.52397   7.44068   7.35062   7.23087   7.07963   6.80642   6.34642
   7.86935   7.52614   7.44130   7.35105   7.23162   7.08034   6.80651   6.34698
   7.86810   7.52511   7.44042   7.35042   7.23098   7.07863   6.80506   6.34587
   7.86526   7.52253   7.43785   7.34791   7.22915   7.07647   6.80280   6.34400
   7.86480   7.52187   7.43727   7.34747   7.22865   7.07624   6.80230   6.34381
   7.86397   7.52100   7.43652   7.34674   7.22840   7.07590   6.80012   6.34314
   7.86283   7.51986   7.43558   7.34565   7.22746   7.07521   6.80019   6.34241
   7.86224   7.51908   7.43503   7.34473   7.22626   7.07471   6.78890   6.34185
   7.86154   7.51865   7.43496   7.34412   7.22573   7.07413   6.78776   6.34150
   7.86188   7.51922   7.43587   7.34280   7.22661   7.07448   6.78732   6.34175
   7.86046   7.51993   7.43692   7.34363   7.22715   7.07539   6.78876   6.34239
   7.86014   7.51913   7.43588   7.34234   7.22631   7.07447   6.78718   6.34162
   7.85921   7.51819   7.43481   7.34106   7.22520   7.07366   6.78551   6.34046
   7.85901   7.51810   7.43434   7.34069   7.22506   7.07330   6.78505   6.34007
   7.85942   7.51781   7.43233   7.34092   7.22428   7.07326   6.78548   6.33966
   7.85972   7.51785   7.43132   7.34066   7.22373   7.07302   6.78365   6.33981
   7.85881   7.51723   7.43090   7.33968   7.22314   7.07256   6.78173   6.33907
   7.85934   7.51826   7.43186   7.34016   7.22366   7.07304   6.78245   6.33937
   7.85928   7.51794   7.43217   7.34026   7.22316   7.07273   6.78170   6.33895
   7.85915   7.51781   7.43182   7.33941   7.22265   7.07242   6.78163   6.33885
   7.85919   7.51732   7.43129   7.33849   7.22194   7.07177   6.78050   6.33779
   7.86144   7.52206   7.43556   7.34221   7.22513   7.07550   6.78393   6.34068
   7.86271   7.52288   7.43635   7.34279   7.22587   7.07660   6.78520   6.34152
   7.86140   7.52167   7.43521   7.34128   7.22428   7.07543   6.78354   6.34086
   7.86268   7.52279   7.43609   7.34275   7.22527   7.07648   6.78377   6.34192
   7.86481   7.52420   7.43776   7.34437   7.22638   7.07827   6.78394   6.34303
   7.86663   7.52558   7.43935   7.34586   7.22779   7.07976   6.78425   6.34447
   7.86945   7.52835   7.44203   7.34819   7.23018   7.08206   6.78623   6.34657
   7.86978   7.52879   7.44242   7.34839   7.23061   7.08224   6.78533   6.34683
   7.86943   7.52827   7.44187   7.34808   7.22958   7.08327   6.78492   6.34637
   7.87160   7.53034   7.44347   7.34924   7.23117   7.08504   6.78562   6.34815
   7.87211   7.53169   7.44464   7.34995   7.23177   7.08638   6.78531   6.34899
   7.87286   7.53210   7.44507   7.35025   7.23196   7.08663   6.78517   6.34930
   7.87475   7.53392   7.44680   7.35225   7.23334   7.08805   6.78785   6.35045
   7.87450   7.53366   7.44656   7.35190   7.23262   7.08772   6.78696   6.35042
   7.87627   7.53499   7.44670   7.35286   7.23371   7.08889   6.78775   6.35114
   7.87724   7.53614   7.44752   7.35326   7.23430   7.08977   6.78738   6.35191
   7.87823   7.53709   7.44854   7.35416   7.23486   7.09100   6.78800   6.35305
   7.87744   7.53666   7.44812   7.35300   7.23405   7.09049   6.78605   6.35307
   7.87862   7.53800   7.44734   7.35385   7.23481   7.09101   6.78625   6.35377
   7.87727   7.53650   7.44598   7.35206   7.23278   7.08948   6.78506   6.35219
   7.87896   7.53821   7.44751   7.35319   7.23351   7.09070   6.78613   6.35350
   7.88063   7.54048   7.44945   7.35471   7.23549   7.09279   6.78666   6.35563
   7.88080   7.54141   7.45041   7.35560   7.23627   7.09368   6.78675   6.35611
   7.88060   7.54124   7.45010   7.35550   7.23575   7.09369   6.78652   6.35592
   7.88222   7.54299   7.45161   7.35685   7.23721   7.09553   6.78686   6.35747
   7.88652   7.54699   7.45553   7.36036   7.24054   7.09944   6.78975   6.36105
   7.88686   7.54652   7.45564   7.36030   7.24027   7.09931   6.78946   6.36084
   7.88780   7.54738   7.45634   7.36096   7.24110   7.10021   6.79112   6.36178
   7.88943   7.54898   7.45675   7.36190   7.24338   7.10185   6.79150   6.36360
   7.89057   7.54971   7.45793   7.36291   7.24380   7.10290   6.79121   6.36406
   7.89120   7.54999   7.45834   7.36312   7.24440   7.10329   6.79180   6.36378
   7.89105   7.55049   7.45788   7.36345   7.24444   7.10368   6.79269   6.36428
   7.89107   7.55169   7.45934   7.36451   7.24589   7.10510   6.79333   6.36598
   7.89280   7.55306   7.46091   7.36775   7.24761   7.10673   6.79525   6.36704
   7.89337   7.55359   7.46148   7.36833   7.24819   7.10738   6.79572   6.36814
   7.89286   7.55356   7.46131   7.36800   7.24778   7.10737   6.79566   6.36869
   7.89083   7.55201   7.46006   7.36627   7.24634   7.10635   6.79388   6.36791
   7.89192   7.55263   7.46138   7.36755   7.24808   7.10750   6.79493   6.36865
   7.89296   7.55389   7.46132   7.36843   7.24779   7.10882   6.79653   6.36994
   7.89306   7.55396   7.46130   7.36841   7.24798   7.10932   6.79685   6.37016
   7.89218   7.55306   7.46052   7.36739   7.24756   7.10871   6.79540   6.36981
   7.89364   7.55385   7.46152   7.36866   7.24886   7.10982   6.79767   6.37079
   7.89408   7.55458   7.46216   7.36960   7.24982   7.11093   6.79894   6.37179
   7.89474   7.55515   7.46299   7.36963   7.25085   7.11032   6.79880   6.37264
   7.89547   7.55584   7.46380   7.37030   7.25144   7.11134   6.79883   6.37295
   7.89560   7.55610   7.46422   7.37102   7.25206   7.11176   6.79917   6.37331
   7.89626   7.55753   7.46522   7.37217   7.25353   7.11304   6.80021   6.37440
   7.89766   7.55845   7.46702   7.37339   7.25503   7.11458   6.80073   6.37612
   7.89762   7.55844   7.46691   7.37327   7.25516   7.11438   6.80038   6.37602
   7.89788   7.55826   7.46710   7.37357   7.25562   7.11491   6.79992   6.37556
   7.89779   7.55797   7.46713   7.37347   7.25558   7.11286   6.79901   6.37544
   7.89704   7.55737   7.46667   7.37282   7.25550   7.11260   6.79739   6.37545
   7.89660   7.55713   7.46645   7.37292   7.25556   7.11242   6.79685   6.37510
   7.89616   7.55652   7.46634   7.37331   7.25551   7.11272   6.79686   6.37520
   7.89609   7.55644   7.46624   7.37326   7.25549   7.11284   6.79742   6.37488
   7.89335   7.55402   7.46380   7.37124   7.25299   7.11110   6.79411   6.37261
   7.89303   7.55400   7.46378   7.37161   7.25287   7.11160   6.79371   6.37225
   7.89276   7.55425   7.46400   7.37168   7.25343   7.11186   6.79412   6.37240
   7.89333   7.55457   7.46372   7.37221   7.25380   7.11227   6.79418   6.37258
   7.89372   7.55478   7.46418   7.37244   7.25431   7.11246   6.79337   6.37301
   7.89092   7.55188   7.46153   7.37002   7.25174   7.11048   6.79134   6.37081
   7.89091   7.55190   7.46180   7.36998   7.25167   7.11075   6.79140   6.37053
   7.89045   7.55172   7.46199   7.37015   7.25220   7.11099   6.79075   6.37093
   7.89017   7.55161   7.46202   7.37079   7.25261   7.11137   6.79025   6.37107
   7.88776   7.54881   7.45968   7.36901   7.25048   7.10963   6.78866   6.36878
   7.88608   7.54720   7.45818   7.36642   7.24897   7.10847   6.78906   6.36730
   7.88559   7.54725   7.45791   7.36658   7.24906   7.10835   6.78874   6.36685
   7.88502   7.54657   7.45753   7.36654   7.24883   7.10812   6.78797   6.36650
   7.88341   7.54630   7.45647   7.36543   7.24742   7.10691   6.78622   6.36538
   7.88141   7.54442   7.45439   7.36279   7.24603   7.10517   6.78432   6.36387
   7.88111   7.54375   7.45382   7.36231   7.24650   7.10473   6.78312   6.36366
   7.87814   7.54067   7.45079   7.35981   7.24386   7.10232   6.78038   6.36116
   7.87662   7.53914   7.44947   7.35873   7.24311   7.10139   6.77960   6.36060
   7.87631   7.53897   7.44914   7.35829   7.24320   7.10136   6.77937   6.36009
   7.87297   7.53565   7.44586   7.35544   7.24036   7.09832   6.77572   6.35779
   7.87153   7.53440   7.44452   7.35435   7.23859   7.09730   6.77442   6.35639
   7.86929   7.53231   7.44317   7.35233   7.23647   7.09547   6.77315   6.35430
   7.86789   7.53076   7.44208   7.35082   7.23487   7.09477   6.77253   6.35322
   7.86471   7.52831   7.43900   7.34766   7.23221   7.09166   6.76871   6.35097
   7.86548   7.52914   7.43977   7.34698   7.23266   7.09241   6.76978   6.35123
   7.86350   7.52707   7.43805   7.34440   7.23044   7.09058   6.76800   6.34990
   7.86270   7.52609   7.43725   7.34301   7.22951   7.08961   6.76519   6.34908
   7.86163   7.52472   7.43613   7.34169   7.22809   7.08819   6.76338   6.34768
   7.85926   7.52237   7.43392   7.33932   7.22566   7.08604   6.76128   6.34583
   7.85895   7.52198   7.43346   7.33838   7.22485   7.08518   6.75962   6.34501
   7.85870   7.52156   7.43318   7.33828   7.22499   7.08509   6.75838   6.34524
   7.85680   7.51987   7.42941   7.33663   7.22330   7.08378   6.75720   6.34402
   7.85499   7.51816   7.42787   7.33516   7.22173   7.08233   6.75672   6.34224
   7.85219   7.51573   7.42517   7.33266   7.21940   7.08021   6.75490   6.34008
   7.85104   7.51417   7.42390   7.33077   7.21847   7.07916   6.75267   6.33909
   7.85061   7.51321   7.42339   7.33000   7.21792   7.07861   6.75129   6.33865
   7.85109   7.51334   7.42393   7.33026   7.21830   7.07879   6.75197   6.33922
   7.84918   7.51114   7.42240   7.32840   7.21669   7.07709   6.75016   6.33738
   7.84765   7.50963   7.42090   7.32743   7.21564   7.07560   6.74832   6.33656
   7.84806   7.51030   7.42107   7.32729   7.21612   7.07616   6.74868   6.33658
   7.84728   7.50933   7.42030   7.32643   7.21552   7.07570   6.74874   6.33596
   7.84470   7.50758   7.41836   7.32439   7.21369   7.07395   6.74633   6.33446
   7.84327   7.50630   7.41736   7.32374   7.21294   7.07313   6.74545   6.33398
   7.84217   7.50584   7.41669   7.32334   7.21231   7.07268   6.74532   6.33340
   7.84311   7.50686   7.41930   7.32475   7.21364   7.07382   6.74680   6.33413
   7.84053   7.50401   7.41677   7.32260   7.21129   7.07164   6.74394   6.33202
   7.83933   7.50281   7.41551   7.32145   7.21044   7.07061   6.74200   6.33136
   7.83891   7.50283   7.41534   7.32126   7.21026   7.07070   6.74233   6.33136
   7.83795   7.50168   7.41463   7.32014   7.20988   7.07041   6.74265   6.33083
   7.83756   7.50146   7.41421   7.32027   7.20936   7.07042   6.74148   6.33062
   7.83459   7.49901   7.41180   7.31761   7.20671   7.06842   6.73912   6.32830
   7.83488   7.49916   7.41284   7.31815   7.20726   7.06910   6.74004   6.32899
   7.83413   7.49849   7.41263   7.31754   7.20705   7.06892   6.73972   6.32867
   7.83288   7.49811   7.41187   7.31712   7.20626   7.06840   6.73833   6.32831
   7.83182   7.49736   7.40950   7.31650   7.20479   7.06744   6.73754   6.32579
   7.83196   7.49738   7.40970   7.31670   7.20521   7.06792   6.73760   6.32584
   7.83014   7.49560   7.40800   7.31434   7.20335   7.06635   6.73565   6.32400
   7.83012   7.49566   7.40818   7.31383   7.20334   7.06676   6.73454   6.32392
   7.83005   7.49522   7.40793   7.31316   7.20294   7.06650   6.73402   6.32356
   7.83000   7.49491   7.40779   7.31281   7.20299   7.06657   6.73409   6.32351
   7.82918   7.49456   7.40726   7.31224   7.20215   7.06668   6.73345   6.32310
   7.82625   7.49205   7.40466   7.30977   7.19924   7.06426   6.73017   6.32130
   7.82867   7.49465   7.40711   7.31158   7.20107   7.06656   6.73376   6.32276
   7.82907   7.49509   7.40735   7.31184   7.20163   7.06711   6.73344   6.32276
   7.82879   7.49450   7.40754   7.31089   7.20079   7.06684   6.73279   6.32241
   7.82626   7.49232   7.40530   7.30816   7.19827   7.06450   6.72966   6.32023
   7.82484   7.48804   7.40401   7.30604   7.19632   7.06281   6.72836   6.31814
   7.82623   7.48946   7.40610   7.30616   7.19755   7.06468   6.73012   6.31943
   7.82473   7.48790   7.40475   7.30453   7.19580   7.06278   6.72742   6.31862
   7.82302   7.48621   7.40349   7.30258   7.19415   7.06120   6.72575   6.31711
   7.82316   7.48678   7.40400   7.30290   7.19425   7.06096   6.72644   6.31884
   7.82259   7.48620   7.40308   7.30224   7.19372   7.06028   6.72486   6.31786
   7.82179   7.48557   7.40247   7.30125   7.19285   7.05956   6.72372   6.31711
   7.82231   7.48615   7.40328   7.30163   7.19285   7.06011   6.72457   6.31751
   7.82086   7.48471   7.40188   7.29999   7.19153   7.05874   6.72346   6.31619
   7.82215   7.48554   7.40307   7.30101   7.19280   7.05973   6.72481   6.31687
   7.82118   7.48567   7.40249   7.30060   7.19197   7.05891   6.72396   6.31698
   7.82004   7.48406   7.40169   7.30110   7.19079   7.05803   6.72280   6.31574
   7.82004   7.48358   7.40161   7.30121   7.19103   7.05800   6.72292   6.31599
   7.81996   7.48339   7.40156   7.30100   7.19090   7.05804   6.72244   6.31598
   7.81799   7.47988   7.40007   7.29971   7.18883   7.05949   6.72151   6.31422
   7.81727   7.47905   7.39947   7.29924   7.18838   7.05914   6.72182   6.31349
   7.81643   7.47999   7.40044   7.30076   7.18999   7.06024   6.72268   6.31450
   7.81679   7.48046   7.40104   7.30155   7.19041   7.06089   6.72374   6.31535
   7.81387   7.47755   7.39838   7.29906   7.18794   7.05838   6.72139   6.31291
   7.81358   7.47706   7.39809   7.29823   7.18796   7.05857   6.72128   6.31297
   7.81297   7.47639   7.39773   7.29824   7.18835   7.05853   6.72116   6.31285
   7.81082   7.47451   7.39584   7.29576   7.18661   7.05681   6.71873   6.31113
   7.81061   7.47433   7.39611   7.29583   7.18666   7.05682   6.71936   6.31114
   7.80924   7.47283   7.39495   7.29478   7.18585   7.05602   6.71874   6.31048
   7.80617   7.46992   7.39199   7.29227   7.18354   7.05361   6.71568   6.30863
   7.80750   7.47149   7.39351   7.29405   7.18480   7.05527   6.71749   6.31011
   7.80372   7.46750   7.38954   7.29033   7.18131   7.05169   6.71428   6.30664
   7.80202   7.46631   7.38799   7.28960   7.18072   7.05081   6.71310   6.30615
   7.79983   7.46406   7.38561   7.28757   7.17900   7.04886   6.71192   6.30469
   7.79902   7.46262   7.38455   7.28656   7.17815   7.04818   6.71103   6.30421
   7.79677   7.46173   7.38412   7.28586   7.17803   7.04773   6.71136   6.30389
   7.79266   7.45790   7.38035   7.28163   7.17493   7.04449   6.70868   6.30443
   7.79346   7.45985   7.38131   7.28249   7.17620   7.04538   6.70913   6.30552
   7.79437   7.46032   7.38249   7.28397   7.17732   7.04744   6.70972   6.30656
   7.80323   7.46863   7.39123   7.29263   7.18587   7.05585   6.71742   6.31412
   7.79565   7.46149   7.38408   7.28603   7.17929   7.04940   6.71156   6.30825
   7.79629   7.46261   7.38510   7.28715   7.18034   7.05049   6.71237   6.30925
   7.79680   7.46322   7.38554   7.28786   7.18128   7.05141   6.71284   6.31001
   7.79296   7.45930   7.38141   7.28390   7.17781   7.04813   6.71610   6.30674
   7.79375   7.46007   7.38180   7.28480   7.17864   7.04901   6.71632   6.30739
   7.79516   7.46126   7.38293   7.28572   7.17977   7.05027   6.71625   6.30872
   7.79129   7.45757   7.37937   7.28193   7.17639   7.04682   6.71312   6.30528
   7.79157   7.45747   7.37989   7.28220   7.17681   7.04734   6.71245   6.30542
   7.79292   7.45916   7.38154   7.28336   7.17796   7.04857   6.71282   6.30662
   7.79492   7.46112   7.38349   7.28457   7.17928   7.05046   6.71520   6.30789
