   7.81601   7.61018   7.54447   7.46762   7.35879   7.24263   7.04670   6.56404
   7.81578   7.61026   7.54425   7.46759   7.35833   7.24271   7.04759   6.56500
   7.81554   7.60998   7.54368   7.46731   7.35804   7.24258   7.04785   6.56473
   7.81515   7.61021   7.54367   7.46712   7.35804   7.24258   7.04838   6.56430
   7.81476   7.61002   7.54358   7.46692   7.35805   7.24241   7.04903   6.56545
   7.81531   7.60981   7.54325   7.46663   7.35821   7.24223   7.04922   6.56519
   7.81538   7.60956   7.54324   7.46654   7.35845   7.24254   7.04835   6.56504
   7.81538   7.60970   7.54343   7.46665   7.35874   7.24266   7.04916   6.56517
   7.81523   7.60983   7.54334   7.46660   7.35843   7.24242   7.05006   6.56556
   7.81538   7.61006   7.54338   7.46661   7.35836   7.24278   7.05037   6.56518
   7.81531   7.61036   7.54071   7.46663   7.35812   7.24272   7.05070   6.56520
   7.81538   7.61050   7.54064   7.46691   7.35858   7.24275   7.05072   6.56458
   7.81578   7.61079   7.54056   7.46694   7.35883   7.24285   7.05151   6.56476
   7.81641   7.61126   7.54081   7.46731   7.35910   7.24320   7.05164   6.56443
   7.81664   7.61193   7.54174   7.46768   7.35912   7.24332   7.05190   6.56365
   7.81743   7.61216   7.54222   7.46798   7.35940   7.24325   7.05196   6.56359
   7.81821   7.61230   7.54255   7.46862   7.35932   7.24331   7.05247   6.56432
   7.81876   7.61308   7.54287   7.46887   7.35959   7.24363   7.05186   6.56415
   7.81923   7.61366   7.54339   7.46918   7.35973   7.24366   7.05163   6.56396
   7.81994   7.61429   7.54399   7.46966   7.36053   7.24391   7.05248   6.56416
   7.82033   7.61481   7.54436   7.47016   7.36073   7.24519   7.05373   6.56446
   7.82072   7.61507   7.54469   7.47076   7.36123   7.24541   7.05344   6.56378
   7.82096   7.61566   7.54506   7.47129   7.36235   7.24539   7.05382   6.56374
   7.82159   7.61578   7.54557   7.47247   7.36276   7.24564   7.05476   6.56489
   7.82175   7.61627   7.54601   7.47280   7.36283   7.24618   7.05537   6.56477
   7.82229   7.61642   7.54610   7.47267   7.36325   7.24643   7.05513   6.56509
   7.82284   7.61687   7.54639   7.47292   7.36372   7.24653   7.05549   6.56515
   7.82339   7.61715   7.54653   7.47323   7.36358   7.24624   7.05724   6.56550
   7.82387   7.61784   7.54663   7.47362   7.36377   7.24660   7.05767   6.56537
   7.82426   7.61807   7.54664   7.47378   7.36402   7.24669   7.05696   6.56582
   7.82442   7.61832   7.54687   7.47416   7.36467   7.24679   7.05746   6.56614
   7.82465   7.61848   7.54726   7.47444   7.36442   7.24679   7.05937   6.56472
   7.82465   7.61887   7.54772   7.47508   7.36305   7.24693   7.05865   6.56490
   7.82536   7.61916   7.54760   7.47561   7.36319   7.24828   7.05820   6.56474
   7.82599   7.61935   7.54801   7.47578   7.36352   7.24828   7.05977   6.56546
   7.82654   7.61950   7.54819   7.47584   7.36354   7.24865   7.06075   6.56603
   7.82693   7.61993   7.54834   7.47611   7.36386   7.24919   7.06012   6.56603
   7.82740   7.62036   7.54685   7.47625   7.36388   7.24918   7.06016   6.56623
   7.82779   7.62067   7.54745   7.47652   7.36406   7.24906   7.06096   6.56684
   7.82826   7.62072   7.54792   7.47659   7.36426   7.24917   7.06154   6.56693
   7.82858   7.62089   7.54858   7.47700   7.36442   7.24937   7.06120   6.56695
   7.82897   7.62081   7.55017   7.47730   7.36435   7.24958   7.06176   6.56372
   7.82889   7.62090   7.55006   7.47746   7.36883   7.24963   7.06292   6.56442
   7.82881   7.62145   7.54971   7.47754   7.36876   7.25001   7.06255   6.56407
   7.82818   7.62167   7.54939   7.47784   7.36898   7.25008   7.06181   6.56383
   7.82818   7.62135   7.54901   7.47798   7.36856   7.24982   7.06195   6.56368
   7.82803   7.62113   7.54906   7.47812   7.36878   7.24965   7.06208   6.56395
   7.82795   7.62161   7.54906   7.47825   7.36886   7.24978   7.06254   6.56364
   7.82764   7.62167   7.54896   7.47848   7.36888   7.24947   7.06148   6.56319
   7.82748   7.62195   7.54891   7.47867   7.36872   7.24987   7.06100   6.56299
   7.82764   7.62165   7.54904   7.47836   7.36860   7.24957   7.06207   6.56372
   7.82771   7.62150   7.54928   7.47841   7.36863   7.24950   7.06171   6.56336
   7.82771   7.62113   7.54888   7.47861   7.36856   7.24937   7.06198   6.56334
   7.82732   7.62098   7.54888   7.47851   7.36854   7.24899   7.06382   6.56319
   7.82622   7.62083   7.54881   7.47804   7.36837   7.24909   7.06395   6.56306
   7.82591   7.62095   7.54906   7.47802   7.36842   7.24896   7.06272   6.56266
   7.82575   7.62065   7.54883   7.47822   7.36821   7.24869   7.06214   6.56264
   7.82528   7.62043   7.54868   7.47810   7.36830   7.24839   7.06258   6.56269
   7.82512   7.61997   7.54853   7.47789   7.36811   7.24814   7.06250   6.56277
   7.82497   7.62027   7.54819   7.47802   7.36815   7.24886   7.06169   6.56222
   7.82489   7.62017   7.54784   7.47757   7.36773   7.24855   7.06123   6.56220
   7.82504   7.62009   7.54793   7.47768   7.36775   7.24841   7.06126   6.56263
   7.82544   7.61999   7.54763   7.47773   7.36728   7.24819   7.06054   6.56230
   7.82536   7.61992   7.54716   7.47788   7.36702   7.24779   7.05966   6.56206
   7.82489   7.61956   7.54685   7.47783   7.36663   7.24758   7.06050   6.56194
   7.82465   7.61982   7.54685   7.47745   7.36651   7.24762   7.06106   6.56195
   7.82465   7.62007   7.54636   7.47786   7.36616   7.24748   7.06089   6.56126
   7.82457   7.61981   7.54628   7.47768   7.36620   7.24732   7.06001   6.56148
   7.82434   7.61865   7.54609   7.47732   7.36576   7.24707   7.06061   6.56161
   7.82387   7.61854   7.54617   7.47774   7.36532   7.24621   7.06074   6.56207
   7.82387   7.61819   7.54588   7.47753   7.36501   7.24592   7.05933   6.56182
   7.82387   7.61821   7.54609   7.47735   7.36489   7.24555   7.05932   6.56206
   7.82418   7.61841   7.54595   7.47733   7.36457   7.24540   7.05995   6.56235
   7.82434   7.61852   7.54572   7.47707   7.36451   7.24514   7.06050   6.56226
   7.82410   7.61848   7.54544   7.47687   7.36453   7.24498   7.05919   6.56174
   7.82332   7.61816   7.54515   7.47667   7.36426   7.24473   7.05936   6.56145
   7.82316   7.61836   7.54476   7.47621   7.36427   7.24440   7.05927   6.56157
   7.82316   7.61821   7.54419   7.47595   7.36375   7.24425   7.05890   6.56154
   7.82292   7.61764   7.54402   7.47668   7.36376   7.24380   7.05850   6.56120
   7.82277   7.61683   7.54356   7.47660   7.36341   7.24559   7.05890   6.56131
   7.82269   7.61651   7.54347   7.47638   7.36343   7.24543   7.05871   6.56170
   7.82277   7.61608   7.54314   7.47644   7.36312   7.24499   7.05856   6.56188
   7.82284   7.61595   7.54290   7.47620   7.36179   7.24457   7.05806   6.56127
   7.82308   7.61587   7.54264   7.47579   7.36142   7.24392   7.05850   6.56066
   7.82300   7.61601   7.54258   7.47553   7.36081   7.24373   7.05849   6.56098
   7.82402   7.61569   7.54190   7.47511   7.36048   7.24347   7.05752   6.56047
   7.82371   7.61576   7.54165   7.47491   7.36067   7.24298   7.05748   6.56072
   7.82387   7.61574   7.54160   7.47483   7.36019   7.24262   7.05807   6.56085
   7.82371   7.61562   7.54150   7.47468   7.35973   7.24225   7.05791   6.56055
   7.82394   7.61574   7.54149   7.47470   7.35971   7.24199   7.05713   6.56035
   7.82410   7.61590   7.54130   7.47380   7.35960   7.23940   7.05742   6.56069
   7.82449   7.61627   7.54118   7.47387   7.35952   7.23924   7.05752   6.56045
   7.82481   7.61668   7.54156   7.47377   7.35971   7.23906   7.05775   6.56069
   7.82528   7.61682   7.54174   7.47346   7.36061   7.23904   7.05821   6.56069
   7.82544   7.61722   7.54242   7.47341   7.36057   7.23892   7.05953   6.56131
   7.82787   7.61767   7.54302   7.47345   7.36052   7.23926   7.06007   6.56218
   7.82803   7.61792   7.54356   7.47395   7.36069   7.23954   7.06018   6.56229
   7.82858   7.61865   7.54404   7.47454   7.36121   7.23959   7.06038   6.56269
   7.82889   7.62118   7.54490   7.47489   7.36113   7.24103   7.06075   6.56380
   7.82991   7.62199   7.54546   7.47536   7.36157   7.24160   7.06172   6.56513
   7.83078   7.62212   7.54626   7.47583   7.36211   7.24218   7.06215   6.56548
   7.83148   7.62236   7.54719   7.47712   7.36285   7.24241   7.06237   6.56598
   7.83211   7.62283   7.54790   7.47781   7.36329   7.24299   7.06363   6.56698
   7.83250   7.62385   7.54860   7.47839   7.36415   7.24374   7.06435   6.56833
   7.83274   7.62407   7.54928   7.47900   7.36454   7.24478   7.06465   6.56882
   7.83313   7.62470   7.54978   7.47938   7.36511   7.24538   7.06596   6.56934
   7.83337   7.62509   7.54997   7.48008   7.36544   7.24615   7.06712   6.56995
   7.83368   7.62572   7.55055   7.48098   7.36600   7.24685   7.06724   6.57042
   7.83407   7.62398   7.55072   7.48172   7.36645   7.24805   7.06746   6.57030
   7.83494   7.62480   7.55134   7.48229   7.36725   7.24842   7.06879   6.57046
   7.83541   7.62497   7.55167   7.48257   7.36760   7.24905   7.06945   6.57062
   7.83596   7.62526   7.55163   7.48464   7.36780   7.24908   7.07002   6.57078
   7.83619   7.62524   7.55149   7.48494   7.36811   7.24913   7.06972   6.57059
   7.83651   7.62571   7.55171   7.48528   7.36865   7.24917   7.07072   6.57035
   7.83651   7.62596   7.55175   7.48563   7.36912   7.24969   7.07024   6.57121
   7.83690   7.62576   7.55208   7.48590   7.36921   7.24994   7.06942   6.57136
   7.83729   7.62553   7.55226   7.48605   7.36948   7.24972   7.06954   6.57069
   7.83777   7.62574   7.55248   7.48655   7.36951   7.24997   7.07009   6.57036
   7.83832   7.62535   7.55252   7.48725   7.36988   7.25012   7.07029   6.57035
   7.83886   7.62547   7.55257   7.48761   7.36752   7.24998   7.06968   6.56984
   7.83926   7.62566   7.55263   7.48839   7.36781   7.24975   7.06873   6.56940
   7.83926   7.62582   7.55264   7.48847   7.36807   7.24964   7.06857   6.56901
   7.83934   7.62576   7.55230   7.48813   7.36842   7.24946   7.06860   6.56868
   7.83981   7.62573   7.55243   7.48825   7.36818   7.24927   7.06832   6.56789
   7.83981   7.62583   7.55228   7.48802   7.36814   7.24902   7.06792   6.56681
   7.84004   7.62593   7.55218   7.48813   7.36804   7.24890   7.06820   6.56654
   7.84036   7.62572   7.55230   7.48846   7.36817   7.24861   7.06713   6.56596
   7.84036   7.62554   7.55230   7.48852   7.36801   7.24828   7.06638   6.56547
   7.84059   7.62491   7.55213   7.48861   7.36775   7.24819   7.06643   6.56484
   7.84075   7.62461   7.55168   7.48851   7.36880   7.24784   7.06698   6.56423
   7.84099   7.62469   7.55167   7.48812   7.36873   7.24749   7.06652   6.56385
   7.84067   7.62471   7.55188   7.48769   7.36858   7.24652   7.06608   6.56314
   7.84075   7.62488   7.55175   7.48748   7.36864   7.24596   7.06567   6.56267
   7.84051   7.62463   7.55114   7.48745   7.36842   7.24539   7.06461   6.56216
   7.84036   7.62478   7.55103   7.48754   7.36852   7.24512   7.06341   6.56172
   7.84036   7.62482   7.55114   7.48739   7.36839   7.24486   7.06197   6.56085
   7.84067   7.62505   7.55106   7.48754   7.36873   7.24422   7.06160   6.56074
   7.84091   7.62488   7.55081   7.48770   7.36865   7.24393   7.06090   6.56094
   7.84114   7.62489   7.55088   7.48784   7.36873   7.24375   7.05998   6.56035
   7.84146   7.62506   7.55074   7.48778   7.37076   7.24343   7.06071   6.56010
   7.84177   7.62536   7.55075   7.48711   7.37095   7.24358   7.06091   6.56007
   7.84185   7.62548   7.55108   7.48702   7.37137   7.24337   7.06079   6.56043
   7.84208   7.62598   7.55166   7.48674   7.37136   7.24257   7.05997   6.55993
   7.84232   7.62588   7.55157   7.48664   7.37151   7.24252   7.05971   6.56028
   7.84287   7.62550   7.55192   7.48774   7.37141   7.24267   7.06038   6.56075
   7.84311   7.62516   7.55215   7.48764   7.37190   7.24277   7.05939   6.56105
   7.84342   7.62573   7.55208   7.48770   7.37160   7.24271   7.05825   6.56126
   7.84366   7.62606   7.55193   7.48813   7.37169   7.24297   7.05967   6.56153
   7.84405   7.62629   7.55202   7.48844   7.37174   7.24302   7.06018   6.56204
   7.84389   7.62667   7.55229   7.48881   7.37209   7.24318   7.05999   6.56246
   7.84397   7.62695   7.55263   7.48917   7.37193   7.24336   7.06030   6.56252
   7.84420   7.62698   7.55229   7.48962   7.37207   7.24362   7.06117   6.56259
   7.84452   7.62677   7.55233   7.48942   7.37240   7.24385   7.06121   6.56322
   7.84452   7.62710   7.55235   7.48931   7.37267   7.24401   7.06101   6.56346
   7.84507   7.62703   7.55225   7.48987   7.37280   7.24430   7.06133   6.56384
   7.84530   7.62611   7.55257   7.49000   7.37288   7.24450   7.06138   6.56409
   7.84530   7.62634   7.55310   7.49017   7.37280   7.24443   7.06120   6.56418
   7.84554   7.62662   7.55319   7.49043   7.37285   7.24433   7.06012   6.56408
   7.84617   7.62634   7.55314   7.49056   7.37298   7.24427   7.05989   6.56415
   7.84656   7.62629   7.55297   7.49048   7.37306   7.24430   7.06082   6.56386
   7.84664   7.62647   7.55293   7.49048   7.37299   7.24442   7.06049   6.56410
   7.84687   7.62672   7.55315   7.49046   7.37330   7.24400   7.06012   6.56386
   7.84703   7.62640   7.55288   7.49050   7.37341   7.24391   7.05911   6.56386
   7.84672   7.62636   7.55284   7.49063   7.37345   7.24393   7.05977   6.56372
   7.84672   7.62627   7.55244   7.48905   7.37348   7.24421   7.05891   6.56393
   7.84703   7.62525   7.55237   7.48906   7.37301   7.24370   7.05736   6.56405
   7.84664   7.62486   7.55208   7.48882   7.37272   7.24204   7.05711   6.56437
   7.84664   7.62494   7.55184   7.48883   7.37233   7.24174   7.05784   6.56430
   7.84672   7.62496   7.55131   7.48862   7.37157   7.24152   7.05696   6.56497
   7.84703   7.62502   7.55112   7.48817   7.37141   7.24121   7.05619   6.56432
   7.84703   7.62477   7.55083   7.48753   7.37141   7.24095   7.05731   6.56427
   7.84680   7.62499   7.55086   7.48733   7.37102   7.24086   7.05667   6.56473
   7.84648   7.62519   7.55075   7.48687   7.37110   7.24055   7.05586   6.56480
   7.84640   7.62506   7.55058   7.48677   7.37085   7.24031   7.05505   6.56469
   7.84625   7.62488   7.55072   7.48678   7.37079   7.24002   7.05558   6.56546
   7.84625   7.62498   7.55085   7.48642   7.37031   7.23998   7.05557   6.56601
   7.84617   7.62500   7.55075   7.48666   7.37021   7.24078   7.05466   6.56617
   7.84632   7.62488   7.55045   7.48682   7.37001   7.24071   7.05521   6.56627
   7.84632   7.62526   7.55034   7.48585   7.36796   7.24054   7.05559   6.56607
   7.84672   7.62578   7.55026   7.48561   7.36791   7.24065   7.05526   6.56639
   7.84695   7.62609   7.55041   7.48525   7.36800   7.24052   7.05514   6.56615
   7.84703   7.62692   7.55052   7.48518   7.36793   7.24036   7.05583   6.56094
   7.84703   7.62701   7.55119   7.48585   7.36810   7.24043   7.05546   6.56113
   7.84742   7.62705   7.55123   7.48617   7.36827   7.24045   7.05471   6.56189
   7.84750   7.62718   7.55135   7.48629   7.36832   7.24051   7.05344   6.56184
   7.84782   7.62724   7.55117   7.48633   7.36852   7.24053   7.05435   6.56220
   7.84829   7.62759   7.55152   7.48642   7.36844   7.24082   7.05539   6.56259
   7.84860   7.62789   7.55168   7.48675   7.36907   7.24108   7.05527   6.56296
   7.84907   7.62815   7.55189   7.48709   7.36915   7.24142   7.05564   6.56311
   7.84931   7.62832   7.55239   7.48711   7.36987   7.24177   7.05600   6.56399
   7.84947   7.62868   7.55287   7.48724   7.37011   7.24238   7.05632   6.56474
   7.84986   7.62872   7.55280   7.48719   7.37024   7.24283   7.05612   6.56522
   7.84978   7.62879   7.55433   7.48757   7.37046   7.24252   7.05588   6.56596
   7.84994   7.62891   7.55472   7.48795   7.37110   7.24283   7.05648   6.56664
   7.85041   7.62964   7.55487   7.48814   7.37120   7.24376   7.05668   6.56728
   7.85049   7.62978   7.55488   7.48843   7.37222   7.24403   7.05699   6.56731
   7.85080   7.62994   7.55499   7.48877   7.37226   7.24440   7.05708   6.56776
   7.85104   7.63046   7.55542   7.48923   7.37291   7.24505   7.05876   6.56827
   7.85119   7.63109   7.55595   7.48980   7.37368   7.24548   7.05891   6.56891
   7.85151   7.63141   7.55581   7.49019   7.37385   7.24567   7.05725   6.56901
   7.85167   7.63173   7.55587   7.49046   7.37443   7.24568   7.05633   6.56960
   7.85276   7.63185   7.55614   7.49058   7.37507   7.24643   7.05787   6.57018
   7.85308   7.63169   7.55430   7.49080   7.37557   7.24691   7.05715   6.57067
   7.85355   7.63161   7.55457   7.49121   7.37593   7.24740   7.05647   6.57026
   7.85363   7.63167   7.55496   7.49150   7.37610   7.24803   7.05786   6.57065
   7.85394   7.63201   7.55621   7.49142   7.37596   7.24779   7.05730   6.57103
   7.85434   7.63204   7.55652   7.49156   7.37520   7.24792   7.05699   6.57116
   7.85465   7.63238   7.55689   7.49177   7.37527   7.24815   7.05682   6.57107
   7.85661   7.63253   7.55693   7.49208   7.37536   7.24853   7.05729   6.57086
   7.85646   7.63269   7.55681   7.49236   7.37564   7.24850   7.05739   6.57101
   7.85646   7.63240   7.55607   7.49218   7.37582   7.24885   7.05699   6.57091
   7.85638   7.63249   7.55577   7.49246   7.37543   7.24896   7.05644   6.57063
   7.85661   7.63233   7.55571   7.49261   7.37555   7.24879   7.05676   6.57095
   7.85622   7.63197   7.55555   7.49254   7.37570   7.24881   7.05521   6.57082
   7.85598   7.63192   7.55526   7.49205   7.37587   7.24860   7.05526   6.57031
   7.85543   7.63160   7.55468   7.49228   7.37586   7.24783   7.05512   6.56954
   7.85512   7.63140   7.55448   7.49202   7.37590   7.24766   7.05599   6.56881
   7.85528   7.63097   7.55406   7.49175   7.37560   7.24762   7.05624   6.56858
   7.85512   7.63032   7.55358   7.49144   7.37556   7.24727   7.05504   6.56771
   7.85512   7.63030   7.55358   7.49116   7.37514   7.24718   7.05570   6.56749
   7.85457   7.63006   7.55318   7.49037   7.37517   7.24692   7.05619   6.56676
   7.85394   7.62957   7.55305   7.48995   7.37493   7.24656   7.05500   6.56635
   7.85331   7.62918   7.55368   7.48996   7.37487   7.24614   7.05306   6.56548
   7.85276   7.62850   7.55320   7.48972   7.37469   7.24599   7.05226   6.56515
   7.85229   7.62801   7.55276   7.48937   7.37459   7.24566   7.05194   6.56431
   7.85214   7.62773   7.55239   7.48876   7.37425   7.24521   7.05061   6.56357
   7.85229   7.62716   7.55224   7.48817   7.37391   7.24481   7.05025   6.56244
   7.85316   7.62705   7.55180   7.48793   7.37346   7.24455   7.04972   6.56191
   7.85331   7.62657   7.55132   7.48742   7.37297   7.24388   7.04820   6.56122
   7.85331   7.62660   7.55076   7.48703   7.37267   7.24356   7.04655   6.56056
   7.85308   7.62654   7.55066   7.48680   7.37210   7.24312   7.04541   6.55940
   7.85253   7.62614   7.55072   7.48662   7.37146   7.24253   7.04535   6.55904
   7.85253   7.62591   7.55037   7.48658   7.37114   7.24232   7.04370   6.55845
   7.85253   7.62584   7.55011   7.48615   7.37077   7.24202   7.04280   6.55719
   7.85253   7.62615   7.55032   7.48370   7.37013   7.24188   7.04258   6.55679
   7.85269   7.62563   7.55019   7.48311   7.37004   7.24166   7.04219   6.55679
   7.85292   7.62549   7.55013   7.48274   7.36989   7.24130   7.04077   6.55628
   7.85339   7.62526   7.55037   7.48268   7.36977   7.24091   7.04142   6.55516
   7.85386   7.62564   7.55068   7.48266   7.36943   7.24032   7.04041   6.55496
   7.85426   7.62558   7.55050   7.48214   7.36958   7.24036   7.03965   6.55439
   7.85465   7.62633   7.55064   7.48198   7.36935   7.24020   7.03854   6.55409
   7.85434   7.62634   7.55059   7.48194   7.36901   7.23989   7.03832   6.55326
   7.85410   7.62648   7.55029   7.48316   7.36901   7.23976   7.03794   6.55366
   7.85418   7.62563   7.55018   7.48308   7.36911   7.23938   7.03784   6.55280
   7.85426   7.62576   7.55009   7.48268   7.36864   7.23927   7.03694   6.55249
   7.85434   7.62558   7.54997   7.48423   7.36820   7.23930   7.03717   6.55193
   7.85449   7.62544   7.54995   7.48428   7.36813   7.23943   7.03707   6.55199
   7.85504   7.62493   7.54973   7.48428   7.36802   7.23906   7.03437   6.55170
   7.85528   7.62472   7.54963   7.48429   7.36772   7.23891   7.03360   6.55054
   7.85551   7.62428   7.54931   7.48412   7.36755   7.23849   7.03324   6.54960
   7.85536   7.62359   7.54848   7.48346   7.36744   7.23799   7.03349   6.54897
   7.85496   7.62299   7.54799   7.48361   7.36681   7.23797   7.03320   6.54792
   7.85441   7.62253   7.54738   7.48341   7.36651   7.23755   7.03259   6.54698
   7.85418   7.62060   7.54643   7.48309   7.36609   7.23682   7.03275   6.54630
   7.85379   7.61966   7.54569   7.48271   7.36586   7.23634   7.03232   6.54516
   7.85347   7.61837   7.54474   7.48214   7.36510   7.23581   7.03104   6.54381
   7.85300   7.61704   7.54341   7.48122   7.36463   7.23478   7.03080   6.54190
   7.85269   7.61596   7.54215   7.48037   7.36412   7.23393   7.02141   6.54055
   7.85237   7.61444   7.54060   7.47924   7.36361   7.23265   7.01994   6.53858
   7.85206   7.61311   7.53918   7.47834   7.36294   7.23130   7.01809   6.53664
   7.85119   7.61163   7.53741   7.47713   7.36204   7.22972   7.01649   6.53415
   7.85064   7.60988   7.53579   7.47580   7.36029   7.22816   7.01546   6.53189
   7.85009   7.60808   7.53441   7.47462   7.35927   7.22366   7.01491   6.52888
   7.84931   7.60705   7.53309   7.47365   7.35767   7.22171   7.01213   6.52586
   7.84868   7.60548   7.53098   7.46965   7.35618   7.21975   7.01025   6.52174
   7.84821   7.60370   7.52894   7.46802   7.35435   7.21767   7.00758   6.51932
   7.84797   7.60164   7.52696   7.46605   7.35279   7.21541   7.00400   6.51639
   7.84774   7.59965   7.52511   7.46425   7.35095   7.21300   7.00004   6.51319
   7.84742   7.59738   7.52276   7.46215   7.34944   7.21060   6.99725   6.50976
   7.84758   7.59547   7.52066   7.45988   7.34759   7.20797   6.99418   6.50690
   7.84640   7.59355   7.51916   7.45761   7.34562   7.20540   6.99038   6.50369
   7.84530   7.59161   7.51719   7.45543   7.34494   7.20310   6.98758   6.49975
   7.84413   7.58942   7.51481   7.45322   7.34271   7.19918   6.98521   6.49633
   7.84311   7.58771   7.51256   7.45085   7.34053   7.19635   6.98220   6.49252
   7.84232   7.58599   7.51044   7.44702   7.33800   7.19376   6.97724   6.48938
   7.84193   7.58439   7.50852   7.44456   7.33575   7.19105   6.97388   6.48585
   7.84161   7.58241   7.50640   7.44214   7.33318   7.18790   6.97105   6.48229
   7.84146   7.58075   7.50449   7.43986   7.33083   7.18500   6.96774   6.47903
   7.84153   7.57885   7.50286   7.43770   7.32812   7.18233   6.96267   6.47602
   7.84114   7.57716   7.50096   7.43522   7.32575   7.17961   6.95895   6.47213
   7.84099   7.57577   7.49906   7.43300   7.32331   7.17701   6.95641   6.46932
   7.84083   7.57454   7.49728   7.43070   7.31978   7.17518   6.95220   6.46560
   7.84114   7.57351   7.49603   7.42889   7.31721   7.17284   6.94863   6.46273
   7.84153   7.57250   7.49486   7.42698   7.31512   7.17049   6.94695   6.45930
   7.84208   7.57154   7.49348   7.42594   7.31280   7.16825   6.94487   6.45599
   7.84263   7.57041   7.49216   7.42408   7.31029   7.16586   6.94110   6.45352
   7.84350   7.56955   7.49143   7.42271   7.30827   7.16359   6.93726   6.45099
   7.84444   7.56867   7.48997   7.42055   7.30641   7.16129   6.93440   6.44940
   7.84530   7.56788   7.48946   7.41876   7.30453   7.15927   6.93212   6.44722
   7.84617   7.56702   7.48802   7.41708   7.30252   7.15718   6.92847   6.44475
   7.84727   7.56604   7.48708   7.41522   7.30071   7.15514   6.92566   6.44192
   7.84821   7.56497   7.48590   7.41354   7.29894   7.15339   6.92392   6.43670
   7.84931   7.56424   7.48506   7.41231   7.29709   7.15115   6.92139   6.43443
   7.85049   7.56332   7.48411   7.41069   7.29535   7.14895   6.91793   6.43197
   7.85151   7.56225   7.48291   7.41104   7.29364   7.14677   6.91585   6.42879
   7.85229   7.56110   7.48125   7.40930   7.29135   7.14459   6.91361   6.42669
   7.85331   7.56036   7.48015   7.40763   7.28950   7.14221   6.91138   6.42407
   7.85426   7.55925   7.47790   7.40581   7.28798   7.13990   6.90873   6.42318
   7.85504   7.55781   7.47706   7.40373   7.28604   7.13745   6.90648   6.42016
   7.85559   7.55677   7.47549   7.40205   7.28397   7.13509   6.90304   6.41785
   7.85653   7.55591   7.47407   7.40033   7.28207   7.13260   6.89962   6.41480
   7.85740   7.55443   7.47282   7.39871   7.27980   7.13024   6.89674   6.41165
   7.85834   7.55328   7.47153   7.39688   7.27806   7.12737   6.89345   6.40857
   7.85967   7.55244   7.47016   7.39504   7.27617   7.12502   6.88984   6.40576
   7.86062   7.55113   7.46868   7.39316   7.27440   7.12277   6.88711   6.40367
   7.86148   7.54991   7.46723   7.39152   7.27240   7.12060   6.88380   6.40127
   7.86234   7.54887   7.46565   7.38941   7.27026   7.11836   6.88094   6.39869
   7.86352   7.54833   7.46383   7.38794   7.26850   7.11627   6.87879   6.39649
   7.86431   7.54725   7.46271   7.38612   7.26690   7.11371   6.87431   6.39389
   7.86517   7.54613   7.46164   7.38422   7.26471   7.11139   6.87107   6.39122
   7.86580   7.54512   7.45987   7.38224   7.26290   7.10931   6.86960   6.38884
   7.86666   7.54172   7.46048   7.38099   7.26113   7.10692   6.86629   6.38703
   7.86714   7.54104   7.45940   7.37964   7.25937   7.10489   6.86255   6.38463
   7.86792   7.54037   7.45831   7.37824   7.25756   7.10316   6.86034   6.38213
   7.86847   7.53993   7.45715   7.37684   7.25568   7.10138   6.85765   6.38061
   7.86918   7.53951   7.45658   7.37591   7.25407   7.09961   6.85477   6.37894
   7.86926   7.53894   7.45583   7.37487   7.25256   7.09788   6.85183   6.37717
   7.86981   7.53867   7.45528   7.37489   7.25125   7.09615   6.84993   6.37829
   7.87036   7.53802   7.45493   7.37405   7.25027   7.09492   6.84761   6.37675
   7.87098   7.53762   7.45443   7.37288   7.24895   7.09381   6.84450   6.37504
   7.87145   7.53728   7.45330   7.37170   7.24755   7.09274   6.84234   6.37370
   7.87208   7.53774   7.45336   7.37061   7.24655   7.09154   6.84100   6.37246
   7.87263   7.53744   7.45305   7.36981   7.24552   7.09056   6.83926   6.37160
   7.87318   7.53761   7.45285   7.36883   7.24453   7.08963   6.83675   6.37061
   7.87334   7.53713   7.45246   7.36847   7.24334   7.08870   6.83465   6.36964
   7.87381   7.53705   7.45247   7.36756   7.24253   7.08799   6.83336   6.36878
   7.87405   7.53692   7.45271   7.36704   7.24152   7.08738   6.83151   6.36794
   7.87436   7.53698   7.45237   7.36440   7.24076   7.08691   6.82983   6.36122
   7.87460   7.53673   7.45189   7.36410   7.23998   7.08594   6.82822   6.36013
   7.87507   7.53693   7.45182   7.36355   7.23956   7.08549   6.82669   6.35938
   7.87522   7.53684   7.45137   7.36311   7.23895   7.08519   6.82499   6.35858
   7.87570   7.53634   7.45155   7.36266   7.23845   7.08428   6.82321   6.35767
   7.87640   7.53580   7.45147   7.36236   7.23823   7.08378   6.82283   6.35710
   7.87664   7.53564   7.45123   7.36219   7.23763   7.08345   6.82133   6.35723
   7.87672   7.53527   7.45121   7.36216   7.23715   7.08335   6.81996   6.35720
   7.87703   7.53513   7.45071   7.36006   7.23652   7.08306   6.81875   6.35643
   7.87742   7.53532   7.45069   7.35971   7.23628   7.08260   6.81914   6.35564
   7.87750   7.53525   7.45075   7.35993   7.23619   7.08286   6.81822   6.35628
   7.87742   7.53525   7.45052   7.35941   7.23608   7.08251   6.81657   6.35595
   7.87774   7.53506   7.45042   7.35907   7.23606   7.08223   6.81580   6.35510
   7.87774   7.53524   7.45066   7.35878   7.23598   7.08238   6.81599   6.35478
   7.87774   7.53448   7.45081   7.35836   7.23550   7.08226   6.81478   6.35467
   7.87821   7.53415   7.45084   7.35824   7.23556   7.08214   6.81399   6.35447
   7.87852   7.53414   7.45097   7.35825   7.23531   7.08196   6.81307   6.35449
   7.87884   7.53426   7.45098   7.35823   7.23528   7.08189   6.81200   6.35421
   7.87899   7.53415   7.45063   7.35812   7.23484   7.08203   6.81194   6.35327
   7.87939   7.53447   7.45046   7.35789   7.23498   7.08144   6.81091   6.35293
   7.87954   7.53419   7.45056   7.35803   7.23373   7.08209   6.81078   6.35336
   7.87978   7.53416   7.45002   7.35806   7.23374   7.08177   6.81144   6.35258
   7.87821   7.53367   7.44998   7.35812   7.23350   7.08164   6.81056   6.35230
   7.87813   7.53317   7.44992   7.35784   7.23356   7.08177   6.80939   6.35239
   7.87789   7.53244   7.44975   7.35757   7.23337   7.08161   6.80976   6.35177
   7.87797   7.53163   7.44950   7.35716   7.23338   7.08116   6.80922   6.35151
   7.87774   7.53117   7.44912   7.35714   7.23333   7.08105   6.80826   6.35118
   7.87727   7.53070   7.44826   7.35675   7.23318   7.08089   6.80790   6.35075
   7.87687   7.53018   7.44772   7.35652   7.23318   7.08057   6.80877   6.35005
   7.87632   7.52936   7.44729   7.35570   7.23290   7.08265   6.80829   6.35019
   7.87570   7.52866   7.44689   7.35541   7.23282   7.08248   6.80689   6.34979
   7.87515   7.52854   7.44491   7.35466   7.23284   7.08213   6.80671   6.34925
   7.87263   7.52779   7.44423   7.35406   7.23259   7.08148   6.80639   6.34847
   7.87177   7.52703   7.44330   7.35342   7.23188   7.08102   6.80495   6.34819
   7.87067   7.52603   7.44237   7.35282   7.23156   7.08044   6.80820   6.34753
   7.86981   7.52527   7.44164   7.35215   7.23118   7.08000   6.80706   6.34724
   7.86847   7.52419   7.44089   7.35095   7.23083   7.07934   6.80637   6.34660
   7.86839   7.52334   7.44005   7.35000   7.23026   7.07904   6.80584   6.34588
   7.86721   7.52410   7.43928   7.34906   7.22966   7.07842   6.80466   6.34526
   7.86611   7.52321   7.43854   7.34857   7.22915   7.07685   6.80334   6.34427
   7.86494   7.52222   7.43755   7.34761   7.22885   7.07618   6.80252   6.34374
   7.86423   7.52133   7.43674   7.34694   7.22813   7.07573   6.80181   6.34335
   7.86344   7.52050   7.43603   7.34625   7.22792   7.07543   6.79966   6.34271
   7.86250   7.51955   7.43527   7.34534   7.22715   7.07491   6.79991   6.34214
   7.86187   7.51874   7.43469   7.34439   7.22593   7.07439   6.78859   6.34156
   7.86109   7.51822   7.43453   7.34370   7.22531   7.07372   6.78736   6.34113
   7.86015   7.51755   7.43423   7.34117   7.22501   7.07292   6.78582   6.34034
   7.85701   7.51663   7.43366   7.34040   7.22398   7.07228   6.78578   6.33960
   7.85708   7.51621   7.43298   7.33948   7.22349   7.07172   6.78454   6.33915
   7.85669   7.51578   7.43242   7.33871   7.22288   7.07139   6.78334   6.33843
   7.85630   7.51551   7.43178   7.33816   7.22257   7.07086   6.78271   6.33788
   7.85606   7.51460   7.42916   7.33778   7.22120   7.07024   6.78258   6.33695
   7.85591   7.51420   7.42772   7.33710   7.22023   7.06958   6.78036   6.33673
   7.85520   7.51378   7.42749   7.33631   7.21982   7.06931   6.77862   6.33616
   7.85449   7.51362   7.42727   7.33563   7.21920   7.06867   6.77827   6.33545
   7.85418   7.51306   7.42734   7.33550   7.21847   7.06814   6.77730   6.33484
   7.85410   7.51297   7.42704   7.33469   7.21801   7.06787   6.77727   6.33478
   7.85449   7.51283   7.42685   7.33410   7.21762   7.06754   6.77645   6.33400
   7.85221   7.51324   7.42684   7.33360   7.21666   7.06720   6.77597   6.33325
   7.85229   7.51291   7.42650   7.33306   7.21630   7.06722   6.77621   6.33312
   7.85206   7.51273   7.42637   7.33255   7.21569   7.06701   6.77548   6.33332
   7.85182   7.51240   7.42583   7.33261   7.21529   7.06671   6.77440   6.33316
   7.85190   7.51185   7.42555   7.33231   7.21451   7.06665   6.77280   6.33261
   7.85190   7.51149   7.42542   7.33210   7.21425   7.06650   6.77154   6.33258
   7.85182   7.51148   7.42536   7.33173   7.21399   7.06620   6.77103   6.33235
   7.85174   7.51154   7.42536   7.33155   7.21404   7.06601   6.76978   6.33229
   7.85167   7.51127   7.42507   7.33148   7.21325   7.06728   6.76960   6.33204
   7.85190   7.51150   7.42485   7.33085   7.21308   7.06731   6.76864   6.33226
   7.85143   7.51191   7.42508   7.33064   7.21277   7.06777   6.76749   6.33231
   7.85174   7.51190   7.42510   7.33054   7.21257   7.06762   6.76698   6.33227
   7.85174   7.51192   7.42505   7.33078   7.21222   7.06735   6.76803   6.33190
   7.85206   7.51219   7.42534   7.33095   7.21200   7.06752   6.76762   6.33232
   7.85261   7.51235   7.42433   7.33077   7.21198   7.06760   6.76736   6.33206
   7.85292   7.51287   7.42453   7.33056   7.21197   7.06788   6.76643   6.33231
   7.85300   7.51295   7.42468   7.33060   7.21169   7.06829   6.76626   6.33270
   7.85308   7.51336   7.42509   7.33026   7.21168   7.06857   6.76507   6.33342
   7.85339   7.51387   7.42349   7.33031   7.21164   7.06830   6.76452   6.33343
   7.85418   7.51441   7.42415   7.33051   7.21158   7.06870   6.76517   6.33357
   7.85504   7.51532   7.42490   7.33087   7.21154   7.06918   6.76553   6.33421
   7.85504   7.51599   7.42526   7.33083   7.21199   7.06976   6.76463   6.33500
   7.85504   7.51676   7.42606   7.33157   7.21263   7.07050   6.76457   6.33534
   7.85567   7.51737   7.42652   7.33223   7.21285   7.07124   6.76505   6.33581
   7.85630   7.51819   7.42710   7.33266   7.21341   7.07219   6.76454   6.33656
   7.85708   7.51883   7.42771   7.33289   7.21352   7.07295   6.76441   6.33731
   7.85818   7.51908   7.42853   7.33354   7.21395   7.07349   6.76477   6.33771
   7.85897   7.51979   7.42909   7.33406   7.21463   7.07426   6.76630   6.33852
   7.86015   7.52096   7.42907   7.33457   7.21649   7.07549   6.76629   6.33997
   7.86125   7.52166   7.43021   7.33555   7.21688   7.07650   6.76598   6.34041
   7.86234   7.52239   7.43107   7.33620   7.21792   7.07732   6.76697   6.34052
   7.86242   7.52310   7.43083   7.33673   7.21816   7.07791   6.76804   6.34119
   7.86195   7.52383   7.43181   7.33734   7.21915   7.07888   6.76827   6.34249
   7.86266   7.52421   7.43242   7.33962   7.21993   7.07959   6.76930   6.34272
   7.86337   7.52488   7.43312   7.34033   7.22064   7.08036   6.76989   6.34393
   7.86392   7.52586   7.43395   7.34098   7.22120   7.08131   6.77074   6.34534
   7.86431   7.52662   7.43499   7.34152   7.22198   7.08246   6.77105   6.34651
   7.86517   7.52704   7.43610   7.34258   7.22352   7.08341   6.77190   6.34706
   7.86588   7.52798   7.43572   7.34315   7.22293   7.08443   6.77321   6.34808
   7.86666   7.52870   7.43635   7.34377   7.22375   7.08555   6.77413   6.34886
   7.86745   7.52940   7.43715   7.34431   7.22485   7.08644   6.77411   6.34985
   7.86847   7.52976   7.43772   7.34516   7.22575   7.08714   6.77599   6.35048
   7.86863   7.53023   7.43810   7.34584   7.22644   7.08801   6.77702   6.35124
   7.86918   7.53068   7.43882   7.34577   7.22737   7.08730   6.77678   6.35201
   7.86996   7.53142   7.43968   7.34648   7.22801   7.08837   6.77687   6.35236
   7.87043   7.53201   7.44043   7.34753   7.22894   7.08909   6.77750   6.35300
   7.87043   7.53282   7.44081   7.34807   7.22982   7.08978   6.77797   6.35355
   7.87106   7.53300   7.44187   7.34855   7.23059   7.09062   6.77782   6.35464
   7.87193   7.53384   7.44261   7.34928   7.23156   7.09123   6.77825   6.35527
   7.87263   7.53410   7.44323   7.35000   7.23243   7.09217   6.77818   6.35518
   7.87326   7.53450   7.44394   7.35057   7.23304   7.09077   6.77789   6.35564
   7.87365   7.53499   7.44456   7.35098   7.23401   7.09153   6.77726   6.35656
   7.87381   7.53532   7.44490   7.35164   7.23462   7.09189   6.77723   6.35670
   7.87405   7.53535   7.44543   7.35266   7.23519   7.09280   6.77783   6.35734
   7.87460   7.53587   7.44592   7.35319   7.23574   7.09347   6.77892   6.35753
   7.87499   7.53645   7.44644   7.35409   7.23611   7.09456   6.77831   6.35778
   7.87507   7.53681   7.44680   7.35483   7.23637   7.09541   6.77824   6.35775
   7.87507   7.53731   7.44727   7.35515   7.23717   7.09591   6.77889   6.35812
   7.87554   7.53754   7.44690   7.35559   7.23745   7.09624   6.77887   6.35822
   7.87585   7.53767   7.44728   7.35575   7.23789   7.09636   6.77799   6.35858
   7.87601   7.53761   7.44743   7.35609   7.23804   7.09704   6.77850   6.35877
   7.87617   7.53779   7.44786   7.35622   7.23812   7.09747   6.77872   6.35863
   7.87593   7.53783   7.44826   7.35659   7.23886   7.09791   6.77825   6.35921
   7.87570   7.53775   7.44832   7.35726   7.23930   7.09832   6.77779   6.35938
   7.87585   7.53741   7.44841   7.35788   7.23954   7.09890   6.77841   6.35916
   7.87601   7.53756   7.44865   7.35701   7.23971   7.09939   6.78039   6.35917
   7.87593   7.53801   7.44878   7.35755   7.24018   7.09964   6.78042   6.35905
   7.87577   7.53773   7.44879   7.35791   7.24034   7.09979   6.78001   6.35904
   7.87593   7.53914   7.44939   7.35844   7.24054   7.10016   6.77978   6.35934
   7.87609   7.53933   7.44936   7.35782   7.24114   7.10037   6.77974   6.35957
   7.87624   7.53909   7.44921   7.35776   7.24202   7.10033   6.77893   6.35973
   7.87617   7.53878   7.44893   7.35797   7.24205   7.10054   6.77869   6.35957
   7.87593   7.53849   7.44882   7.35809   7.24248   7.10077   6.77901   6.36005
   7.87593   7.53861   7.44878   7.35793   7.24285   7.10101   6.77905   6.35979
   7.87617   7.53871   7.44888   7.35842   7.24329   7.10121   6.77847   6.36037
   7.87632   7.53898   7.44906   7.35883   7.24300   7.10162   6.77854   6.36026
   7.87640   7.53912   7.44989   7.35897   7.24301   7.10188   6.77927   6.36005
   7.87656   7.53906   7.45028   7.35892   7.24284   7.10258   6.77999   6.36022
   7.87672   7.53980   7.45036   7.35888   7.24325   7.10249   6.77904   6.36067
   7.87687   7.54004   7.45054   7.35762   7.24313   7.10268   6.77959   6.36043
   7.87719   7.54017   7.45100   7.35719   7.24303   7.10292   6.77979   6.36095
   7.87750   7.54026   7.45126   7.35684   7.24313   7.10296   6.77793   6.36103
   7.87805   7.54044   7.45167   7.35702   7.24319   7.10300   6.77751   6.36094
   7.87844   7.54073   7.45207   7.35724   7.24330   7.10334   6.77779   6.36132
   7.87899   7.54117   7.45243   7.35710   7.24328   7.10325   6.77687   6.36120
   7.87915   7.54113   7.45252   7.35738   7.24379   7.10353   6.77597   6.36175
   7.87915   7.54126   7.45055   7.35750   7.24385   7.10394   6.77642   6.36207
   7.87915   7.54129   7.45072   7.35772   7.24394   7.10412   6.77750   6.36174
   7.87931   7.54169   7.45082   7.35799   7.24434   7.10466   6.77823   6.36198
   7.87962   7.54153   7.45093   7.35746   7.24476   7.10493   6.77726   6.36217
   7.88001   7.54134   7.45119   7.35745   7.24495   7.10512   6.77657   6.36239
   7.88025   7.54125   7.45151   7.35748   7.24511   7.10508   6.77704   6.36276
   7.88025   7.54087   7.45178   7.35740   7.24525   7.10510   6.77687   6.36246
   7.88025   7.54083   7.45173   7.35786   7.24562   7.10499   6.77635   6.36288
   7.88025   7.54110   7.45151   7.35734   7.24572   7.10518   6.77635   6.36257
   7.88033   7.54095   7.45155   7.35728   7.24591   7.10549   6.77716   6.36265
   7.87970   7.54108   7.45146   7.35707   7.24587   7.10552   6.77643   6.36272
   7.87931   7.54079   7.45144   7.35740   7.24608   7.10563   6.77645   6.36309
   7.87860   7.54070   7.45114   7.35736   7.24581   7.10553   6.77665   6.36282
   7.87813   7.54038   7.45242   7.35746   7.24585   7.10540   6.77693   6.36242
   7.87789   7.53978   7.45212   7.35750   7.24566   7.10534   6.77608   6.36219
   7.87774   7.53957   7.45184   7.35732   7.24576   7.10525   6.77503   6.36238
   7.87727   7.53954   7.45162   7.35708   7.24554   7.10530   6.77532   6.36234
   7.87679   7.53886   7.45138   7.35642   7.24561   7.10545   6.77607   6.36221
   7.87640   7.53864   7.45096   7.35655   7.24509   7.10546   6.77489   6.36199
   7.87577   7.53843   7.45076   7.35607   7.24459   7.10558   6.77454   6.36157
   7.87522   7.53777   7.45101   7.35583   7.24437   7.10550   6.77475   6.36158
   7.87475   7.53737   7.45106   7.35548   7.24442   7.10558   6.77466   6.36148
   7.87405   7.53752   7.45082   7.35558   7.24413   7.10555   6.77374   6.36157
   7.87373   7.53748   7.44914   7.35565   7.24334   7.10526   6.77360   6.35963
   7.87350   7.53715   7.44900   7.35551   7.24343   7.10541   6.77333   6.35940
   7.87342   7.53702   7.44895   7.35476   7.24316   7.10541   6.77287   6.35895
   7.87318   7.53689   7.44893   7.35405   7.24296   7.10562   6.77158   6.35870
   7.87342   7.53672   7.44896   7.35366   7.24283   7.10564   6.77131   6.35858
   7.87334   7.53640   7.44879   7.35329   7.24286   7.10569   6.77136   6.35852
   7.87303   7.53653   7.44874   7.35319   7.24248   7.10626   6.77115   6.35851
   7.87287   7.53667   7.44877   7.35331   7.24212   7.10633   6.77026   6.35895
   7.87279   7.53688   7.44885   7.35278   7.24165   7.10638   6.77170   6.35839
   7.87287   7.53702   7.44879   7.35275   7.24192   7.10664   6.77111   6.35813
   7.87310   7.53693   7.44947   7.35227   7.24155   7.10685   6.77091   6.35821
   7.87342   7.53746   7.44992   7.35220   7.24164   7.10706   6.77021   6.35831
   7.87389   7.53498   7.45042   7.35183   7.24143   7.10708   6.77053   6.35775
   7.87420   7.53537   7.45149   7.35094   7.24167   7.10799   6.77137   6.35817
   7.87460   7.53562   7.45194   7.35108   7.24166   7.10779   6.77030   6.35889
   7.87483   7.53579   7.45252   7.35095   7.24180   7.10797   6.77030   6.35895
   7.87483   7.53623   7.45290   7.35114   7.24177   7.10759   6.77087   6.36057
   7.87507   7.53643   7.45274   7.35123   7.24198   7.10765   6.76998   6.36024
   7.87538   7.53686   7.45319   7.35128   7.24213   7.10793   6.76979   6.36040
   7.87570   7.53724   7.45381   7.35146   7.24194   7.10829   6.77046   6.36063
   7.87617   7.53763   7.45422   7.35161   7.24238   7.10865   6.77101   6.36085
   7.87648   7.53753   7.45449   7.35173   7.24276   7.10876   6.77152   6.36074
   7.87648   7.53860   7.45483   7.35223   7.24282   7.10882   6.77151   6.36164
   7.87679   7.53838   7.45541   7.35410   7.24298   7.10926   6.77160   6.36158
   7.87695   7.53804   7.45547   7.35434   7.24335   7.10936   6.77184   6.36195
   7.87711   7.53808   7.45565   7.35436   7.24345   7.10962   6.77157   6.36214
   7.87687   7.53622   7.45581   7.35469   7.24297   7.11267   6.77213   6.36178
   7.87672   7.53592   7.45574   7.35474   7.24304   7.11282   6.77293   6.36149
   7.87483   7.53588   7.45574   7.35531   7.24371   7.11300   6.77292   6.36169
   7.87475   7.53593   7.45592   7.35569   7.24373   7.11325   6.77360   6.36217
   7.87467   7.53574   7.45595   7.35586   7.24388   7.11331   6.77369   6.36204
   7.87460   7.53545   7.45586   7.35522   7.24409   7.11369   6.77377   6.36227
   7.87420   7.53498   7.45571   7.35544   7.24469   7.11385   6.77383   6.36232
   7.87381   7.53479   7.45548   7.35460   7.24457   7.11372   6.77292   6.36203
   7.87350   7.53451   7.45567   7.35458   7.24453   7.11364   6.77346   6.36196
   7.87326   7.53409   7.45558   7.35459   7.24476   7.11387   6.77382   6.36221
   7.87271   7.53359   7.45499   7.35443   7.24477   7.11373   6.77293   6.36241
   7.87216   7.53337   7.45475   7.35446   7.24430   7.11370   6.77313   6.36237
   7.87232   7.53315   7.45450   7.35442   7.24444   7.11368   6.77330   6.36208
   7.87138   7.53268   7.45367   7.35441   7.24455   7.11350   6.77278   6.36221
   7.87090   7.53208   7.45291   7.35398   7.24442   7.11310   6.77309   6.36214
   7.87067   7.53118   7.45239   7.35350   7.24409   7.11293   6.77268   6.36212
   7.86847   7.53035   7.45202   7.35286   7.24404   7.11254   6.77308   6.36186
   7.86784   7.52985   7.45156   7.35188   7.24416   7.11246   6.77341   6.36526
   7.86721   7.53045   7.45116   7.35140   7.24411   7.11205   6.77262   6.36519
   7.86674   7.52959   7.45104   7.35160   7.24396   7.11288   6.77202   6.36512
   7.86596   7.52867   7.45065   7.35126   7.24364   7.11258   6.77142   6.36487
   7.86517   7.52803   7.44993   7.35101   7.24332   7.11227   6.77141   6.36451
   7.86423   7.52764   7.44946   7.35065   7.24291   7.11193   6.77086   6.36423
   7.86344   7.52702   7.44867   7.35015   7.24267   7.11169   6.77022   6.36394
   7.86305   7.52639   7.44780   7.34941   7.24237   7.11152   6.77650   6.36346
   7.86258   7.52596   7.44699   7.34913   7.24204   7.11127   6.77564   6.36309
   7.86227   7.52549   7.44649   7.34844   7.24159   7.11096   6.77407   6.36303
   7.86180   7.52506   7.44615   7.34782   7.24133   7.11058   6.77387   6.36234
   7.86132   7.52424   7.44596   7.34740   7.24107   7.11044   6.77255   6.36188
   7.86109   7.52440   7.44610   7.34707   7.24075   7.11023   6.77154   6.36179
   7.86109   7.52445   7.44616   7.34640   7.24022   7.11031   6.77220   6.36144
