 -25.000     7.55812
 -24.900     7.55795
 -24.800     7.55745
 -24.700     7.55753
 -24.600     7.55755
 -24.500     7.55646
 -24.400     7.55612
 -24.300     7.55605
 -24.200     7.55589
 -24.100     7.55554
 -24.000     7.55355
 -23.900     7.55329
 -23.800     7.55265
 -23.700     7.55211
 -23.600     7.55242
 -23.500     7.55186
 -23.400     7.55131
 -23.300     7.55087
 -23.200     7.55065
 -23.100     7.55030
 -23.000     7.55013
 -22.900     7.54996
 -22.800     7.54994
 -22.700     7.54987
 -22.600     7.54991
 -22.500     7.54918
 -22.400     7.54872
 -22.300     7.54818
 -22.200     7.54773
 -22.100     7.54721
 -22.000     7.54714
 -21.900     7.54705
 -21.800     7.54739
 -21.700     7.54663
 -21.600     7.54614
 -21.500     7.54554
 -21.400     7.54516
 -21.300     7.54366
 -21.200     7.54356
 -21.100     7.54323
 -21.000     7.54329
 -20.900     7.54379
 -20.800     7.54367
 -20.700     7.54337
 -20.600     7.54372
 -20.500     7.54337
 -20.400     7.54342
 -20.300     7.54336
 -20.200     7.54351
 -20.100     7.54354
 -20.000     7.54314
 -19.900     7.54304
 -19.800     7.54272
 -19.700     7.54287
 -19.600     7.54350
 -19.500     7.54375
 -19.400     7.54369
 -19.300     7.54382
 -19.200     7.54362
 -19.100     7.54346
 -19.000     7.54297
 -18.900     7.54274
 -18.800     7.54205
 -18.700     7.54176
 -18.600     7.54185
 -18.500     7.54173
 -18.400     7.54149
 -18.300     7.54128
 -18.200     7.54106
 -18.100     7.54159
 -18.000     7.54117
 -17.900     7.54103
 -17.800     7.54048
 -17.700     7.53992
 -17.600     7.53975
 -17.500     7.54010
 -17.400     7.53966
 -17.300     7.53908
 -17.200     7.53943
 -17.100     7.53915
 -17.000     7.53891
 -16.900     7.53855
 -16.800     7.53808
 -16.700     7.50414
 -16.600     7.50343
 -16.500     7.50151
 -16.400     7.50109
 -16.300     7.50033
 -16.200     7.49980
 -16.100     7.49907
 -16.000     7.49753
 -15.900     7.49671
 -15.800     7.49582
 -15.700     7.49461
 -15.600     7.49390
 -15.500     7.49111
 -15.400     7.49095
 -15.300     7.49053
 -15.200     7.49006
 -15.100     7.48906
 -15.000     7.48823
 -14.900     7.48831
 -14.800     7.48790
 -14.700     7.48765
 -14.600     7.48754
 -14.500     7.48709
 -14.400     7.48705
 -14.300     7.48714
 -14.200     7.48700
 -14.100     7.48631
 -14.000     7.48568
 -13.900     7.48653
 -13.800     7.48613
 -13.700     7.48574
 -13.600     7.48564
 -13.500     7.48505
 -13.400     7.48438
 -13.300     7.48391
 -13.200     7.48358
 -13.100     7.48254
 -13.000     7.48241
 -12.900     7.48206
 -12.800     7.48129
 -12.700     7.48045
 -12.600     7.47980
 -12.500     7.47920
 -12.400     7.47875
 -12.300     7.47832
 -12.200     7.47767
 -12.100     7.47720
 -12.000     7.47621
 -11.900     7.47570
 -11.800     7.47505
 -11.700     7.47477
 -11.600     7.47459
 -11.500     7.47403
 -11.400     7.47350
 -11.300     7.47297
 -11.200     7.47245
 -11.100     7.47216
 -11.000     7.47099
 -10.900     7.47055
 -10.800     7.46971
 -10.700     7.46907
 -10.600     7.46896
 -10.500     7.46840
 -10.400     7.46769
 -10.300     7.46742
 -10.200     7.46691
 -10.100     7.46705
 -10.000     7.46682
  -9.900     7.46659
  -9.800     7.46586
  -9.700     7.46549
  -9.600     7.46503
  -9.500     7.46457
  -9.400     7.46430
  -9.300     7.46391
  -9.200     7.46309
  -9.100     7.46232
  -9.000     7.46187
  -8.900     7.46138
  -8.800     7.46095
  -8.700     7.46100
  -8.600     7.45957
  -8.500     7.45880
  -8.400     7.45858
  -8.300     7.45813
  -8.200     7.45734
  -8.100     7.45636
  -8.000     7.45560
  -7.900     7.45523
  -7.800     7.45493
  -7.700     7.45453
  -7.600     7.45435
  -7.500     7.45364
  -7.400     7.45353
  -7.300     7.45311
  -7.200     7.45146
  -7.100     7.45060
  -7.000     7.44988
  -6.900     7.44942
  -6.800     7.44962
  -6.700     7.44922
  -6.600     7.44894
  -6.500     7.44845
  -6.400     7.44774
  -6.300     7.44759
  -6.200     7.44711
  -6.100     7.44688
  -6.000     7.44663
  -5.900     7.44600
  -5.800     7.44612
  -5.700     7.44618
  -5.600     7.44562
  -5.500     7.44585
  -5.400     7.44552
  -5.300     7.44556
  -5.200     7.44581
  -5.100     7.44556
  -5.000     7.44555
  -4.900     7.44459
  -4.800     7.44439
  -4.700     7.44409
  -4.600     7.44401
  -4.500     7.44337
  -4.400     7.44254
  -4.300     7.44216
  -4.200     7.44029
  -4.100     7.44048
  -4.000     7.44023
  -3.900     7.44007
  -3.800     7.43976
  -3.700     7.43994
  -3.600     7.43973
  -3.500     7.44017
  -3.400     7.44012
  -3.300     7.43948
  -3.200     7.43923
  -3.100     7.43869
  -3.000     7.43858
  -2.900     7.43863
  -2.800     7.43901
  -2.700     7.43912
  -2.600     7.43914
  -2.500     7.43861
  -2.400     7.43780
  -2.300     7.43647
  -2.200     7.43564
  -2.100     7.43512
  -2.000     7.43478
  -1.900     7.43474
  -1.800     7.43440
  -1.700     7.43383
  -1.600     7.43204
  -1.500     7.43137
  -1.400     7.43072
  -1.300     7.43004
  -1.200     7.42927
  -1.100     7.42854
  -1.000     7.42783
  -0.900     7.42780
  -0.800     7.42853
  -0.700     7.42832
  -0.600     7.42767
  -0.500     7.42807
  -0.400     7.42778
  -0.300     7.42707
  -0.200     7.42657
  -0.100     7.42605
   0.000     7.42568
   0.100     7.42570
   0.200     7.42584
   0.300     7.42559
   0.400     7.42553
   0.500     7.42505
   0.600     7.42468
   0.700     7.42418
   0.800     7.42354
   0.900     7.42295
   1.000     7.42260
   1.100     7.42149
   1.200     7.42081
   1.300     7.42018
   1.400     7.41791
   1.500     7.41654
   1.600     7.41491
   1.700     7.41323
   1.800     7.41164
   1.900     7.40935
   2.000     7.40826
   2.100     7.40779
   2.200     7.40662
   2.300     7.40523
   2.400     7.40272
   2.500     7.40068
   2.600     7.39842
   2.700     7.39619
   2.800     7.39363
   2.900     7.39152
   3.000     7.38928
   3.100     7.38646
   3.200     7.38393
   3.300     7.38151
   3.400     7.37927
   3.500     7.37652
   3.600     7.37397
   3.700     7.37104
   3.800     7.36836
   3.900     7.36568
   4.000     7.36278
   4.100     7.36015
   4.200     7.35755
   4.300     7.35475
   4.400     7.35308
   4.500     7.35031
   4.600     7.34758
   4.700     7.34502
   4.800     7.34228
   4.900     7.33988
   5.000     7.33719
   5.100     7.33444
   5.200     7.33177
   5.300     7.32867
   5.400     7.32598
   5.500     7.32336
   5.600     7.32045
   5.700     7.31776
   5.800     7.31534
   5.900     7.31251
   6.000     7.31007
   6.100     7.30778
   6.200     7.30582
   6.300     7.30352
   6.400     7.30141
   6.500     7.29952
   6.600     7.29821
   6.700     7.29709
   6.800     7.29573
   6.900     7.29395
   7.000     7.29228
   7.100     7.29071
   7.200     7.28935
   7.300     7.28792
   7.400     7.28707
   7.500     7.28584
   7.600     7.28493
   7.700     7.28301
   7.800     7.28232
   7.900     7.28148
   8.000     7.28089
   8.100     7.28006
   8.200     7.27924
   8.300     7.27873
   8.400     7.27849
   8.500     7.27692
   8.600     7.27636
   8.700     7.27645
   8.800     7.27631
   8.900     7.27594
   9.000     7.27586
   9.100     7.27552
   9.200     7.27517
   9.300     7.27487
   9.400     7.27467
   9.500     7.27438
   9.600     7.27409
   9.700     7.27354
   9.800     7.27347
   9.900     7.27497
  10.000     7.27506
  10.100     7.27518
  10.200     7.27504
  10.300     7.27537
  10.400     7.27567
  10.500     7.27606
  10.600     7.27615
  10.700     7.27669
  10.800     7.27697
  10.900     7.27901
  11.000     7.27930
  11.100     7.28001
  11.200     7.28043
  11.300     7.28103
  11.400     7.28049
  11.500     7.28097
  11.600     7.28166
  11.700     7.28227
  11.800     7.28241
  11.900     7.28284
  12.000     7.28305
  12.100     7.28274
  12.200     7.28300
  12.300     7.28253
  12.400     7.28475
  12.500     7.28414
  12.600     7.28399
  12.700     7.28411
  12.800     7.28370
  12.900     7.28325
  13.000     7.28348
  13.100     7.28369
  13.200     7.28380
  13.300     7.28342
  13.400     7.28277
  13.500     7.28440
  13.600     7.28408
  13.700     7.28397
  13.800     7.28428
  13.900     7.28394
  14.000     7.28394
  14.100     7.28392
  14.200     7.28414
  14.300     7.28409
  14.400     7.28367
  14.500     7.28410
  14.600     7.28391
  14.700     7.28417
  14.800     7.28415
  14.900     7.28378
  15.000     7.28361
  15.100     7.28372
  15.200     7.28371
  15.300     7.28369
  15.400     7.28333
  15.500     7.28301
  15.600     7.28344
  15.700     7.28442
  15.800     7.28461
  15.900     7.28479
  16.000     7.28454
  16.100     7.28438
  16.200     7.28452
  16.300     7.28473
  16.400     7.28477
  16.500     7.28484
  16.600     7.28550
  16.700     7.28698
  16.800     7.28838
  16.900     7.28874
  17.000     7.28917
  17.100     7.28974
  17.200     7.29049
  17.300     7.29033
  17.400     7.29061
  17.500     7.29094
  17.600     7.29119
  17.700     7.29206
  17.800     7.29214
  17.900     7.29244
  18.000     7.29334
  18.100     7.29433
  18.200     7.29467
  18.300     7.29501
  18.400     7.29547
  18.500     7.29581
  18.600     7.29638
  18.700     7.29723
  18.800     7.29825
  18.900     7.29863
  19.000     7.29938
  19.100     7.30027
  19.200     7.30109
  19.300     7.30142
  19.400     7.30174
  19.500     7.30225
  19.600     7.30261
  19.700     7.30367
  19.800     7.30488
  19.900     7.30564
  20.000     7.30529
  20.100     7.30627
  20.200     7.30712
  20.300     7.30782
  20.400     7.30775
  20.500     7.30818
  20.600     7.30881
  20.700     7.30962
  20.800     7.30999
  20.900     7.31065
  21.000     7.31116
  21.100     7.31161
  21.200     7.31180
  21.300     7.31212
  21.400     7.31138
  21.500     7.31114
  21.600     7.31101
  21.700     7.31108
  21.800     7.31133
  21.900     7.31113
  22.000     7.31173
  22.100     7.31227
  22.200     7.31290
  22.300     7.31347
  22.400     7.31325
  22.500     7.31335
  22.600     7.31362
  22.700     7.31402
  22.800     7.31490
  22.900     7.31492
  23.000     7.31527
  23.100     7.31611
  23.200     7.31723
  23.300     7.31827
  23.400     7.31925
  23.500     7.31994
  23.600     7.32040
  23.700     7.32107
  23.800     7.32139
  23.900     7.32227
  24.000     7.32285
  24.100     7.32359
  24.200     7.32419
  24.300     7.32539
  24.400     7.32615
  24.500     7.32674
  24.600     7.32659
  24.700     7.32663
  24.800     7.32652
  24.900     7.32674
  25.000     7.32741
  25.100     7.32814
  25.200     7.32819
  25.300     7.32859
  25.400     7.32841
  25.500     7.32855
  25.600     7.32826
  25.700     7.32762
  25.800     7.32789
  25.900     7.32806
  26.000     7.32875
  26.100     7.32913
  26.200     7.32941
  26.300     7.32981
  26.400     7.38040
  26.500     7.38054
  26.600     7.38121
  26.700     7.38237
  26.800     7.38262
  26.900     7.38281
  27.000     7.38352
  27.100     7.38390
  27.200     7.38619
  27.300     7.38678
  27.400     7.38720
  27.500     7.38717
  27.600     7.38781
  27.700     7.38791
  27.800     7.38855
  27.900     7.38898
  28.000     7.38937
  28.100     7.39002
  28.200     7.38998
  28.300     7.39067
  28.400     7.39076
  28.500     7.39073
  28.600     7.39256
  28.700     7.39271
  28.800     7.39313
  28.900     7.39386
  29.000     7.39449
  29.100     7.39498
  29.200     7.39571
  29.300     7.39605
  29.400     7.39587
  29.500     7.39600
  29.600     7.39597
  29.700     7.39623
  29.800     7.39665
  29.900     7.39709
  30.000     7.39712
