   8.05901   8.05332   8.05504   7.99624   7.99850   7.98944   7.81077   7.73115
   8.05781   8.05196   8.05460   7.99566   7.99751   7.98787   7.80995   7.73057
   8.05636   8.05115   8.05441   7.99523   7.99666   7.98682   7.80946   7.73010
   8.05523   8.05046   8.05370   7.99466   7.99626   7.98588   7.80765   7.72983
   8.05403   8.04988   8.05298   7.99430   7.99546   7.98450   7.80770   7.72995
   8.05314   8.04904   8.05245   7.99367   7.99500   7.98343   7.80820   7.72933
   8.05258   8.04818   8.05267   7.99365   7.99469   7.98244   7.80805   7.72947
   8.05226   8.04736   8.05220   7.99313   7.99413   7.98162   7.80909   7.72874
   8.05169   8.04687   8.05186   7.99310   7.99393   7.98097   7.81627   7.72847
   8.05194   8.04630   8.05188   7.99341   7.99402   7.98057   7.81399   7.72855
   8.05121   8.04600   8.05157   7.99362   7.99404   7.98041   7.81401   7.72835
   8.05113   8.04559   8.05130   7.99371   7.99411   7.98021   7.81425   7.72776
   8.05097   8.04543   8.05190   7.99408   7.99461   7.97670   7.81373   7.72825
   8.05113   8.04515   8.05266   7.99492   7.99508   7.97660   7.81336   7.72757
   8.05121   8.04516   8.05256   7.99546   7.99535   7.97633   7.81574   7.72760
   8.05153   8.04529   8.05343   7.99666   7.99621   7.97621   7.81598   7.72814
   8.05169   8.04554   8.05428   7.99827   7.99718   7.97614   7.81660   7.72922
   8.05258   8.04619   8.05590   8.00006   7.99836   7.97598   7.81728   7.72923
   8.05290   8.04738   8.05783   8.00181   7.99973   7.97648   7.83080   7.73073
   8.05338   8.04877   8.05995   8.00442   8.00148   7.97734   7.83159   7.73180
   8.05403   8.05041   8.06174   8.00686   8.00338   7.97806   7.83337   7.73299
   8.05515   8.05211   8.06491   8.00941   8.00510   7.97872   7.83425   7.73478
   8.05612   8.05374   8.06761   8.01243   8.00704   7.97722   7.83746   7.73684
   8.05748   8.05533   8.07064   8.01550   8.00954   7.97855   7.83892   7.73830
   8.05893   8.05727   8.07474   8.01826   8.01218   7.97988   7.84193   7.74025
   8.06046   8.05970   8.07823   8.02170   8.01477   7.98182   7.84505   7.74194
   8.06199   8.06205   8.08152   8.02483   8.01775   7.98401   7.84861   7.74390
   8.06448   8.06451   8.08485   8.02866   8.02090   7.98637   7.85127   7.74553
   8.06778   8.06738   8.08840   8.03179   8.02413   7.98868   7.86442   7.74698
   8.07131   8.07024   8.09156   8.03541   8.02733   7.99130   7.86731   7.74921
   8.07469   8.07340   8.09442   8.03877   8.03065   7.99422   7.87109   7.75151
   8.07815   8.07681   8.09757   8.04203   8.03376   7.99708   7.87373   7.75302
   8.08137   8.08000   8.10098   8.04413   8.03702   8.00026   7.87738   7.75541
   8.08498   8.08288   8.10477   8.04787   8.04017   8.00329   7.88124   7.75729
   8.08836   8.08522   8.10568   8.05063   8.04324   8.00617   7.88358   7.75825
   8.09198   8.08827   8.10871   8.05331   8.04634   8.00947   7.88608   7.75977
   8.09552   8.09100   8.11116   8.05584   8.04954   8.01250   7.88914   7.76080
   8.09978   8.09355   8.11360   8.05872   8.05247   8.01527   7.89108   7.76244
   8.10332   8.09651   8.11605   8.06052   8.05535   8.01798   7.89363   7.76314
   8.10670   8.09935   8.11830   8.06303   8.05829   8.02103   7.89623   7.76448
   8.10975   8.10228   8.12023   8.06548   8.06055   8.02348   7.89779   7.76537
   8.11337   8.10496   8.12218   8.06748   8.06314   8.02595   7.89997   7.76684
   8.11675   8.10746   8.12391   8.07090   8.06543   8.02849   7.90221   7.76750
   8.11956   8.10976   8.12537   8.07298   8.06743   8.03112   7.90570   7.76797
   8.12221   8.10987   8.12672   8.07470   8.06910   8.03300   7.90733   7.76831
   8.12519   8.11181   8.12804   8.07777   8.07069   8.03583   7.90835   7.76902
   8.12760   8.11288   8.12899   8.07860   8.07200   8.03767   7.90991   7.76916
   8.12993   8.11387   8.13007   8.08022   8.07318   8.03920   7.91262   7.76975
   8.13210   8.11486   8.13063   8.08080   8.07428   8.04084   7.91238   7.77060
   8.13420   8.11591   8.13096   8.08092   8.07506   8.04246   7.91426   7.77102
   8.13613   8.11805   8.13075   8.08116   8.07573   8.04423   7.91525   7.77109
   8.13797   8.11893   8.13051   8.08149   8.07590   8.04555   7.91717   7.77124
   8.13966   8.11939   8.13049   8.08418   8.07654   8.04669   7.91719   7.77156
   8.14119   8.11951   8.13041   8.08440   8.07680   8.04752   7.91770   7.77206
   8.14248   8.11957   8.12978   8.08443   8.07690   8.04701   7.91761   7.77149
   8.14376   8.11983   8.12935   8.08594   8.07676   8.04835   7.91847   7.77152
   8.14441   8.11919   8.12867   8.08528   8.07648   8.04867   7.91804   7.77129
   8.14545   8.11911   8.12792   8.08478   8.07610   8.04875   7.91917   7.77125
   8.14553   8.11837   8.12723   8.08415   8.07553   8.04898   7.91912   7.77132
   8.14594   8.11772   8.12639   8.08328   8.07509   8.04902   7.91975   7.77144
   8.14602   8.11781   8.12519   8.08226   8.07450   8.04873   7.91911   7.77118
   8.14610   8.11725   8.12394   8.08089   8.07347   8.04841   7.91916   7.77150
   8.14594   8.11636   8.12240   8.07978   8.07265   8.04800   7.91927   7.77151
   8.14521   8.11481   8.12079   8.07796   8.07180   8.04734   7.91907   7.77140
   8.14417   8.11337   8.11915   8.07667   8.07040   8.04662   7.91867   7.77122
   8.14328   8.11213   8.11755   8.07521   8.06914   8.04588   7.91857   7.77058
   8.14232   8.11050   8.11589   8.07379   8.06764   8.04474   7.91786   7.77046
   8.14143   8.10882   8.11379   8.07207   8.06585   8.04381   7.91721   7.76908
   8.14023   8.10668   8.11160   8.07059   8.06382   8.04287   7.91596   7.76800
   8.13902   8.10481   8.10898   8.06816   8.06154   8.04141   7.91453   7.76695
   8.13741   8.10259   8.10600   8.06557   8.05948   8.04012   7.91281   7.76593
   8.13564   8.10022   8.10339   8.06262   8.05722   8.03864   7.91072   7.76392
   8.13379   8.09769   8.10100   8.05974   8.05463   8.03670   7.90922   7.76226
   8.13210   8.09501   8.09836   8.05708   8.05204   8.03468   7.90664   7.75949
   8.13034   8.09206   8.09535   8.05426   8.04926   8.03246   7.90417   7.75715
   8.12857   8.08949   8.09199   8.05109   8.04633   8.03036   7.90131   7.75373
   8.12656   8.08668   8.08871   8.04811   8.04240   8.02785   7.89954   7.75114
   8.12439   8.08324   8.08501   8.04447   8.03953   8.02510   7.89604   7.74763
   8.12173   8.08009   8.08143   8.04131   8.03620   8.02262   7.89407   7.74445
   8.11940   8.07704   8.07772   8.03819   8.03275   8.01998   7.89006   7.74125
   8.11707   8.07372   8.07432   8.03492   8.02956   8.01696   7.88765   7.73767
   8.11433   8.07018   8.07112   8.03127   8.02610   8.01397   7.88319   7.73347
   8.11152   8.06728   8.06788   8.02855   8.02275   8.01099   7.88027   7.73021
   8.10589   8.06396   8.06466   8.02534   8.01937   8.00752   7.87684   7.72541
   8.10268   8.06038   8.06198   8.02220   8.01635   8.00394   7.87434   7.72209
   8.09938   8.05718   8.05942   8.01903   8.01338   8.00051   7.87121   7.71865
   8.09592   8.05392   8.05636   8.01663   8.01050   7.99673   7.86981   7.71473
   8.09254   8.05071   8.05337   8.01426   8.00768   7.99296   7.86646   7.71195
   8.08892   8.04733   8.05059   8.01195   8.00485   7.98972   7.86303   7.70916
   8.08555   8.04438   8.04797   8.00982   8.00184   7.98672   7.85888   7.70566
   8.08233   8.04202   8.04585   8.00798   7.99925   7.98356   7.85595   7.70323
   8.07911   8.03902   8.04394   8.00596   7.99698   7.98068   7.85303   7.70084
   8.07606   8.03650   8.04212   8.00439   7.99507   7.97760   7.85138   7.69886
   8.07115   8.03417   8.03710   8.00302   7.99307   7.97444   7.84961   7.69625
   8.06890   8.03188   8.03568   8.00159   7.99143   7.97194   7.84880   7.69447
   8.06689   8.03003   8.03473   7.99967   7.99004   7.96934   7.84799   7.69303
   8.06512   8.02834   8.03332   7.99818   7.98830   7.96686   7.84750   7.69113
   8.06343   8.02661   8.03207   7.99702   7.98691   7.96518   7.84571   7.68992
   8.06134   8.02486   8.03107   7.99571   7.98568   7.96349   7.84360   7.68869
   8.05982   8.02355   8.02989   7.99450   7.98429   7.96184   7.84228   7.68728
   8.05837   8.02271   8.02839   7.99368   7.98300   7.96044   7.84109   7.68594
   8.05700   8.02123   8.02707   7.99277   7.98179   7.95867   7.84095   7.68578
   8.05531   8.01990   8.02614   7.99157   7.98070   7.95698   7.83984   7.68494
   8.05387   8.01841   8.02581   7.99292   7.97984   7.95543   7.83871   7.68491
   8.05194   8.01704   8.02503   7.99228   7.97900   7.95421   7.83762   7.68386
   8.05113   8.01548   8.02277   7.99126   7.97781   7.95276   7.83843   7.68273
   8.05001   8.01462   8.02210   7.98996   7.97695   7.95202   7.83693   7.68201
   8.04904   8.01331   8.02120   7.98960   7.97576   7.95095   7.83623   7.68151
   8.04977   8.01209   8.02002   7.98858   7.97480   7.94967   7.83545   7.68051
   8.04840   8.01063   8.01907   7.98737   7.97388   7.94828   7.83474   7.68038
   8.04727   8.00836   8.01781   7.98616   7.97281   7.94727   7.83285   7.67999
   8.04631   8.00711   8.01626   7.98573   7.97187   7.94641   7.83307   7.68006
   8.04574   8.00611   8.01539   7.98448   7.97122   7.94531   7.83239   7.67964
   8.04502   8.00494   8.01430   7.98441   7.97033   7.94423   7.83231   7.67933
   8.04398   8.00392   8.01358   7.98366   7.96946   7.94331   7.83089   7.67878
   8.04293   8.00294   8.01495   7.98249   7.96851   7.94240   7.83079   7.67810
   8.04172   8.00214   8.01387   7.98084   7.96749   7.94129   7.83040   7.67755
   8.04052   8.00071   8.01301   7.97964   7.96656   7.94057   7.83003   7.67743
   8.04245   7.99972   8.01172   7.97845   7.96517   7.93973   7.82812   7.67661
   8.04197   7.99867   8.01019   7.97724   7.96404   7.93849   7.82780   7.67592
   8.04132   8.00057   8.00907   7.97577   7.96298   7.93735   7.82677   7.67538
   8.04076   7.99907   8.00773   7.97477   7.96166   7.93627   7.82528   7.67369
   8.03963   7.99739   8.00625   7.97358   7.96021   7.93535   7.82422   7.67239
   8.03835   7.99567   8.00456   7.97190   7.95856   7.93411   7.82340   7.67045
   8.03650   7.99417   8.00268   7.96988   7.95684   7.93272   7.82091   7.66891
   8.03505   7.99253   8.00051   7.96823   7.95497   7.93081   7.81943   7.66625
   8.03360   7.99087   7.99825   7.96583   7.95302   7.92909   7.81795   7.66441
   8.03207   7.98876   7.99615   7.96352   7.95100   7.92726   7.81589   7.66222
   8.03055   7.98682   7.99371   7.96156   7.94887   7.92534   7.81291   7.66039
   8.02958   7.98468   7.99148   7.95946   7.94669   7.92382   7.81034   7.65826
   8.02773   7.98229   7.98927   7.95672   7.94454   7.92191   7.80862   7.65609
   8.02556   7.97995   7.98700   7.95462   7.94232   7.91963   7.80555   7.65336
   8.02355   7.97757   7.98492   7.95262   7.93977   7.91733   7.80387   7.65165
   8.02178   7.97522   7.98308   7.95046   7.93749   7.91471   7.80132   7.64894
   8.01993   7.97312   7.98068   7.94829   7.93575   7.91189   7.79932   7.64680
   8.01816   7.97094   7.97850   7.94626   7.93395   7.90976   7.79666   7.64463
   8.01639   7.96879   7.97654   7.94418   7.93207   7.90762   7.79516   7.64238
   8.01447   7.96648   7.97448   7.94238   7.93057   7.90539   7.79356   7.64078
   8.01245   7.96453   7.97246   7.94111   7.92924   7.90356   7.79231   7.64006
   8.01004   7.96258   7.97089   7.94035   7.92772   7.90016   7.78923   7.63861
   8.00851   7.96053   7.96937   7.93911   7.92621   7.89801   7.78809   7.63787
   8.00659   7.95870   7.96825   7.93834   7.92528   7.89614   7.78701   7.64194
   8.00482   7.95716   7.96732   7.93799   7.92439   7.89440   7.78705   7.64198
   8.00457   7.95566   7.96674   7.93767   7.92373   7.89316   7.78580   7.64172
   8.00264   7.95462   7.96614   7.93752   7.92345   7.89212   7.78676   7.64159
   8.00096   7.95395   7.96612   7.93752   7.92347   7.89087   7.78692   7.64186
   7.99935   7.95348   7.96638   7.93819   7.92373   7.89011   7.78808   7.64259
   7.99774   7.95283   7.96378   7.93900   7.92440   7.89002   7.78893   7.64317
   7.99645   7.95289   7.96441   7.93995   7.92541   7.88959   7.79110   7.64456
   7.99887   7.95311   7.96525   7.94144   7.92646   7.88973   7.79029   7.64656
   7.99838   7.95321   7.96618   7.94340   7.92767   7.89016   7.79170   7.64866
   7.99774   7.95386   7.96739   7.94522   7.92926   7.89058   7.79361   7.65134
   7.99774   7.95515   7.96945   7.94763   7.93124   7.89125   7.79592   7.65361
   7.99895   7.95627   7.97186   7.95022   7.93347   7.89045   7.79747   7.65625
   7.99887   7.95788   7.97422   7.95321   7.93582   7.89207   7.80130   7.65818
   7.99911   7.96026   7.97682   7.95573   7.93844   7.89386   7.80426   7.66166
   7.99975   7.96238   7.97966   7.95901   7.94161   7.89690   7.80720   7.66501
   8.00096   7.96480   7.98071   7.96246   7.94468   7.89942   7.80991   7.66836
   8.00297   7.96802   7.98417   7.96632   7.94808   7.90226   7.81477   7.67178
   8.00530   7.97128   7.98788   7.96996   7.95172   7.90523   7.81828   7.67604
   8.00787   7.97483   7.99176   7.97420   7.95555   7.90845   7.82159   7.67974
   8.01060   7.97859   7.99605   7.97829   7.95982   7.91198   7.82552   7.68332
   8.01358   7.98279   8.00045   7.98080   7.96429   7.91591   7.83058   7.68688
   8.01728   7.98674   8.00503   7.98514   7.96879   7.91963   7.83489   7.69091
   8.02058   7.99018   8.00933   7.99010   7.97300   7.92314   7.83879   7.69493
   8.02411   7.99470   8.01377   7.99421   7.97667   7.92720   7.84304   7.69891
   8.02781   7.99904   8.01833   7.99821   7.98074   7.93154   7.84721   7.70192
   8.03135   8.00330   8.02263   8.00228   7.98440   7.93575   7.85131   7.70589
   8.03497   8.00752   8.02673   8.00614   7.98827   7.93999   7.85442   7.70918
   8.03883   8.01160   8.03083   8.00963   7.99190   7.94417   7.85850   7.71234
   8.04293   8.01586   8.03469   8.01248   7.99527   7.94828   7.86021   7.71497
   8.04703   8.01991   8.03832   8.01556   7.99843   7.95181   7.86434   7.71793
   8.05129   8.02393   8.04187   8.01662   8.00133   7.95555   7.86777   7.72008
   8.05572   8.02775   8.04492   8.01922   8.00408   7.95871   7.87039   7.72145
   8.05974   8.03114   8.04769   8.02148   8.00656   7.96192   7.87332   7.72283
   8.06351   8.03451   8.05011   8.02320   8.00837   7.96493   7.87551   7.72393
   8.06738   8.03720   8.05202   8.02487   8.01013   7.96779   7.87493   7.72430
   8.07067   8.03974   8.05354   8.02627   8.01151   7.96992   7.87679   7.72508
   8.07429   8.04176   8.05480   8.02745   8.01261   7.97307   7.87642   7.72540
   8.07759   8.04397   8.05614   8.02803   8.01342   7.97521   7.87629   7.72495
   8.08113   8.04531   8.05697   8.02777   8.01380   7.97621   7.87819   7.72426
   8.08402   8.04643   8.05733   8.02816   8.01408   7.97722   7.87868   7.72359
   8.08643   8.04742   8.05741   8.02826   8.01412   7.97816   7.87784   7.72269
   8.08884   8.04808   8.05750   8.02774   8.01407   7.97864   7.87814   7.72121
   8.09093   8.04856   8.05745   8.02746   8.01430   7.97884   7.87671   7.72023
   8.09206   8.04923   8.05687   8.02719   8.01387   7.97913   7.87557   7.71883
   8.09295   8.04908   8.05627   8.02612   8.01286   7.97961   7.87414   7.71681
   8.09327   8.04921   8.05560   8.02537   8.01196   7.97944   7.87382   7.71526
   8.09343   8.04893   8.05495   8.02464   8.01110   7.97890   7.87266   7.71429
   8.09327   8.04833   8.05405   8.02386   8.01010   7.97806   7.87011   7.71274
   8.09319   8.04732   8.05315   8.02216   8.01037   7.97762   7.86867   7.71172
   8.09254   8.04641   8.05216   8.02102   8.00917   7.97705   7.86804   7.70950
   8.09198   8.04544   8.05114   8.02017   8.00824   7.97609   7.86618   7.70855
   8.09150   8.04437   8.05007   8.01893   8.00694   7.97501   7.86385   7.70715
   8.09101   8.04186   8.04894   8.01725   8.00632   7.97395   7.86329   7.70552
   8.09045   8.04069   8.04782   8.01603   8.00520   7.97259   7.86192   7.70305
   8.09029   8.03944   8.04637   8.01483   8.00373   7.97140   7.85987   7.70214
   8.08949   8.03841   8.04473   8.01331   8.00239   7.97030   7.85827   7.70061
   8.08868   8.03718   8.04322   8.01150   8.00112   7.96903   7.85719   7.69856
   8.08764   8.03588   8.04198   8.01011   7.99937   7.96751   7.85498   7.69692
   8.08667   8.03474   8.04042   8.00844   7.99763   7.96638   7.85340   7.69625
   8.08498   8.03336   8.03901   8.00659   7.99644   7.96500   7.85129   7.69457
   8.08370   8.03193   8.03765   8.00490   7.99425   7.96311   7.85020   7.69270
   8.08289   8.03079   8.03557   8.00328   7.99250   7.96166   7.84798   7.69100
   8.08185   8.02957   8.03374   8.00126   7.99034   7.96007   7.84713   7.68932
   8.08008   8.02797   8.03225   7.99951   7.98871   7.95818   7.84462   7.68781
   8.07831   8.02604   8.03075   7.99815   7.98702   7.95649   7.84318   7.68634
   8.07614   8.02407   8.02896   7.99655   7.98514   7.95466   7.84046   7.68510
   8.07437   8.02271   8.02738   7.99492   7.98382   7.95318   7.83934   7.68389
   8.07244   8.02129   8.02561   7.99372   7.98233   7.95144   7.83758   7.68234
   8.07236   8.01991   8.02399   7.99232   7.98049   7.94984   7.83669   7.68073
   8.07027   8.01834   8.02265   7.99081   7.97870   7.94800   7.83548   7.67937
   8.06866   8.01651   8.02148   7.98918   7.97756   7.94627   7.83591   7.67769
   8.06673   8.01476   8.02017   7.98801   7.97627   7.94464   7.83449   7.67636
   8.06496   8.01385   8.01903   7.98728   7.97480   7.94321   7.83359   7.67537
   8.06271   8.01266   8.01817   7.98613   7.97368   7.94191   7.83180   7.67425
   8.06126   8.01165   8.01722   7.98539   7.97274   7.94109   7.83110   7.67326
   8.05974   8.01061   8.01643   7.98514   7.97186   7.93999   7.83014   7.67303
   8.05845   8.00994   8.01587   7.98445   7.97123   7.93917   7.82955   7.67190
   8.05708   8.00928   8.01541   7.98408   7.97083   7.93835   7.82922   7.67147
   8.05612   8.00906   8.01497   7.98418   7.97043   7.93729   7.82880   7.67031
   8.05491   8.00862   8.01465   7.98380   7.97004   7.93694   7.82746   7.66996
   8.05403   8.00839   8.01479   7.98319   7.96975   7.93627   7.82772   7.66885
   8.05387   8.00797   8.01470   7.98325   7.96937   7.93588   7.82687   7.66835
   8.05346   8.00774   8.01450   7.98321   7.96934   7.93544   7.82619   7.66725
   8.05250   8.00786   8.01486   7.98321   7.96916   7.93559   7.82581   7.66680
   8.05226   8.00785   8.01449   7.98320   7.96928   7.93530   7.82459   7.66610
   8.05169   8.00767   8.01423   7.98358   7.96921   7.93483   7.82502   7.66557
   8.05113   8.00796   8.01418   7.98315   7.96881   7.93440   7.82448   7.66454
   8.05049   8.00807   8.01435   7.98290   7.96857   7.93415   7.82431   7.66466
   8.05025   8.00794   8.01419   7.98285   7.96835   7.93379   7.82357   7.66335
   8.04977   8.00815   8.01447   7.98271   7.96828   7.93588   7.82318   7.66218
   8.04977   8.00838   8.01452   7.98263   7.96800   7.93573   7.82211   7.66187
   8.04952   8.00812   8.01456   7.98268   7.96754   7.93538   7.82136   7.66054
   8.04960   8.00815   8.01432   7.98313   7.96730   7.93496   7.82044   7.65985
   8.04944   8.00802   8.01445   7.98290   7.96667   7.93460   7.82047   7.65913
   8.04984   8.00829   8.01412   7.98264   7.96623   7.93441   7.81871   7.65841
   8.04639   8.00801   8.01366   7.98255   7.96612   7.93417   7.81875   7.65772
   8.04623   8.00849   8.01353   7.98269   7.96586   7.93382   7.81864   7.65639
   8.04574   8.00884   8.01403   7.98218   7.96531   7.93342   7.81752   7.65530
   8.04591   8.00908   8.01418   7.98218   7.96508   7.93320   7.81687   7.65474
   8.04623   8.00907   8.01468   7.98217   7.96547   7.93265   7.81766   7.65318
   8.04663   8.00938   8.01612   7.98197   7.96525   7.93225   7.81622   7.65194
   8.04695   8.00925   8.01596   7.98165   7.96486   7.93197   7.81565   7.65138
   8.04695   8.00917   8.01519   7.98118   7.96442   7.93163   7.81400   7.65261
   8.04695   8.00910   8.01455   7.98060   7.96371   7.93121   7.81338   7.65214
   8.04727   8.00892   8.01377   7.98057   7.96293   7.93094   7.81222   7.65194
   8.04583   8.00843   8.01237   7.98005   7.96235   7.93060   7.81133   7.65070
   8.04591   8.00867   8.01186   7.97958   7.96171   7.93032   7.81060   7.64978
   8.04558   8.00899   8.01163   7.97894   7.96053   7.92976   7.80993   7.64845
   8.04558   8.00885   8.01131   7.97801   7.95991   7.92913   7.80881   7.64780
   8.04494   8.00816   8.01079   7.97706   7.95926   7.92830   7.80917   7.64686
   8.04438   8.00796   8.01302   7.97610   7.95863   7.92723   7.80876   7.64654
   8.04317   8.00698   8.01237   7.97526   7.95770   7.92622   7.80872   7.64555
   8.04221   8.00615   8.01157   7.97483   7.95735   7.92564   7.80707   7.64866
   8.04092   8.00730   8.01089   7.97432   7.95669   7.92524   7.80527   7.64824
   8.04036   8.00672   8.01018   7.97392   7.95586   7.92449   7.80367   7.64740
   8.04004   8.00595   8.00911   7.97327   7.95513   7.92386   7.80237   7.64674
   8.03939   8.00532   8.00844   7.97278   7.95440   7.92330   7.80085   7.64709
   8.03843   8.00517   8.00794   7.97231   7.95385   7.92268   7.80181   7.64614
   8.03786   8.00497   8.00746   7.97188   7.95344   7.92202   7.80272   7.64599
   8.03754   8.00482   8.00768   7.97153   7.95352   7.92155   7.80384   7.64663
   8.03698   8.00502   8.00794   7.97165   7.95361   7.92129   7.80487   7.64674
   8.03674   8.00562   8.00827   7.97208   7.95380   7.92142   7.80488   7.64678
   8.03682   8.00605   8.00894   7.97254   7.95410   7.92158   7.80436   7.64976
   8.03650   8.00830   8.00982   7.97307   7.95498   7.92193   7.80300   7.65013
   8.03634   8.00880   8.01059   7.97416   7.95532   7.92229   7.80414   7.65088
   8.03610   8.00949   8.01130   7.97547   7.95607   7.92274   7.80478   7.65169
   8.03585   8.01009   8.01246   7.97650   7.95696   7.92327   7.80616   7.65269
   8.03577   8.01152   8.01421   7.97814   7.95836   7.92388   7.80684   7.65454
   8.03610   8.01308   8.01591   7.97986   7.95963   7.92442   7.80882   7.65568
   8.03626   8.01447   8.01779   7.98152   7.96106   7.92544   7.80866   7.65653
   8.03674   8.01825   8.01986   7.98287   7.96269   7.92832   7.81077   7.65799
   8.03738   8.02045   8.02216   7.98454   7.96432   7.92955   7.81201   7.65954
   8.03859   8.02246   8.02427   7.98658   7.96539   7.93128   7.81436   7.66073
   8.03923   8.02434   8.02616   7.98844   7.96686   7.93291   7.81493   7.66244
   8.04044   8.02623   8.02805   7.99019   7.96865   7.93420   7.81626   7.66365
   8.04197   8.02803   8.02975   7.99243   7.97042   7.93581   7.81711   7.66551
   8.04341   8.02995   8.03149   7.99407   7.97186   7.93740   7.81910   7.66660
   8.04526   8.03246   8.03367   7.99576   7.97371   7.93899   7.81999   7.66816
   8.04719   8.03503   8.03595   7.99800   7.97548   7.94064   7.82214   7.66911
   8.04928   8.03738   8.03837   8.00015   7.97708   7.94234   7.82364   7.66988
   8.05097   8.03804   8.04035   8.00158   7.97866   7.94077   7.82511   7.67082
   8.05266   8.04070   8.04227   8.00318   7.98053   7.94257   7.82558   7.67159
   8.05451   8.04280   8.04392   8.00471   7.98177   7.94445   7.82680   7.67174
   8.05620   8.04475   8.04515   8.00588   7.98265   7.94588   7.82764   7.67180
   8.05845   8.04665   8.04671   8.00684   7.98387   7.94746   7.82799   7.67132
   8.06046   8.04793   8.04791   8.00795   7.98480   7.94899   7.82854   7.67163
   8.06255   8.04926   8.04892   8.00894   7.98529   7.95013   7.82861   7.66999
   8.06408   8.05053   8.05010   8.00940   7.98562   7.95080   7.82717   7.66885
   8.06553   8.05132   8.05060   8.00949   7.98581   7.95173   7.82672   7.66779
   8.06657   8.05206   8.05067   8.00928   7.98565   7.95203   7.82680   7.66580
   8.06730   8.05278   8.05067   8.00841   7.98493   7.95234   7.82576   7.66347
   8.06770   8.05311   8.04995   8.00698   7.98436   7.95245   7.82465   7.66110
   8.06842   8.05299   8.04893   8.00595   7.98313   7.95215   7.82211   7.64924
   8.06858   8.05330   8.04763   8.00444   7.98157   7.95159   7.81947   7.64693
   8.06866   8.05208   8.04626   8.00218   7.97974   7.95085   7.81605   7.64355
   8.06858   8.05120   8.04467   8.00018   7.97788   7.94971   7.81404   7.64017
   8.06770   8.04991   8.04120   7.99809   7.97552   7.94821   7.81158   7.63616
   8.06681   8.04804   8.03918   7.99530   7.97271   7.94625   7.80971   7.63175
   8.06569   8.04624   8.03398   7.99214   7.96974   7.94415   7.80573   7.62750
   8.06464   8.04492   8.03139   7.98956   7.96740   7.94210   7.80184   7.62329
   8.06392   8.04319   8.02909   7.98666   7.96452   7.94020   7.79788   7.61758
   8.06255   8.04077   8.02668   7.98321   7.96153   7.93776   7.79553   7.61283
   8.06126   8.03824   8.02416   7.98008   7.95892   7.93547   7.79126   7.60544
   8.05917   8.03478   8.02145   7.97719   7.95585   7.93287   7.78884   7.60181
   8.05837   8.03230   8.01878   7.97420   7.95303   7.93014   7.78611   7.59811
   8.05652   8.03026   8.01637   7.97129   7.94999   7.92723   7.78095   7.59376
   8.05467   8.02808   8.01443   7.96862   7.94730   7.92437   7.77621   7.59058
   8.05210   8.02605   8.01214   7.96597   7.94452   7.92273   7.77398   7.58669
   8.04952   8.02416   8.01103   7.96341   7.94199   7.92013   7.77052   7.58352
   8.04711   8.02248   8.00893   7.96191   7.93942   7.91769   7.76690   7.58033
   8.04438   8.02091   8.00733   7.96027   7.93777   7.91465   7.76576   7.57687
   8.04140   8.01939   8.00635   7.95984   7.93545   7.91240   7.76487   7.57450
   8.03899   8.01768   8.00537   7.95802   7.93374   7.91019   7.76213   7.57275
   8.03601   8.01678   8.00450   7.95329   7.93167   7.90856   7.75990   7.57055
   8.03441   8.01607   8.00365   7.95280   7.93039   7.90660   7.75812   7.56980
   8.03256   8.01532   8.00339   7.95163   7.92868   7.90508   7.75657   7.56734
   8.03063   8.01483   8.00352   7.95104   7.92969   7.90366   7.75492   7.56601
   8.02862   8.01469   8.00357   7.95079   7.92871   7.90308   7.75431   7.56518
   8.02685   8.01443   8.00351   7.95085   7.92822   7.90204   7.75369   7.56414
   8.02588   8.01540   8.00380   7.95041   7.92760   7.90132   7.75267   7.56278
   8.02484   8.01583   8.00374   7.95077   7.92833   7.90072   7.75263   7.57041
   8.02411   8.01642   8.00467   7.95040   7.92823   7.90046   7.75324   7.57045
   8.02403   8.01657   8.00597   7.95144   7.92836   7.90028   7.75326   7.57023
   8.02379   8.01826   8.00703   7.95329   7.92876   7.90011   7.75247   7.56969
   8.02403   8.01999   8.00845   7.95417   7.92929   7.90048   7.75311   7.57002
   8.02460   8.02145   8.01026   7.95487   7.92987   7.90154   7.75389   7.57032
   8.02516   8.02334   8.01226   7.95587   7.93144   7.90278   7.75495   7.57017
   8.02580   8.02529   8.01416   7.95713   7.93289   7.90339   7.75531   7.57094
   8.02701   8.02657   8.01560   7.95869   7.93457   7.90429   7.75681   7.57183
   8.02805   8.02830   8.01765   7.96021   7.93586   7.90573   7.75717   7.57275
   8.02894   8.03054   8.01950   7.96165   7.93766   7.90648   7.75906   7.57000
   8.02958   8.03293   8.02210   7.96395   7.93920   7.90820   7.76004   7.57040
   8.03023   8.03409   8.02420   7.96602   7.94054   7.90818   7.76176   7.57060
   8.03095   8.03681   8.02682   7.96716   7.94216   7.90951   7.76331   7.57133
   8.03175   8.03989   8.02893   7.96916   7.94419   7.91133   7.76427   7.57199
   8.03280   8.04308   8.03095   7.97122   7.94586   7.91299   7.76449   7.57388
   8.03384   8.04574   8.03340   7.97319   7.94739   7.91441   7.76732   7.57482
   8.03545   8.04761   8.03593   7.97490   7.94907   7.91593   7.76883   7.57562
   8.03746   8.05011   8.03804   7.97698   7.95077   7.91782   7.77048   7.57617
   8.03971   8.05255   8.04030   7.97863   7.95241   7.92029   7.77346   7.57676
   8.04205   8.05473   8.04224   7.98062   7.95328   7.92191   7.77537   7.57719
   8.04438   8.05705   8.04479   7.98265   7.95534   7.92416   7.77485   7.57761
   8.04671   8.05966   8.04664   7.98487   7.95648   7.92585   7.77558   7.57781
   8.04888   8.06234   8.04843   7.98562   7.95944   7.92760   7.77588   7.57843
   8.05089   8.06458   8.04993   7.98677   7.96087   7.92973   7.77679   7.57784
   8.05290   8.06728   8.05142   7.98809   7.96280   7.93126   7.77864   7.57751
   8.05467   8.06911   8.05247   7.98902   7.96394   7.93253   7.78004   7.57730
   8.05668   8.07020   8.05371   7.99019   7.96505   7.93365   7.78072   7.57735
   8.05837   8.07188   8.05500   7.99070   7.96561   7.93443   7.78004   7.57656
   8.06022   8.07331   8.05608   7.99128   7.96672   7.93556   7.77971   7.57526
   8.06183   8.07489   8.05676   7.99303   7.96673   7.93657   7.77961   7.57389
   8.06303   8.07641   8.05770   7.99309   7.96687   7.93789   7.77971   7.57212
   8.06408   8.07792   8.05782   7.99386   7.96650   7.93909   7.77933   7.57065
   8.06512   8.07899   8.05853   7.99421   7.96767   7.93984   7.77910   7.56926
   8.06536   8.08026   8.05898   7.99413   7.96745   7.93997   7.77897   7.56829
   8.06601   8.08121   8.05975   7.99460   7.96844   7.94038   7.77776   7.56635
   8.06665   8.08180   8.06064   7.99514   7.96842   7.94048   7.77692   7.56501
   8.06673   8.08291   8.06186   7.99545   7.96855   7.94056   7.77691   7.56405
   8.06713   8.08406   8.06201   7.99543   7.96826   7.94081   7.77563   7.56274
   8.06842   8.08456   8.06271   7.99572   7.96865   7.94066   7.77524   7.56097
   8.06971   8.08543   8.06376   7.99688   7.96840   7.94072   7.77473   7.55703
   8.07099   8.08643   8.06482   7.99700   7.96836   7.94117   7.77419   7.55625
   8.07204   8.08773   8.06585   7.99743   7.96854   7.94138   7.77387   7.55538
   8.07316   8.08901   8.06691   7.99804   7.96953   7.94179   7.77354   7.55504
   8.07349   8.09064   8.06843   7.99813   7.96980   7.94191   7.77294   7.55519
   8.07429   8.09162   8.06936   7.99866   7.96998   7.94234   7.77373   7.55455
   8.07501   8.09301   8.07047   7.99925   7.97008   7.94273   7.77301   7.55461
   8.07558   8.09400   8.07153   7.99925   7.96994   7.94326   7.77342   7.55413
   8.07646   8.09550   8.07178   7.99939   7.97015   7.94311   7.77301   7.55356
   8.07775   8.09680   8.07207   7.99923   7.97027   7.94348   7.77298   7.55292
   8.07879   8.09769   8.07256   7.99910   7.97065   7.94392   7.77192   7.55272
   8.07952   8.09824   8.07290   7.99936   7.97042   7.94416   7.77133   7.55141
   8.07984   8.09887   8.07247   7.99860   7.96974   7.94401   7.77070   7.55104
   8.08016   8.09934   8.07201   7.99784   7.96750   7.94421   7.77051   7.54959
   8.07968   8.09968   8.07137   7.99680   7.96674   7.94441   7.76998   7.54843
   8.07952   8.09934   8.07001   7.99571   7.96516   7.94436   7.76970   7.54648
   8.07911   8.09932   8.06880   7.99403   7.96375   7.94396   7.76937   7.54399
   8.08169   8.09826   8.06711   7.99176   7.96216   7.94326   7.76716   7.54081
   8.08088   8.09729   8.06545   7.98952   7.96031   7.94247   7.76630   7.53870
   8.08016   8.09588   8.06279   7.98654   7.95743   7.94113   7.76432   7.53551
   8.07911   8.09379   8.06059   7.98331   7.95482   7.93960   7.76197   7.53181
   8.07783   8.09121   8.05739   7.98004   7.95179   7.93852   7.75910   7.52837
   8.07622   8.08904   8.05390   7.97658   7.94905   7.93679   7.75587   7.52514
   8.07518   8.08684   8.05047   7.97285   7.94349   7.93516   7.75338   7.52122
   8.07316   8.08385   8.04707   7.96914   7.94015   7.93268   7.74731   7.51687
   8.07123   8.07996   8.04301   7.96541   7.93604   7.92957   7.74379   7.51264
   8.06842   8.07681   8.03899   7.96080   7.93167   7.92632   7.73978   7.50780
   8.06472   8.07307   8.03532   7.95645   7.92740   7.92302   7.73424   7.50278
   8.05829   8.06952   8.03160   7.95220   7.92344   7.91927   7.73052   7.49825
   8.05539   8.06599   8.02751   7.94783   7.91881   7.91543   7.72572   7.49315
   8.05250   8.06248   8.02395   7.94345   7.91456   7.91185   7.72131   7.48854
   8.04936   8.05879   8.02020   7.93963   7.91011   7.90774   7.71662   7.48439
   8.04534   8.05563   8.01649   7.93560   7.90568   7.90358   7.71158   7.48014
   8.04164   8.05283   8.01248   7.93130   7.90144   7.89943   7.70726   7.47645
   8.03698   8.04950   8.00841   7.92721   7.89751   7.89534   7.70319   7.47178
   8.03248   8.04629   8.00500   7.92361   7.89339   7.89102   7.69762   7.46804
   8.02822   8.04357   8.00252   7.92042   7.88946   7.88709   7.69475   7.46388
   8.02427   8.04076   8.00016   7.91753   7.88560   7.88273   7.69030   7.46019
   8.02050   8.03812   7.99800   7.91503   7.88243   7.87872   7.68683   7.45643
   8.01656   8.03565   7.99583   7.91313   7.87916   7.87479   7.68305   7.45312
   8.01270   8.03375   7.99407   7.91081   7.87638   7.87122   7.68045   7.45016
   8.00900   8.03197   7.99256   7.90867   7.87384   7.86757   7.67777   7.44839
   8.00546   8.03032   7.99160   7.90758   7.87171   7.86455   7.67472   7.44586
   8.00281   8.02963   7.99150   7.90653   7.87001   7.86161   7.67319   7.44413
   8.00047   8.02902   7.99165   7.90585   7.86870   7.85895   7.67249   7.44180
   7.99830   8.02859   7.99205   7.90572   7.86767   7.85709   7.66964   7.44386
   7.99694   8.02893   7.99271   7.90543   7.86689   7.85587   7.66752   7.44194
   7.99565   8.02967   7.99330   7.90568   7.86596   7.85464   7.66627   7.44097
   7.99356   8.02995   7.99406   7.90598   7.86564   7.85320   7.66664   7.44085
   7.99275   8.03072   7.99503   7.90658   7.86600   7.85252   7.66609   7.44063
   7.99203   8.03247   7.99682   7.90735   7.86581   7.85240   7.66742   7.44090
   7.99179   8.03404   7.99792   7.90851   7.86606   7.85217   7.66743   7.44169
   7.99131   8.03545   7.99954   7.90998   7.86885   7.85284   7.66790   7.44132
   7.99139   8.03756   8.00155   7.91141   7.86988   7.85337   7.66773   7.44134
   7.99082   8.03980   8.00330   7.91298   7.87085   7.85364   7.66829   7.44217
   7.99107   8.04197   8.00552   7.91647   7.87245   7.85443   7.66891   7.44363
   7.99090   8.04444   8.00776   7.91871   7.87380   7.85485   7.67096   7.44489
   7.99123   8.04720   8.00992   7.92044   7.87533   7.85596   7.67417   7.44569
   7.99107   8.04905   8.01203   7.92196   7.87632   7.85693   7.67736   7.44673
   7.99171   8.05097   8.01425   7.92373   7.87769   7.85811   7.67935   7.44850
   7.99227   8.05307   8.01644   7.92637   7.87895   7.85990   7.67945   7.45039
   7.99340   8.05539   8.01855   7.92827   7.88082   7.86163   7.68058   7.45206
   7.99468   8.05751   8.02097   7.93058   7.88492   7.86370   7.68138   7.45472
   7.99653   8.06031   8.02365   7.93307   7.88693   7.86547   7.68170   7.45686
   7.99806   8.06278   8.02578   7.93592   7.88960   7.86736   7.68456   7.45900
   7.99983   8.06537   8.02798   7.93820   7.89369   7.86942   7.68816   7.46207
   8.00200   8.06821   8.03064   7.94012   7.89570   7.87105   7.69148   7.46467
   8.00425   8.07125   8.03347   7.94223   7.89821   7.87308   7.69465   7.46678
   8.00618   8.07046   8.03576   7.94430   7.89966   7.87516   7.69564   7.47008
   8.00868   8.07312   8.03799   7.94605   7.90152   7.87764   7.69767   7.47227
   8.01077   8.07460   8.04078   7.94834   7.90359   7.87974   7.69943   7.47498
   8.01245   8.07731   8.04270   7.95006   7.90523   7.88228   7.70102   7.47768
   8.01382   8.07914   8.04387   7.95172   7.90648   7.88187   7.70331   7.48020
   8.01559   8.08100   8.04591   7.95317   7.90805   7.88391   7.70640   7.48251
   8.01696   8.08293   8.04757   7.95533   7.90953   7.88569   7.70765   7.48420
   8.01832   8.08599   8.04889   7.95653   7.91060   7.88783   7.70907   7.48611
   8.01961   8.08741   8.05039   7.95758   7.91156   7.88929   7.71101   7.48777
   8.02154   8.08920   8.05185   7.95802   7.91285   7.89109   7.71329   7.48882
   8.02267   8.08876   8.05239   7.95881   7.91362   7.89280   7.71288   7.48966
   8.02403   8.08945   8.05293   7.95896   7.91388   7.89436   7.71421   7.49008
   8.02460   8.09049   8.05274   7.95605   7.91424   7.89520   7.71553   7.49022
   8.02596   8.09106   8.05228   7.95543   7.91438   7.89646   7.71609   7.48958
   8.02685   8.09101   8.05139   7.95521   7.91389   7.89889   7.71440   7.48907
   8.02789   8.09149   8.05027   7.95392   7.91352   7.90021   7.71419   7.48819
   8.02862   8.09124   8.04901   7.95249   7.91308   7.90069   7.71328   7.48656
   8.02918   8.09065   8.04768   7.95094   7.91196   7.90100   7.71177   7.47633
   8.02966   8.08975   8.04611   7.94930   7.91036   7.90025   7.70960   7.47450
   8.03006   8.08903   8.04450   7.94664   7.90863   7.90011   7.70743   7.47167
   8.02958   8.08802   8.04291   7.94421   7.90677   7.89972   7.70538   7.46882
   8.02934   8.08628   8.04073   7.94165   7.90501   7.89915   7.70249   7.46562
   8.02902   8.08496   8.03810   7.94015   7.90262   7.89812   7.70016   7.46307
   8.02926   8.08359   8.03562   7.93740   7.89978   7.89660   7.69669   7.46037
   8.02822   8.08167   8.03284   7.93573   7.89728   7.89454   7.69221   7.45630
   8.02717   8.07930   8.03018   7.93306   7.89409   7.89243   7.68877   7.45344
   8.02524   8.07732   8.02749   7.93048   7.89098   7.89045   7.68586   7.45034
   8.02331   8.07578   8.02469   7.92747   7.88766   7.88831   7.68142   7.44739
   8.02066   8.07350   8.02166   7.92459   7.88464   7.88588   7.67807   7.44314
   8.01857   8.07162   8.01929   7.92132   7.88123   7.88304   7.67603   7.43960
   8.01583   8.06926   8.01664   7.91794   7.87813   7.88040   7.67409   7.43542
   8.01342   8.06674   8.01604   7.91511   7.87523   7.87767   7.67101   7.43172
   8.01036   8.06446   8.01301   7.91155   7.87229   7.87503   7.66680   7.42762
   8.00626   8.06148   8.01039   7.90852   7.86867   7.87226   7.66330   7.42364
   8.00281   8.05892   8.00749   7.90478   7.86536   7.86905   7.65967   7.41899
   7.99959   8.05606   8.00393   7.90173   7.86147   7.86630   7.65430   7.41469
   7.99637   8.05315   8.00053   7.89896   7.85772   7.86316   7.65142   7.40974
   7.99493   8.04977   7.99773   7.89565   7.85371   7.86093   7.64822   7.40440
   7.99155   8.04702   7.99468   7.89233   7.85044   7.85751   7.64483   7.39926
   7.98906   8.04395   7.99384   7.88851   7.84701   7.85429   7.63932   7.39435
   7.98616   8.04076   7.99069   7.88473   7.84333   7.85115   7.63474   7.38962
   7.98319   8.03765   7.98482   7.88117   7.84132   7.84762   7.63245   7.38461
   7.98037   8.03501   7.98120   7.87693   7.83794   7.84412   7.62797   7.37888
   7.98029   8.03186   7.97798   7.87303   7.83403   7.84117   7.62273   7.37369
   7.97756   8.02888   7.97501   7.86987   7.82975   7.83738   7.61778   7.36845
   7.97482   8.02573   7.97154   7.86583   7.82536   7.83373   7.61211   7.36259
   7.97169   8.02270   7.96787   7.86295   7.82148   7.83018   7.60643   7.35736
   7.96903   8.01920   7.96445   7.85937   7.81733   7.82359   7.60248   7.35195
   7.96533   8.01607   7.96130   7.85587   7.81346   7.81965   7.59822   7.34603
   7.96204   8.01307   7.95745   7.85299   7.80965   7.81563   7.59333   7.34141
   7.95826   8.01001   7.95494   7.84990   7.80588   7.81186   7.58916   7.33653
   7.95496   8.00714   7.95318   7.84720   7.80327   7.80787   7.58519   7.33193
   7.95142   8.00439   7.95102   7.84458   7.80008   7.80383   7.58154   7.32811
   7.94877   8.00179   7.94864   7.84246   7.79670   7.79943   7.57685   7.32336
   7.94531   8.00075   7.94744   7.84054   7.79329   7.79568   7.57302   7.31904
   7.94210   7.99891   7.94621   7.83910   7.79002   7.79221   7.57078   7.31575
   7.93904   7.99763   7.94554   7.83796   7.78750   7.78846   7.56793   7.31236
   7.93615   7.99620   7.94501   7.83697   7.78542   7.78592   7.56519   7.30952
   7.93317   7.99545   7.94481   7.83678   7.78378   7.78302   7.56276   7.30739
   7.93076   7.99497   7.94488   7.83741   7.78281   7.78063   7.56248   7.30524
   7.92883   7.99494   7.94603   7.83786   7.78214   7.77865   7.56006   7.30450
   7.92778   7.99543   7.94791   7.83866   7.78197   7.77696   7.55825   7.30276
   7.92658   7.99689   7.94950   7.84005   7.78193   7.77540   7.55843   7.30219
   7.92593   7.99857   7.95110   7.84159   7.78256   7.77449   7.55831   7.30233
   7.92577   8.00084   7.95345   7.84367   7.78332   7.77415   7.55698   7.30175
   7.92521   8.00286   7.95575   7.84556   7.78452   7.77401   7.55936   7.30187
   7.92513   8.00706   7.95823   7.84787   7.78629   7.77393   7.56001   7.30277
   7.92585   8.00877   7.96073   7.85033   7.78828   7.77420   7.56003   7.30327
   7.92617   8.01126   7.96332   7.85271   7.78976   7.77456   7.56018   7.30341
   7.92682   8.01363   7.96628   7.85515   7.79140   7.77545   7.56221   7.30328
   7.92754   8.01615   7.96908   7.85781   7.79335   7.77710   7.56396   7.30375
   7.92666   8.01811   7.97311   7.86022   7.79563   7.77836   7.56491   7.30303
   7.92746   8.02120   7.97600   7.86254   7.79706   7.77990   7.56689   7.30283
   7.92867   8.02376   7.97882   7.86472   7.79897   7.78191   7.56800   7.30277
   7.93003   8.02760   7.98114   7.86697   7.80080   7.78358   7.56838   7.30331
   7.93172   8.03006   7.98329   7.86874   7.80257   7.78510   7.57045   7.30340
   7.93389   8.03356   7.98557   7.87090   7.80420   7.78641   7.57185   7.30292
   7.93671   8.03580   7.98782   7.87332   7.80628   7.78843   7.57422   7.30234
   7.93840   8.03833   7.99015   7.87514   7.80797   7.79012   7.57618   7.30224
   7.94073   8.04076   7.99277   7.87702   7.80977   7.79184   7.57562   7.30136
   7.94354   8.04270   7.99531   7.87943   7.81166   7.79337   7.57588   7.30078
   7.94764   8.04515   7.99855   7.88121   7.81336   7.79516   7.57755   7.30038
   7.95006   8.04786   8.00118   7.88310   7.81485   7.79740   7.57667   7.29968
   7.95319   8.05023   8.00381   7.88553   7.81713   7.79899   7.57811   7.29970
   7.95601   8.05381   8.00580   7.88825   7.81931   7.80056   7.58153   7.29947
   7.95842   8.05651   8.00815   7.89038   7.82110   7.80226   7.58313   7.30008
   7.96131   8.05971   8.01069   7.89261   7.82338   7.80413   7.58450   7.30086
   7.96381   8.06204   8.01454   7.89490   7.82571   7.80566   7.58607   7.30132
   7.96598   8.06451   8.01689   7.89727   7.82789   7.80789   7.58698   7.30079
   7.96871   8.06730   8.01936   7.89917   7.82978   7.81029   7.58776   7.30188
   7.97112   8.07010   8.02174   7.90144   7.83186   7.81279   7.58897   7.30240
   7.97354   8.07245   8.02400   7.90391   7.83370   7.81462   7.59071   7.30329
   7.97539   8.07483   8.02302   7.90564   7.83569   7.81646   7.59152   7.30427
   7.97796   8.07707   8.02534   7.90770   7.83729   7.81815   7.59320   7.30537
   7.97989   8.07971   8.02738   7.90963   7.83881   7.81999   7.59482   7.30524
   7.98142   8.08172   8.02912   7.91166   7.84057   7.82169   7.59543   7.30710
   7.98351   8.08383   8.03076   7.91340   7.84260   7.82344   7.59733   7.30773
   7.98632   8.08569   8.03257   7.91505   7.84406   7.82535   7.59857   7.30845
   7.98889   8.08745   8.03418   7.91689   7.84423   7.82711   7.59990   7.30910
   7.99171   8.08919   8.03601   7.91804   7.84561   7.82862   7.60161   7.31009
   7.99460   8.09049   8.03741   7.91954   7.84757   7.83046   7.60305   7.31106
   7.99734   8.09186   8.03863   7.92075   7.84866   7.83202   7.60396   7.31276
   7.99967   8.09345   8.03823   7.92210   7.85049   7.83400   7.60618   7.31468
   8.00369   8.09533   8.04008   7.92400   7.85178   7.83559   7.60667   7.31753
   8.00586   8.09680   8.04165   7.92543   7.85306   7.83708   7.60806   7.31942
   8.00771   8.09834   8.04336   7.92673   7.85442   7.83874   7.61016   7.32210
   8.00924   8.10004   8.04464   7.92786   7.85619   7.84036   7.61238   7.32402
   8.01133   8.10186   8.04578   7.92908   7.85739   7.84151   7.61325   7.32576
   8.01430   8.10311   8.04690   7.93024   7.85986   7.84302   7.61463   7.32796
   8.01599   8.10147   8.04805   7.93166   7.86174   7.84462   7.61693   7.32973
   8.01744   8.10249   8.04922   7.93296   7.86481   7.84604   7.61837   7.33158
   8.01897   8.10382   8.05025   7.93417   7.86546   7.84730   7.62019   7.33383
   8.01969   8.10526   8.05103   7.93518   7.86632   7.84875   7.62248   7.33549
   8.02009   8.10676   8.05197   7.93616   7.86730   7.85026   7.62328   7.33670
   8.02114   8.10774   8.05255   7.93683   7.86771   7.85225   7.62376   7.33796
   8.02170   8.10863   8.05363   7.93708   7.86797   7.85337   7.62585   7.33816
   8.02218   8.10933   8.05427   7.93750   7.86905   7.85468   7.62734   7.33882
   8.02291   8.11011   8.05500   7.93781   7.86923   7.85572   7.62831   7.33937
   8.02387   8.11016   8.05520   7.93785   7.86871   7.85623   7.62812   7.34009
   8.02436   8.11147   8.05526   7.93782   7.86862   7.85668   7.62807   7.33944
   8.02540   8.11151   8.05468   7.93730   7.86938   7.85749   7.62809   7.33987
