     1    64  0.33149E-06  0.33149E-06
     2    72  0.14078E-06  0.14078E-06
     3    80  0.87754E-08  0.87754E-08
     4    84  0.13929E-06  0.13929E-06
     5   112  0.47081E-07  0.47081E-07
     6   116  0.29135E-07  0.29135E-07
     7   120  0.14250E-06  0.14250E-06
     8   124  0.21464E-06  0.21464E-06
     9   128  0.30294E-06  0.30294E-06
    10   132  0.14820E-06  0.14820E-06
    11   140  0.33649E-07  0.33649E-07
    12   148  0.45794E-07  0.45794E-07
    13   172  0.52281E-07  0.52281E-07
    14   180  0.21166E-07  0.21166E-07
    15  2836  0.26920E-07  0.26920E-07
    16  2840  0.25556E-07  0.25556E-07
    17  2844  0.24564E-07  0.24564E-07
    18  2848  0.10891E-07  0.10891E-07
    19  2852  0.22612E-07  0.22612E-07
    20  2864  0.86538E-08  0.86538E-08
    21  2872  0.30467E-07  0.30467E-07
    22  2880  0.22529E-07  0.22529E-07
    23  4088  0.50403E-08  0.50403E-08
    24  4124  0.11962E-07  0.11962E-07
    25  9832  0.27123E-07  0.27123E-07
    26 11048  0.45777E-07  0.45777E-07
    27 11068  0.27894E-07  0.27894E-07
    28 11088  0.27794E-07  0.27794E-07
    29 11092  0.18320E-07  0.18320E-07
    30 16768  0.53667E-07  0.53667E-07
    31 16772  0.28326E-07  0.28326E-07
    32 16776  0.22936E-07  0.22936E-07
    33 16780  0.50564E-07  0.50564E-07
    34 16784  0.79393E-08  0.79393E-08
    35 16788  0.10367E-07  0.10367E-07
    36 16792  0.23699E-07  0.23699E-07
    37 16796  0.61021E-08  0.61021E-08
    38 16800  0.30756E-07  0.30756E-07
    39 16804  0.31664E-07  0.31664E-07
    40 20888  0.39021E-07  0.39021E-07
    41 24972  0.28655E-07  0.28655E-07
    42 24996  0.35708E-07  0.35708E-07
    43 25020  0.40646E-07  0.40646E-07
    44 25024  0.31169E-07  0.31169E-07
    45 26592  0.16405E-07  0.16405E-07
    46 26644  0.20429E-07  0.20429E-07
    47 30704  0.14818E-07  0.14818E-07
    48 30708  0.17822E-07  0.17822E-07
    49 30712  0.16993E-07  0.16993E-07
    50 30716  0.89304E-08  0.89304E-08
    51 30720  0.16615E-07  0.16615E-07
    52 30728  0.18229E-07  0.18229E-07
