      1       0.000000         0.0499665
      2       0.000001         3.9922276
      3       0.000003         7.7353088
      4       0.000004        11.2951107
      5       0.000005        14.6870746
      6       0.000007        17.9248202
      7       0.000008        21.0205244
      8       0.000009        23.9850883
      9       0.000011        26.8282986
     10       0.000012        29.5589642
     11       0.000013        32.1850332
     12       0.000015        34.7136951
     13       0.000016        37.1514681
     14       0.000017        39.5042755
     15       0.000019        41.7775117
     16       0.000020        43.9761005
     17       0.000021        46.1045450
     18       0.000023        48.1669722
     19       0.000024        50.1671718
     20       0.000025        52.1086301
     21       0.000027        53.9945605
     22       0.000028        55.8279299
     23       0.000029        57.6114824
     24       0.000031        59.3477601
     25       0.000032        61.0391223
     26       0.000033        62.6877610
     27       0.000035        64.2957171
     28       0.000036        65.8648924
     29       0.000037        67.3970625
     30       0.000039        68.8938868
     31       0.000040        70.3569185
     32       0.000041        71.7876130
     33       0.000043        73.1873360
     34       0.000044        74.5573703
     35       0.000045        75.8989224
     36       0.000047        77.2131284
     37       0.000048        78.5010587
     38       0.000049        79.7637237
     39       0.000051        81.0020775
     40       0.000052        82.2170221
     41       0.000053        83.4094112
     42       0.000055        84.5800532
     43       0.000056        85.7297148
     44       0.000057        86.8591232
     45       0.000059        87.9689692
     46       0.000060        89.0599092
     47       0.000061        90.1325678
     48       0.000063        91.1875393
     49       0.000064        92.2253900
     50       0.000065        93.2466598
     51       0.000067        94.2518638
     52       0.000068        95.2414937
     53       0.000069        96.2160192
     54       0.000071        97.1758892
     55       0.000072        98.1215335
     56       0.000073        99.0533630
     57       0.000075        99.9717715
     58       0.000076       100.8771364
     59       0.000077       101.7698193
     60       0.000079       102.6501674
     61       0.000080       103.5185138
     62       0.000081       104.3751785
     63       0.000083       105.2204688
     64       0.000084       106.0546805
     65       0.000085       106.8780976
     66       0.000087       107.6909940
     67       0.000088       108.4936328
     68       0.000089       109.2862678
     69       0.000091       110.0691435
     70       0.000092       110.8424956
     71       0.000093       111.6065513
     72       0.000095       112.3615300
     73       0.000096       113.1076434
     74       0.000097       113.8450959
     75       0.000099       114.5740850
     76       0.000100       115.2948016
     77       0.000101       116.0074301
     78       0.000103       116.7121490
     79       0.000104       117.4091310
     80       0.000105       118.0985430
     81       0.000107       118.7805470
     82       0.000108       119.4552995
     83       0.000109       120.1229522
     84       0.000111       120.7836523
     85       0.000112       121.4375424
     86       0.000113       122.0847606
     87       0.000115       122.7254411
     88       0.000116       123.3597141
     89       0.000117       123.9877058
     90       0.000119       124.6095388
     91       0.000120       125.2253322
     92       0.000121       125.8352017
     93       0.000123       126.4392597
     94       0.000124       127.0376154
     95       0.000125       127.6303750
     96       0.000127       128.2176418
     97       0.000128       128.7995163
     98       0.000129       129.3760961
     99       0.000131       129.9474764
    100       0.000132       130.5137499
    101       0.000133       131.0750065
    102       0.000135       131.6313342
    103       0.000136       132.1828183
    104       0.000137       132.7295423
    105       0.000139       133.2715872
    106       0.000140       133.8090324
    107       0.000141       134.3419547
    108       0.000143       134.8704296
    109       0.000144       135.3945304
    110       0.000145       135.9143287
    111       0.000147       136.4298943
    112       0.000148       136.9412954
    113       0.000149       137.4485985
    114       0.000151       137.9518685
    115       0.000152       138.4511689
    116       0.000153       138.9465617
    117       0.000155       139.4381074
    118       0.000156       139.9258650
    119       0.000157       140.4098924
    120       0.000159       140.8902460
    121       0.000160       141.3669810
    122       0.000161       141.8401514
    123       0.000163       142.3098099
    124       0.000164       142.7760082
    125       0.000165       143.2387968
    126       0.000167       143.6982250
    127       0.000168       144.1543411
    128       0.000169       144.6071926
    129       0.000171       145.0568255
    130       0.000172       145.5032853
    131       0.000173       145.9466164
    132       0.000175       146.3868621
    133       0.000176       146.8240650
    134       0.000177       147.2582669
    135       0.000179       147.6895084
    136       0.000180       148.1178297
    137       0.000181       148.5432699
    138       0.000183       148.9658675
    139       0.000184       149.3856600
    140       0.000185       149.8026845
    141       0.000187       150.2169771
    142       0.000188       150.6285732
    143       0.000189       151.0375078
    144       0.000191       151.4438148
    145       0.000192       151.8475279
    146       0.000193       152.2486798
    147       0.000195       152.6473027
    148       0.000196       153.0434284
    149       0.000197       153.4370878
    150       0.000199       153.8283114
    151       0.000200       154.2171291
    152       0.000201       154.6035703
    153       0.000203       154.9876637
    154       0.000204       155.3694378
    155       0.000205       155.7489202
    156       0.000207       156.1261382
    157       0.000208       156.5011188
    158       0.000209       156.8738882
    159       0.000211       157.2444723
    160       0.000212       157.6128965
    161       0.000213       157.9791859
    162       0.000215       158.3433650
    163       0.000216       158.7054578
    164       0.000217       159.0654883
    165       0.000219       159.4234796
    166       0.000220       159.7794547
    167       0.000221       160.1334361
    168       0.000223       160.4854461
    169       0.000224       160.8355064
    170       0.000225       161.1836385
    171       0.000227       161.5298634
    172       0.000228       161.8742020
    173       0.000229       162.2166746
    174       0.000231       162.5573013
    175       0.000232       162.8961019
    176       0.000233       163.2330958
    177       0.000235       163.5683022
    178       0.000236       163.9017398
    179       0.000237       164.2334274
    180       0.000239       164.5633830
    181       0.000240       164.8916246
    182       0.000241       165.2181700
    183       0.000243       165.5430366
    184       0.000244       165.8662415
    185       0.000245       166.1878016
    186       0.000247       166.5077335
    187       0.000248       166.8260536
    188       0.000249       167.1427782
    189       0.000251       167.4579229
    190       0.000252       167.7715036
    191       0.000253       168.0835356
    192       0.000255       168.3940342
    193       0.000256       168.7030142
    194       0.000257       169.0104906
    195       0.000259       169.3164778
    196       0.000260       169.6209902
    197       0.000261       169.9240419
    198       0.000263       170.2256468
    199       0.000264       170.5258186
    200       0.000265       170.8245710
    201       0.000267       171.1219172
    202       0.000268       171.4178704
    203       0.000269       171.7124436
    204       0.000271       172.0056495
    205       0.000272       172.2975009
    206       0.000273       172.5880101
    207       0.000275       172.8771894
    208       0.000276       173.1650509
    209       0.000277       173.4516066
    210       0.000279       173.7368682
    211       0.000280       174.0208473
    212       0.000281       174.3035555
    213       0.000283       174.5850041
    214       0.000284       174.8652041
    215       0.000285       175.1441667
    216       0.000287       175.4219027
    217       0.000288       175.6984227
    218       0.000289       175.9737375
    219       0.000291       176.2478575
    220       0.000292       176.5207929
    221       0.000293       176.7925539
    222       0.000295       177.0631507
    223       0.000296       177.3325931
    224       0.000297       177.6008909
    225       0.000299       177.8680538
    226       0.000300       178.1340914
    227       0.000301       178.3990131
    228       0.000303       178.6628281
    229       0.000304       178.9255457
    230       0.000305       179.1871750
    231       0.000307       179.4477250
    232       0.000308       179.7072045
    233       0.000309       179.9656222
    234       0.000311       180.2229868
    235       0.000312       180.4793068
    236       0.000313       180.7345908
    237       0.000315       180.9888469
    238       0.000316       181.2420835
    239       0.000317       181.4943087
    240       0.000319       181.7455304
    241       0.000320       181.9957568
    242       0.000321       182.2449956
    243       0.000323       182.4932545
    244       0.000324       182.7405413
    245       0.000325       182.9868635
    246       0.000327       183.2322286
    247       0.000328       183.4766440
    248       0.000329       183.7201171
    249       0.000331       183.9626549
    250       0.000332       184.2042648
    251       0.000333       184.4449538
    252       0.000335       184.6847288
    253       0.000336       184.9235968
    254       0.000337       185.1615646
    255       0.000339       185.3986390
    256       0.000340       185.6348265
    257       0.000341       185.8701339
    258       0.000343       186.1045677
    259       0.000344       186.3381343
    260       0.000345       186.5708401
    261       0.000347       186.8026914
    262       0.000348       187.0336945
    263       0.000349       187.2638555
    264       0.000351       187.4931806
    265       0.000352       187.7216758
    266       0.000353       187.9493471
    267       0.000355       188.1762003
    268       0.000356       188.4022414
    269       0.000357       188.6274762
    270       0.000359       188.8519103
    271       0.000360       189.0755495
    272       0.000361       189.2983993
    273       0.000363       189.5204653
    274       0.000364       189.7417529
    275       0.000365       189.9622677
    276       0.000367       190.1820150
    277       0.000368       190.4010000
    278       0.000369       190.6192282
    279       0.000371       190.8367046
    280       0.000372       191.0534344
    281       0.000373       191.2694228
    282       0.000375       191.4846748
    283       0.000376       191.6991954
    284       0.000377       191.9129895
    285       0.000379       192.1260621
    286       0.000380       192.3384180
    287       0.000381       192.5500619
    288       0.000383       192.7609987
    289       0.000384       192.9712331
    290       0.000385       193.1807696
    291       0.000387       193.3896130
    292       0.000388       193.5977678
    293       0.000389       193.8052385
    294       0.000391       194.0120296
    295       0.000392       194.2181455
    296       0.000393       194.4235906
    297       0.000395       194.6283693
    298       0.000396       194.8324859
    299       0.000397       195.0359446
    300       0.000399       195.2387496
    301       0.000400       195.4409052
    302       0.000401       195.6424155
    303       0.000403       195.8432846
    304       0.000404       196.0435166
    305       0.000405       196.2431154
    306       0.000407       196.4420851
    307       0.000408       196.6404296
    308       0.000409       196.8381528
    309       0.000411       197.0352587
    310       0.000412       197.2317510
    311       0.000413       197.4276335
    312       0.000415       197.6229101
    313       0.000416       197.8175844
    314       0.000417       198.0116602
    315       0.000419       198.2051411
    316       0.000420       198.3980308
    317       0.000421       198.5903329
    318       0.000423       198.7820508
    319       0.000424       198.9731882
    320       0.000425       199.1637486
    321       0.000427       199.3537354
    322       0.000428       199.5431521
    323       0.000429       199.7320021
    324       0.000431       199.9202887
    325       0.000432       200.1080154
    326       0.000433       200.2951853
    327       0.000435       200.4818019
    328       0.000436       200.6678683
    329       0.000437       200.8533879
    330       0.000439       201.0383638
    331       0.000440       201.2227991
    332       0.000441       201.4066971
    333       0.000443       201.5900609
    334       0.000444       201.7728935
    335       0.000445       201.9551979
    336       0.000447       202.1369774
    337       0.000448       202.3182348
    338       0.000449       202.4989732
    339       0.000451       202.6791955
    340       0.000452       202.8589046
    341       0.000453       203.0381035
    342       0.000455       203.2167950
    343       0.000456       203.3949821
    344       0.000457       203.5726675
    345       0.000459       203.7498540
    346       0.000460       203.9265445
    347       0.000461       204.1027418
    348       0.000463       204.2784485
    349       0.000464       204.4536674
    350       0.000465       204.6284012
    351       0.000467       204.8026525
    352       0.000468       204.9764241
    353       0.000469       205.1497185
    354       0.000471       205.3225384
    355       0.000472       205.4948864
    356       0.000473       205.6667649
    357       0.000475       205.8381766
    358       0.000476       206.0091241
    359       0.000477       206.1796097
    360       0.000479       206.3496360
    361       0.000480       206.5192055
    362       0.000481       206.6883206
    363       0.000483       206.8569837
    364       0.000484       207.0251973
    365       0.000485       207.1929636
    366       0.000487       207.3602852
    367       0.000488       207.5271643
    368       0.000489       207.6936033
    369       0.000491       207.8596045
    370       0.000492       208.0251702
    371       0.000493       208.1903026
    372       0.000495       208.3550041
    373       0.000496       208.5192768
    374       0.000497       208.6831230
    375       0.000499       208.8465450
    376       0.000500       209.0095448
