  8.04100     8.03532     8.03704     7.97837     7.98062     7.97158
  8.04100     8.03517     8.03780     7.97898     7.98083     7.97121
  8.04100     8.03580     8.03906     7.97999     7.98142     7.97159
  8.04100     8.03624     8.03947     7.98053     7.98213     7.97177
  8.04100     8.03686     8.03995     7.98137     7.98253     7.97159
  8.04100     8.03690     8.04031     7.98162     7.98295     7.97139
  8.04100     8.03661     8.04109     7.98216     7.98319     7.97096
  8.04100     8.03611     8.04094     7.98196     7.98295     7.97046
  8.04100     8.03618     8.04117     7.98248     7.98331     7.97037
  8.04100     8.03537     8.04094     7.98255     7.98316     7.96973
  8.04100     8.03579     8.04136     7.98348     7.98390     7.97029
  8.04100     8.03546     8.04117     7.98365     7.98405     7.97017
  8.04100     8.03547     8.04193     7.98418     7.98471     7.96682
  8.04100     8.03503     8.04253     7.98486     7.98502     7.96656
  8.04100     8.03495     8.04235     7.98532     7.98521     7.96621
  8.04100     8.03476     8.04289     7.98620     7.98575     7.96578
  8.04100     8.03485     8.04358     7.98765     7.98656     7.96555
  8.04100     8.03462     8.04432     7.98856     7.98686     7.96451
  8.04100     8.03549     8.04592     7.98999     7.98791     7.96469
  8.04100     8.03639     8.04756     7.99211     7.98918     7.96507
  8.04100     8.03739     8.04870     7.99391     7.99043     7.96516
  8.04100     8.03796     8.05074     7.99534     7.99104     7.96470
  8.04100     8.03863     8.05247     7.99739     7.99201     7.96225
  8.04100     8.03885     8.05413     7.99910     7.99315     7.96223
  8.04100     8.03934     8.05677     8.00042     7.99435     7.96212
  8.04100     8.04024     8.05873     8.00233     7.99542     7.96255
  8.04100     8.04106     8.06048     8.00394     7.99688     7.96323
  8.04100     8.04103     8.06131     8.00528     7.99755     7.96312
  8.04100     8.04060     8.06155     8.00513     7.99750     7.96217
  8.04100     8.03993     8.06117     8.00523     7.99718     7.96129
  8.04100     8.03971     8.06065     8.00523     7.99714     7.96086
  8.04100     8.03967     8.06033     8.00505     7.99682     7.96030
  8.04100     8.03964     8.06052     8.00395     7.99688     7.96030
  8.04100     8.03891     8.06068     8.00409     7.99643     7.95975
  8.04100     8.03788     8.05822     8.00349     7.99614     7.95929
  8.04100     8.03731     8.05762     8.00257     7.99565     7.95901
  8.04100     8.03651     8.05654     8.00159     7.99533     7.95854
  8.04100     8.03482     8.05472     8.00024     7.99403     7.95710
  8.04100     8.03424     8.05363     7.99853     7.99340     7.95632
  8.04100     8.03371     8.05251     7.99769     7.99299     7.95603
  8.04100     8.03359     8.05139     7.99710     7.99222     7.95546
  8.04100     8.03267     8.04973     7.99552     7.99122     7.95436
  8.04100     8.03180     8.04810     7.99558     7.99016     7.95357
  8.04100     8.03129     8.04675     7.99487     7.98937     7.95341
  8.04100     8.02878     8.04546     7.99396     7.98842     7.95268
  8.04100     8.02776     8.04382     7.99407     7.98707     7.95257
  8.04100     8.02644     8.04237     7.99252     7.98599     7.95203
  8.04100     8.02511     8.04114     7.99183     7.98487     7.95126
  8.04100     8.02395     8.03954     7.99027     7.98382     7.95076
  8.04100     8.02292     8.03780     7.98834     7.98254     7.95032
  8.04100     8.02314     8.03569     7.98668     7.98131     7.95018
  8.04100     8.02218     8.03362     7.98519     7.97966     7.94968
  8.04100     8.02097     8.03194     7.98619     7.97864     7.94915
  8.04100     8.01959     8.03035     7.98491     7.97740     7.94848
  8.04100     8.01838     8.02846     7.98368     7.97624     7.94672
  8.04100     8.01737     8.02677     7.98391     7.97484     7.94679
  8.04100     8.01610     8.02546     7.98262     7.97394     7.94648
  8.04100     8.01500     8.02369     7.98111     7.97254     7.94554
  8.04100     8.01419     8.02293     7.98040     7.97190     7.94569
  8.04100     8.01315     8.02171     7.97915     7.97107     7.94533
  8.04100     8.01316     8.02044     7.97807     7.97041     7.94497
  8.04100     8.01253     8.01913     7.97664     7.96931     7.94457
  8.04100     8.01181     8.01777     7.97570     7.96866     7.94433
  8.04100     8.01099     8.01689     7.97461     7.96853     7.94438
  8.04100     8.01059     8.01630     7.97436     7.96817     7.94469
  8.04100     8.01024     8.01559     7.97378     7.96779     7.94482
  8.04100     8.00958     8.01490     7.97333     7.96725     7.94464
  8.04100     8.00879     8.01370     7.97249     7.96635     7.94458
  8.04100     8.00786     8.01272     7.97221     7.96553     7.94483
  8.04100     8.00720     8.01132     7.97099     7.96445     7.94457
  8.04100     8.00659     8.00996     7.97001     7.96399     7.94486
  8.04100     8.00599     8.00912     7.96883     7.96349     7.94513
  8.04100     8.00531     8.00858     7.96779     7.96274     7.94501
  8.04100     8.00432     8.00763     7.96682     7.96183     7.94467
  8.04100     8.00314     8.00640     7.96576     7.96082     7.94420
  8.04100     8.00234     8.00482     7.96436     7.95965     7.94385
  8.04100     8.00154     8.00355     7.96338     7.95773     7.94333
  8.04100     8.00028     8.00203     7.96190     7.95702     7.94273
  8.04100     7.99977     8.00110     7.96138     7.95632     7.94287
  8.04100     7.99905     7.99972     7.96057     7.95519     7.94254
  8.04100     7.99806     7.99865     7.95962     7.95431     7.94183
  8.04100     7.99724     7.99818     7.95869     7.95356     7.94154
  8.04100     7.99715     7.99774     7.95875     7.95300     7.94134
  8.04100     7.99940     8.00010     7.96109     7.95517     7.94342
  8.04100     7.99903     8.00061     7.96114     7.95533     7.94302
  8.04100     7.99911     8.00133     7.96123     7.95562     7.94285
  8.04100     7.99929     8.00171     7.96225     7.95616     7.94248
  8.04100     7.99943     8.00208     7.96322     7.95668     7.94205
  8.04100     7.99965     8.00289     7.96448     7.95742     7.94238
  8.04100     8.00006     8.00363     7.96569     7.95775     7.94272
  8.04100     8.00090     8.00471     7.96703     7.95834     7.94273
  8.04100     8.00110     8.00599     7.96819     7.95925     7.94303
  8.04100     8.00161     8.00721     7.96964     7.96036     7.94297
  8.04100     8.00416     8.00707     7.97312     7.96321     7.94465
  8.04100     8.00411     8.00789     7.97392     7.96380     7.94437
  8.04100     8.00426     8.00894     7.97399     7.96439     7.94376
  8.04100     8.00433     8.00929     7.97426     7.96441     7.94303
  8.04100     8.00428     8.00972     7.97477     7.96469     7.94302
  8.04100     8.00461     8.01080     7.97553     7.96553     7.94339
  8.04100     8.00482     8.01114     7.97584     7.96565     7.94325
  8.04100     8.00542     8.01109     7.97645     7.96579     7.94328
  8.04100     8.00530     8.01113     7.97690     7.96594     7.94286
  8.04100     8.00565     8.01188     7.97737     7.96652     7.94284
  8.04100     8.00560     8.01299     7.98015     7.96709     7.94272
  8.04100     8.00615     8.01413     7.98142     7.96816     7.94341
  8.04100     8.00539     8.01267     7.98120     7.96777     7.94275
  8.04100     8.00565     8.01313     7.98102     7.96803     7.94312
  8.04100     8.00530     8.01319     7.98162     7.96779     7.94301
  8.04100     8.00337     8.01129     7.97988     7.96612     7.94101
  8.04100     8.00327     8.01170     7.98003     7.96655     7.94097
  8.04100     8.00212     8.01156     7.97994     7.96660     7.94108
  8.04100     8.00183     8.01097     7.98046     7.96661     7.94117
  8.04100     8.00139     8.01066     7.97977     7.96652     7.94063
  8.04100     8.00094     8.01030     7.98042     7.96635     7.94026
  8.04100     8.00096     8.01062     7.98071     7.96651     7.94037
  8.04100     8.00102     8.01303     7.98058     7.96660     7.94049
  8.04100     8.00142     8.01315     7.98012     7.96677     7.94058
  8.04100     8.00119     8.01349     7.98012     7.96704     7.94105
  8.04100     7.99828     8.01028     7.97701     7.96374     7.93830
  8.04100     7.99771     8.00923     7.97628     7.96308     7.93754
  8.04100     8.00025     8.00875     7.97545     7.96266     7.93703
  8.04100     7.99931     8.00797     7.97501     7.96190     7.93651
  8.04100     7.99875     8.00761     7.97494     7.96156     7.93670
  8.04100     7.99831     8.00720     7.97453     7.96119     7.93673
  8.04100     7.99865     8.00716     7.97435     7.96130     7.93716
  8.04100     7.99845     8.00643     7.97413     7.96086     7.93668
  8.04100     7.99823     8.00562     7.97317     7.96034     7.93639
  8.04100     7.99764     8.00504     7.97237     7.95984     7.93607
  8.04100     7.99722     8.00411     7.97192     7.95922     7.93566
  8.04100     7.99603     8.00284     7.97078     7.95799     7.93509
  8.04100     7.99548     8.00247     7.96987     7.95767     7.93500
  8.04100     7.99530     8.00236     7.96992     7.95760     7.93486
  8.04100     7.99492     8.00229     7.96991     7.95704     7.93455
  8.04100     7.99433     8.00221     7.96951     7.95651     7.93367
  8.04100     7.99406     8.00164     7.96917     7.95660     7.93267
  8.04100     7.99364     8.00122     7.96889     7.95655     7.93229
  8.04100     7.99325     8.00102     7.96856     7.95642     7.93189
  8.04100     7.99286     8.00088     7.96868     7.95683     7.93156
  8.04100     7.99290     8.00086     7.96940     7.95749     7.93172
  8.04100     7.99335     8.00170     7.97104     7.95836     7.93069
  8.04100     7.99282     8.00170     7.97131     7.95836     7.93005
  8.04100     7.99291     8.00250     7.97246     7.95935     7.93008
  8.04100     7.99313     8.00334     7.97387     7.96021     7.93009
  8.04100     7.99186     8.00299     7.97379     7.95979     7.92908
  8.04100     7.99274     8.00432     7.97556     7.96143     7.92995
  8.04100     7.99376     8.00599     7.97725     7.96313     7.93036
  8.04100     7.99489     8.00786     7.97952     7.96499     7.93119
  8.04100     7.99585     8.00686     7.98194     7.96726     7.93270
  8.04100     7.99719     8.00878     7.98418     7.96956     7.93354
  8.04100     7.99500     8.00721     7.98327     7.96821     7.93129
  8.04100     7.99559     8.00863     7.98572     7.96991     7.93220
  8.04100     7.99688     8.01049     7.98820     7.97215     7.93326
  8.04100     7.99818     8.01256     7.99062     7.97414     7.93393
  8.04100     7.99810     8.01377     7.99202     7.97518     7.93193
  8.04100     7.99980     8.01623     7.99510     7.97762     7.93364
  8.04100     8.00195     8.01860     7.99740     7.98002     7.93520
  8.04100     8.00344     8.02081     8.00005     7.98256     7.93762
  8.04100     8.00466     8.02065     8.00231     7.98444     7.93896
  8.04100     8.00589     8.02211     8.00418     7.98585     7.93982
  8.04100     8.00683     8.02350     8.00550     7.98718     7.94049
  8.04100     8.00782     8.02482     8.00719     7.98846     7.94117
  8.04100     8.00886     8.02639     8.00856     7.99002     7.94200
  8.04100     8.01010     8.02782     8.00811     7.99154     7.94300
  8.04100     8.01037     8.02871     8.00877     7.99237     7.94306
  8.04100     8.01053     8.02972     8.01045     7.99330     7.94332
  8.04100     8.01152     8.03063     8.01103     7.99346     7.94388
  8.04100     8.01218     8.03150     8.01135     7.99385     7.94457
  8.04100     8.01292     8.03227     8.01189     7.99399     7.94528
  8.04100     8.01353     8.03275     8.01215     7.99427     7.94595
  8.04100     8.01376     8.03300     8.01179     7.99406     7.94632
  8.04100     8.01394     8.03276     8.01056     7.99335     7.94637
  8.04100     8.01390     8.03230     8.00955     7.99244     7.94585
  8.04100     8.01367     8.03159     8.00637     7.99110     7.94538
  8.04100     8.01309     8.03023     8.00457     7.98946     7.94417
  8.04100     8.01247     8.02898     8.00283     7.98795     7.94341
  8.04100     8.01208     8.02763     8.00080     7.98601     7.94269
  8.04100     8.01092     8.02570     7.99863     7.98394     7.94174
  8.04100     8.01018     8.02393     7.99676     7.98206     7.94062
  8.04100     8.00860     8.02159     7.99435     7.97957     7.94020
  8.04100     8.00754     8.01965     7.99167     7.97712     7.93909
  8.04100     8.00536     8.01697     7.98791     7.97401     7.93661
  8.04100     8.00361     8.01445     7.98544     7.97143     7.93477
  8.04100     8.00221     8.01214     7.98316     7.96909     7.93334
  8.04100     8.00048     8.00984     7.98026     7.96667     7.93145
  8.04100     7.99889     8.00772     7.97792     7.96484     7.92960
  8.04100     7.99844     8.00603     7.97654     7.96330     7.92878
  8.04100     7.99742     8.00456     7.97460     7.96143     7.92839
  8.04100     7.99723     8.00358     7.97354     7.96022     7.92791
  8.04100     7.99679     8.00277     7.97266     7.95921     7.92721
  8.04100     7.99635     8.00204     7.97204     7.95837     7.92654
  8.04100     7.99543     8.00122     7.97043     7.95872     7.92618
  8.04100     7.99516     8.00087     7.96993     7.95816     7.92624
  8.04100     7.99475     8.00042     7.96964     7.95779     7.92584
  8.04100     7.99417     7.99983     7.96889     7.95697     7.92524
  8.04100     7.99215     7.99919     7.96769     7.95683     7.92466
  8.04100     7.99154     7.99863     7.96703     7.95627     7.92386
  8.04100     7.99046     7.99735     7.96600     7.95497     7.92283
  8.04100     7.99023     7.99651     7.96528     7.95443     7.92253
  8.04100     7.98980     7.99581     7.96427     7.95395     7.92205
  8.04100     7.98954     7.99561     7.96392     7.95324     7.92157
  8.04100     7.98936     7.99501     7.96321     7.95246     7.92139
  8.04100     7.98966     7.99528     7.96303     7.95294     7.92167
  8.04100     7.98951     7.99519     7.96262     7.95202     7.92105
  8.04100     7.98917     7.99392     7.96180     7.95107     7.92039
  8.04100     7.98899     7.99314     7.96082     7.94995     7.91984
  8.04100     7.98914     7.99340     7.96082     7.95007     7.91969
  8.04100     7.98897     7.99366     7.96121     7.95013     7.91974
  8.04100     7.98916     7.99403     7.96176     7.95040     7.92005
  8.04100     7.98955     7.99420     7.96188     7.95082     7.92031
  8.04100     7.99005     7.99435     7.96259     7.95124     7.92047
  8.04100     7.98875     7.99282     7.96127     7.94949     7.91896
  8.04100     7.98926     7.99355     7.96183     7.94976     7.91917
  8.04100     7.98903     7.99398     7.96179     7.95021     7.91903
  8.04100     7.98919     7.99459     7.96253     7.95083     7.91930
  8.04100     7.99004     7.99520     7.96355     7.95111     7.91961
  8.04100     7.99108     7.99658     7.96463     7.95221     7.92052
  8.04100     7.99151     7.99707     7.96532     7.95270     7.92113
  8.04100     7.99199     7.99780     7.96658     7.95333     7.92153
  8.04100     7.99260     7.99851     7.96716     7.95397     7.92198
  8.04100     7.99329     7.99941     7.96814     7.95492     7.92251
  8.04100     7.99403     7.99993     7.96920     7.95547     7.92240
  8.04100     7.99479     8.00081     7.97001     7.95628     7.92323
  8.04100     7.99544     8.00183     7.97028     7.95686     7.92343
  8.04100     7.99518     8.00190     7.97050     7.95664     7.92320
  8.04100     7.99535     8.00210     7.97086     7.95701     7.92316
  8.04100     7.99643     8.00342     7.97181     7.95778     7.92426
  8.04100     7.99665     8.00329     7.97204     7.95814     7.92421
  8.04100     7.99703     8.00359     7.97298     7.95862     7.92429
  8.04100     7.99788     8.00410     7.97310     7.95878     7.92442
  8.04100     7.99863     8.00490     7.97349     7.95918     7.92480
  8.04100     7.99874     8.00498     7.97368     7.95920     7.92468
  8.04100     7.99943     8.00574     7.97402     7.95960     7.92724
  8.04100     7.99966     8.00579     7.97394     7.95932     7.92709
  8.04100     7.99964     8.00607     7.97423     7.95910     7.92698
  8.04100     7.99959     8.00575     7.97460     7.95878     7.92648
  8.04100     7.99962     8.00604     7.97453     7.95831     7.92628
  8.04100     7.99949     8.00531     7.97387     7.95748     7.92569
  8.04100     8.00265     8.00829     7.97721     7.96079     7.92886
  8.04100     8.00329     8.00832     7.97750     7.96069     7.92867
  8.04100     8.00412     8.00930     7.97747     7.96061     7.92874
  8.04100     8.00420     8.00929     7.97731     7.96022     7.92836
  8.04100     8.00387     8.00947     7.97698     7.96030     7.92750
  8.04100     8.00378     8.01051     7.97639     7.95968     7.92670
  8.04100     8.00333     8.01003     7.97575     7.95897     7.92610
  8.04100     8.00325     8.00926     7.97528     7.95853     7.92576
  8.04100     8.00318     8.00862     7.97470     7.95782     7.92534
  8.04100     8.00268     8.00752     7.97435     7.95672     7.92476
  8.04100     8.00363     8.00757     7.97527     7.95758     7.92584
  8.04100     8.00379     8.00698     7.97472     7.95686     7.92549
  8.04100     8.00443     8.00707     7.97439     7.95599     7.92524
  8.04100     8.00429     8.00675     7.97346     7.95537     7.92461
  8.04100     8.00424     8.00687     7.97315     7.95536     7.92442
  8.04100     8.00460     8.00966     7.97275     7.95529     7.92390
  8.04100     8.00482     8.01021     7.97311     7.95555     7.92408
  8.04100     8.00495     8.01037     7.97363     7.95616     7.92445
  8.04100     8.00738     8.01097     7.97440     7.95677     7.92532
  8.04100     8.00736     8.01082     7.97456     7.95650     7.92512
  8.04100     8.00691     8.01007     7.97423     7.95608     7.92481
  8.04100     8.00692     8.01004     7.97437     7.95599     7.92488
  8.04100     8.00773     8.01050     7.97486     7.95640     7.92522
  8.04100     8.00809     8.01058     7.97499     7.95654     7.92511
  8.04100     8.00826     8.01112     7.97496     7.95694     7.92496
  8.04100     8.00902     8.01195     7.97564     7.95759     7.92525
  8.04100     8.00986     8.01252     7.97631     7.95802     7.92562
  8.04100     8.01022     8.01311     7.97669     7.95824     7.92570
  8.04100     8.01279     8.01431     7.97754     7.95944     7.92637
  8.04100     8.01345     8.01524     7.97879     7.95994     7.92689
  8.04100     8.01438     8.01619     7.98034     7.96093     7.92758
  8.04100     8.01522     8.01759     7.98161     7.96206     7.92834
  8.04100     8.01673     8.01942     7.98333     7.96354     7.92903
  8.04100     8.01797     8.02080     7.98473     7.96449     7.92926
  8.04100     8.01920     8.02252     7.98623     7.96576     7.93012
  8.04100     8.02250     8.02411     7.98710     7.96691     7.93252
  8.04100     8.02406     8.02577     7.98813     7.96791     7.93312
  8.04100     8.02487     8.02668     7.98898     7.96778     7.93366
  8.04100     8.02611     8.02793     7.99020     7.96861     7.93466
  8.04100     8.02679     8.02861     7.99075     7.96921     7.93475
  8.04100     8.02707     8.02879     7.99147     7.96946     7.93486
  8.04100     8.02754     8.02908     7.99167     7.96947     7.93502
  8.04100     8.02821     8.02941     7.99152     7.96949     7.93478
  8.04100     8.02885     8.02977     7.99185     7.96934     7.93453
  8.04100     8.02911     8.03010     7.99192     7.96887     7.93417
  8.04100     8.02809     8.03039     7.99167     7.96878     7.93094
  8.04100     8.02906     8.03063     7.99159     7.96898     7.93107
  8.04100     8.02931     8.03043     7.99128     7.96838     7.93113
  8.04100     8.02957     8.02997     7.99078     7.96759     7.93089
  8.04100     8.02923     8.02929     7.98950     7.96658     7.93025
  8.04100     8.02850     8.02848     7.98862     7.96552     7.92980
  8.04100     8.02775     8.02741     7.98753     7.96395     7.92888
  8.04100     8.02749     8.02706     7.98648     7.96277     7.92805
  8.04100     8.02684     8.02612     7.98514     7.96153     7.92755
  8.04100     8.02654     8.02515     7.98389     7.96034     7.92682
  8.04100     8.02653     8.02443     7.98231     7.95890     7.92642
  8.04100     8.02646     8.02331     7.98048     7.95794     7.92614
  8.04100     8.02562     8.02158     7.97874     7.95600     7.92513
  8.04100     8.02577     8.02012     7.97708     7.95429     7.92441
  8.04100     8.02448     8.01868     7.97475     7.95238     7.92359
  8.04100     8.02368     8.01717     7.97283     7.95061     7.92254
  8.04100     8.02327     8.01459     7.97162     7.94913     7.92191
  8.04100     8.02229     8.01346     7.96972     7.94720     7.92082
  8.04100     8.02161     8.00939     7.96768     7.94535     7.91984
  8.04100     8.02134     8.00785     7.96614     7.94404     7.91882
  8.04100     8.02033     8.00627     7.96396     7.94189     7.91763
  8.04100     8.01928     8.00523     7.96187     7.94025     7.91654
  8.04100     8.01803     8.00399     7.96002     7.93891     7.91552
  8.04100     8.01666     8.00336     7.95920     7.93791     7.91498
  8.04100     8.01499     8.00150     7.95701     7.93589     7.91305
  8.04100     8.01479     8.00093     7.95594     7.93468     7.91196
  8.04100     8.01446     8.00083     7.95510     7.93381     7.91092
  8.04100     8.01499     8.00110     7.95499     7.93357     7.91181
  8.04100     8.01566     8.00255     7.95498     7.93358     7.91174
  8.04100     8.01639     8.00285     7.95586     7.93339     7.91168
  8.04100     8.01754     8.00397     7.95693     7.93444     7.91133
  8.04100     8.01899     8.00595     7.95944     7.93505     7.91200
  8.04100     8.01968     8.00737     7.96001     7.93572     7.91217
  8.04100     8.02175     8.00947     7.95822     7.93659     7.91347
  8.04100     8.02265     8.01022     7.95933     7.93690     7.91309
  8.04100     8.02374     8.01180     7.95999     7.93701     7.91339
  8.04100     8.02518     8.01386     7.96131     7.93993     7.91387
  8.04100     8.02705     8.01591     7.96305     7.94094     7.91527
  8.04100     8.02856     8.01762     7.96487     7.94220     7.91597
  8.04100     8.03050     8.01888     7.96538     7.94253     7.91620
  8.04100     8.03197     8.01986     7.96678     7.94430     7.91663
  8.04100     8.03329     8.02152     7.96713     7.94491     7.91709
  8.04100     8.03352     8.02290     7.96825     7.94512     7.91699
  8.04100     8.03546     8.02420     7.97035     7.94576     7.91705
  8.04100     8.03695     8.02538     7.97099     7.94606     7.91719
  8.04100     8.03785     8.02663     7.97113     7.94608     7.91769
  8.04100     8.03918     8.02807     7.97157     7.94710     7.91838
  8.04100     8.04049     8.02934     7.97220     7.94791     7.91836
  8.04100     8.04056     8.02957     7.97256     7.94840     7.91807
  8.04100     8.04125     8.03058     7.97305     7.94866     7.91848
  8.04100     8.04260     8.03155     7.97361     7.94958     7.91836
  8.04100     8.04435     8.03351     7.97528     7.95049     7.91945
  8.04100     8.04487     8.03497     7.97671     7.95119     7.91879
  8.04100     8.04687     8.03687     7.97713     7.95210     7.91941
  8.04100     8.04915     8.03817     7.97834     7.95334     7.92044
  8.04100     8.05129     8.03915     7.97936     7.95397     7.92107
  8.04100     8.05291     8.04056     7.98029     7.95447     7.92146
  8.04100     8.05317     8.04148     7.98041     7.95456     7.92140
  8.04100     8.05365     8.04158     7.98049     7.95427     7.92131
  8.04100     8.05384     8.04159     7.97991     7.95368     7.92156
  8.04100     8.05368     8.04119     7.97958     7.95225     7.92088
  8.04100     8.05367     8.04141     7.97930     7.95200     7.92083
  8.04100     8.05394     8.04093     7.97920     7.95083     7.92023
  8.04100     8.05445     8.04055     7.97780     7.95165     7.91984
  8.04100     8.05467     8.04004     7.97696     7.95109     7.91999
  8.04100     8.05536     8.03952     7.97629     7.95103     7.91954
  8.04100     8.05542     8.03880     7.97546     7.95042     7.91907
  8.04100     8.05449     8.03804     7.97464     7.94955     7.91821
  8.04100     8.05448     8.03764     7.97348     7.94844     7.91733
  8.04100     8.05406     8.03687     7.97223     7.94772     7.91664
  8.04100     8.05403     8.03595     7.97238     7.94615     7.91607
  8.04100     8.05434     8.03568     7.97125     7.94510     7.91620
  8.04100     8.05480     8.03476     7.97098     7.94370     7.91637
  8.04100     8.05483     8.03443     7.97030     7.94384     7.91609
  8.04100     8.05585     8.03464     7.96998     7.94338     7.91599
  8.04100     8.05616     8.03476     7.96981     7.94373     7.91576
  8.04100     8.05610     8.03501     7.96972     7.94308     7.91523
  8.04100     8.05713     8.03614     7.96995     7.94313     7.91523
  8.04100     8.05787     8.03589     7.96953     7.94245     7.91509
  8.04100     8.05709     8.03531     7.96855     7.94157     7.91367
  8.04100     8.05667     8.03508     7.96843     7.94005     7.91247
  8.04100     8.05638     8.03485     7.96728     7.93875     7.91166
  8.04100     8.05663     8.03484     7.96668     7.93790     7.91084
  8.04100     8.05678     8.03477     7.96618     7.93778     7.91015
  8.04100     8.05809     8.03596     7.96595     7.93773     7.90995
  8.04100     8.05826     8.03609     7.96568     7.93712     7.90959
  8.04100     8.05892     8.03648     7.96556     7.93651     7.90927
  8.04100     8.05934     8.03697     7.96500     7.93582     7.90925
  8.04100     8.05996     8.03634     7.96427     7.93516     7.90823
  8.04100     8.05997     8.03535     7.96284     7.93401     7.90734
  8.04100     8.05981     8.03480     7.96168     7.93336     7.90676
  8.04100     8.05963     8.03442     7.96123     7.93242     7.90629
  8.04100     8.05994     8.03367     7.96015     7.93143     7.90582
  8.04100     8.06009     8.03289     7.95908     7.92889     7.90571
  8.04100     8.06091     8.03273     7.95852     7.92860     7.90638
  8.04100     8.06073     8.03154     7.95759     7.92719     7.90649
  8.04100     8.06111     8.03073     7.95632     7.92618     7.90648
  8.04100     8.05749     8.02650     7.95153     7.92207     7.90327
  8.04100     8.05733     8.02564     7.95009     7.92102     7.90327
  8.04100     8.05664     8.02371     7.94783     7.91886     7.90264
  8.04100     8.05561     8.02256     7.94565     7.91729     7.90214
  8.04100     8.05432     8.02066     7.94366     7.91554     7.90233
  8.04100     8.05376     8.01878     7.94180     7.91438     7.90218
  8.04100     8.05262     8.01640     7.93911     7.90987     7.90158
  8.04100     8.05164     8.01501     7.93739     7.90852     7.90108
  8.04100     8.04969     8.01288     7.93557     7.90631     7.89987
  8.04100     8.04936     8.01167     7.93375     7.90472     7.89938
  8.04100     8.04932     8.01169     7.93305     7.90408     7.89972
  8.04100     8.05221     8.01437     7.93514     7.90644     7.90228
  8.04100     8.05158     8.01317     7.93363     7.90466     7.90129
  8.04100     8.05097     8.01249     7.93211     7.90326     7.90055
  8.04100     8.05042     8.01187     7.93138     7.90189     7.89952
  8.04100     8.05128     8.01216     7.93132     7.90141     7.89931
  8.04100     8.05219     8.01184     7.93067     7.90081     7.89880
  8.04100     8.05353     8.01242     7.93118     7.90146     7.89929
  8.04100     8.05483     8.01349     7.93202     7.90177     7.89939
  8.04100     8.05638     8.01526     7.93303     7.90202     7.89965
  8.04100     8.05752     8.01684     7.93403     7.90204     7.89916
  8.04100     8.05867     8.01845     7.93527     7.90258     7.89886
  8.04100     8.06015     8.02021     7.93726     7.90319     7.89880
  8.04100     8.06213     8.02231     7.93875     7.90420     7.89902
  8.04100     8.06406     8.02450     7.94027     7.90530     7.89901
  8.04100     8.06597     8.02708     7.94269     7.90666     7.89947
  8.04100     8.06795     8.02964     7.94427     7.90757     7.89913
  8.04100     8.06969     8.03213     7.94590     7.90856     7.89876
  8.04100     8.07145     8.03471     7.94792     7.90967     7.89903
  8.04100     8.07317     8.03675     7.94899     7.91024     7.89916
  8.04100     8.07521     8.03864     7.95052     7.91058     7.89919
  8.04100     8.07761     8.04150     7.95290     7.91232     7.89981
  8.04100     8.07920     8.04329     7.95431     7.91348     7.89992
  8.04100     8.08169     8.04582     7.95580     7.91401     7.90051
  8.04100     8.08351     8.04717     7.95721     7.91450     7.90052
  8.04100     8.08542     8.04928     7.95917     7.91778     7.90167
  8.04100     8.08746     8.05123     7.96053     7.91874     7.90213
  8.04100     8.09028     8.05355     7.96267     7.92027     7.90295
  8.04100     8.09222     8.05555     7.96594     7.92164     7.90351
  8.04100     8.09487     8.05796     7.96835     7.92316     7.90409
  8.04100     8.09732     8.05981     7.96977     7.92438     7.90489
  8.04100     8.09935     8.06210     7.97146     7.92554     7.90603
  8.04100     8.10063     8.06368     7.97260     7.92628     7.90658
  8.04100     8.10217     8.06532     7.97470     7.92699     7.90782
  8.04100     8.10336     8.06630     7.97548     7.92775     7.90845
  8.04100     8.10419     8.06744     7.97652     7.93060     7.90926
  8.04100     8.10513     8.06827     7.97718     7.93079     7.90921
  8.04100     8.10607     8.06887     7.97853     7.93196     7.90960
  8.04100     8.10688     8.06929     7.97905     7.93431     7.90992
  8.04100     8.10753     8.06978     7.97882     7.93418     7.90941
  8.04100     8.10830     8.07035     7.97869     7.93447     7.90922
  8.04100     8.10556     8.07071     7.97885     7.93401     7.90941
  8.04100     8.10571     8.07043     7.97812     7.93341     7.90944
  8.04100     8.10507     8.07113     7.97834     7.93342     7.90948
  8.04100     8.10609     8.07135     7.97838     7.93339     7.91036
  8.04100     8.10654     8.07115     7.97869     7.93329     7.90860
  8.04100     8.10662     8.07142     7.97838     7.93312     7.90890
  8.04100     8.10717     8.07171     7.97919     7.93325     7.90934
  8.04100     8.10886     8.07165     7.97903     7.93297     7.91014
  8.04100     8.10898     8.07186     7.97880     7.93266     7.91033
  8.04100     8.10882     8.07138     7.97733     7.93205     7.91023
  8.04100     8.10724     8.07079     7.97700     7.93170     7.91084
  8.04100     8.10656     8.06996     7.97579     7.93061     7.91105
  8.04100     8.10703     8.06920     7.97231     7.93042     7.91134
  8.04100     8.10622     8.06737     7.97033     7.92921     7.91125
  8.04100     8.10528     8.06559     7.96924     7.92784     7.91282
  8.04100     8.10470     8.06341     7.96691     7.92644     7.91311
  8.04100     8.10372     8.06142     7.96476     7.92529     7.91288
  8.04100     8.10256     8.05953     7.96265     7.92361     7.91263
  8.04100     8.10117     8.05747     7.96052     7.92153     7.91141
  8.04100     8.10005     8.05546     7.95746     7.91940     7.91087
  8.04100     8.09952     8.05435     7.95551     7.91801     7.91095
  8.04100     8.09802     8.05241     7.95318     7.91649     7.91062
  8.04100     8.09702     8.05009     7.95200     7.91441     7.90991
  8.04100     8.09541     8.04737     7.94901     7.91133     7.90815
  8.04100     8.09454     8.04563     7.94837     7.90986     7.90711
  8.04100     8.09322     8.04402     7.94673     7.90769     7.90603
  8.04100     8.09318     8.04325     7.94605     7.90648     7.90595
  8.04100     8.09359     8.04238     7.94495     7.90505     7.90570
  8.04100     8.09398     8.04201     7.94469     7.90464     7.90588
  8.04100     8.09420     8.04173     7.94348     7.90328     7.90510
  8.04100     8.09460     8.04181     7.94280     7.90287     7.90514
  8.04100     8.09450     8.04363     7.94235     7.90233     7.90478
  8.04100     8.09530     8.04366     7.94181     7.90240     7.90515
  8.04100     8.09646     8.04514     7.94283     7.90281     7.90642
  8.04100     8.09738     8.04571     7.94251     7.90290     7.90661
  8.04100     8.09776     8.04536     7.94263     7.90217     7.90702
  8.04100     8.09809     8.04518     7.94304     7.90157     7.90704
  8.04100     8.09616     8.04382     7.94115     7.89897     7.90623
  8.04100     8.09681     8.04415     7.94117     7.89902     7.90613
  8.04100     8.09625     8.04582     7.93980     7.89803     7.90536
  8.04100     8.09598     8.04556     7.93887     7.89719     7.90506
  8.04100     8.09586     8.04265     7.93825     7.89811     7.90445
  8.04100     8.09605     8.04184     7.93677     7.89749     7.90371
  8.04100     8.09296     8.03867     7.93292     7.89363     7.90082
  8.04100     8.09273     8.03843     7.93246     7.89202     7.89971
  8.04100     8.09233     8.03769     7.93110     7.89030     7.89874
  8.04100     8.09246     8.03715     7.93132     7.88949     7.89826
  8.04100     8.09162     8.03638     7.93035     7.88793     7.89424
  8.04100     8.09222     8.03693     7.93050     7.88768     7.89393
  8.04100     8.09254     8.03637     7.93087     7.88710     7.89314
  8.04100     8.09329     8.03765     7.93152     7.88704     7.89308
  8.04100     8.09374     8.03920     7.93207     7.88767     7.89232
  8.04100     8.09456     8.04059     7.93295     7.88795     7.89174
  8.04100     8.09464     8.04087     7.93346     7.88717     7.88993
  8.04100     8.09711     8.04315     7.93497     7.88715     7.88957
  8.04100     8.09852     8.04517     7.93672     7.88703     7.88925
  8.04100     8.10034     8.04758     7.93862     7.88751     7.88849
  8.04100     8.10185     8.04998     7.94051     7.88828     7.88879
  8.04100     8.10413     8.05280     7.94330     7.88958     7.88881
  8.04100     8.10611     8.05532     7.94635     7.89100     7.88879
  8.04100     8.10805     8.05845     7.94875     7.89224     7.88870
  8.04100     8.10961     8.06141     7.95060     7.89311     7.88802
  8.04100     8.11233     8.06426     7.95322     7.89427     7.88764
  8.04100     8.11469     8.06653     7.95543     7.89555     7.88736
  8.04100     8.11716     8.06908     7.95770     7.89648     7.88717
  8.04100     8.11979     8.07199     7.96019     7.89825     7.88759
  8.04100     8.12413     8.07459     7.96261     7.90013     7.88759
  8.04100     8.12512     8.07638     7.96438     7.90143     7.88714
  8.04100     8.12732     8.07868     7.96647     7.90261     7.88719
  8.04100     8.12906     8.08103     7.96830     7.90363     7.88745
  8.04100     8.13088     8.08313     7.97027     7.90489     7.88841
  8.04100     8.13377     8.08812     7.97360     7.90808     7.89056
  8.04100     8.13608     8.09023     7.97515     7.90873     7.89133
  8.04100     8.13744     8.09186     7.97615     7.90947     7.89216
  8.04100     8.13993     8.09282     7.97705     7.90996     7.89250
  8.04100     8.14069     8.09328     7.97715     7.91007     7.89236
  8.04100     8.14201     8.09337     7.97716     7.90956     7.89153
  8.04100     8.14139     8.09278     7.97678     7.90886     7.89077
  8.04100     8.14223     8.09342     7.97693     7.90889     7.89081
  8.04100     8.14229     8.09370     7.97649     7.90839     7.89023
  8.04100     8.14137     8.09340     7.97610     7.90750     7.88898
  8.04100     8.13965     8.09250     7.97379     7.90514     7.88672
  8.04100     8.13992     8.09271     7.97328     7.90425     7.88660
  8.04100     8.13911     8.09218     7.97259     7.90344     7.88510
  8.04100     8.13985     8.09133     7.97252     7.90284     7.88389
  8.04100     8.14011     8.09125     7.97226     7.90226     7.88322
  8.04100     8.14038     8.09087     7.97161     7.90169     7.88224
  8.04100     8.14019     8.09223     7.97143     7.90156     7.88132
  8.04100     8.14046     8.09239     7.97165     7.90161     7.88142
  8.04100     8.14048     8.09211     7.97083     7.90081     7.88114
  8.04100     8.14084     8.09206     7.97071     7.90052     7.88128
  8.04100     8.14075     8.09189     7.97079     7.89998     7.88074
  8.04100     8.14126     8.08903     7.97068     7.90016     7.88077
  8.04100     8.14089     8.08876     7.97019     7.89922     7.87993
  8.04100     8.14159     8.08886     7.97020     7.89884     7.87988
  8.04100     8.14205     8.08906     7.97072     7.89910     7.88008
  8.04100     8.14205     8.08859     7.97039     7.89908     7.87978
  8.04100     8.14105     8.08757     7.96924     7.89776     7.87893
  8.04100     8.14020     8.08658     7.96853     7.89539     7.87816
  8.04100     8.13908     8.08557     7.96688     7.89400     7.87690
  8.04100     8.13744     8.08406     7.96550     7.89311     7.87590
  8.04100     8.13604     8.08252     7.96399     7.89151     7.87478
  8.04100     8.13527     8.07976     7.96303     7.89105     7.87447
  8.04100     8.13307     8.07756     7.96094     7.88838     7.87212
  8.04100     8.13234     8.07695     7.96022     7.88753     7.87148
  8.04100     8.13201     8.07680     7.95968     7.88707     7.87133
  8.04100     8.13216     8.07654     7.95930     7.88735     7.87145
  8.04100     8.13187     8.07558     7.95845     7.88649     7.87055
  8.04100     8.13010     8.07370     7.95666     7.88604     7.86915
  8.04100     8.12674     8.07316     7.95640     7.88627     7.86909
  8.04100     8.12630     8.07287     7.95627     7.88792     7.86910
  8.04100     8.12609     8.07237     7.95597     7.88707     7.86886
  8.04100     8.12680     8.07242     7.95626     7.88722     7.86960
  8.04100     8.12789     8.07296     7.95685     7.88781     7.87072
  8.04100     8.12782     8.07249     7.95648     7.88719     7.87169
  8.04100     8.12814     8.07300     7.95617     7.88690     7.87226
  8.04100     8.12835     8.07316     7.95612     7.88751     7.87310
  8.04100     8.12840     8.07316     7.95571     7.88698     7.87344
  8.04100     8.12747     8.07239     7.95479     7.88551     7.87300
  8.04100     8.12830     8.07197     7.95429     7.88494     7.87298
  8.04100     8.12728     8.07034     7.95273     7.88468     7.87276
