      1       0.000018         0.0482524
      2       0.100028         9.2656407
      3       0.200039        10.5555035
      4       0.300007        11.2938493
      5       0.400018        11.8133056
      6       0.500028        12.2140010
      7       0.600039        12.5400226
      8       0.700007        12.8145485
      9       0.800018        13.0516324
     10       0.900028        13.2600409
     11       1.000039        13.4458422
     12       1.100007        13.6132998
     13       1.200018        13.7657609
     14       1.300028        13.9055929
     15       1.400039        14.0347022
     16       1.500007        14.1545580
     17       1.600018        14.2664924
     18       1.700028        14.3714634
     19       1.800039        14.4703119
     20       1.900007        14.5637060
     21       2.000018        14.6523245
     22       2.100028        14.7366383
     23       2.200039        14.8170877
     24       2.300007        14.8940214
     25       2.400018        14.9678359
     26       2.500028        15.0387867
     27       2.600039        15.1071273
     28       2.700007        15.1730529
     29       2.800018        15.2368167
     30       2.900028        15.2985646
     31       3.000039        15.3584515
     32       3.100007        15.4165911
     33       3.200018        15.4731564
     34       3.300028        15.5282326
     35       3.400039        15.5819190
     36       3.500007        15.6342829
     37       3.600018        15.6854495
     38       3.700028        15.7354690
     39       3.800039        15.7844076
     40       3.900007        15.8323050
     41       4.000018        15.8792566
     42       4.100028        15.9252918
     43       4.200039        15.9704560
     44       4.300007        16.0147723
     45       4.400018        16.0583168
     46       4.500028        16.1011059
     47       4.600039        16.1431719
     48       4.700007        16.1845275
     49       4.800018        16.2252357
     50       4.900028        16.2653047
     51       5.000039        16.3047584
     52       5.100007        16.3436027
     53       5.200018        16.3818915
     54       5.300028        16.4196278
     55       5.400039        16.4568297
     56       5.500007        16.4934988
     57       5.600018        16.5296825
     58       5.700028        16.5653802
     59       5.800039        16.6006061
     60       5.900007        16.6353590
     61       6.000018        16.6696814
     62       6.100028        16.7035702
     63       6.200039        16.7370371
     64       6.300007        16.7700788
     65       6.400018        16.8027340
     66       6.500028        16.8349982
     67       6.600039        16.8668809
     68       6.700007        16.8983778
     69       6.800018        16.9295242
     70       6.900028        16.9603148
     71       7.000039        16.9907576
     72       7.100007        17.0208473
     73       7.200018        17.0506168
     74       7.300028        17.0800602
     75       7.400039        17.1091841
     76       7.500007        17.1379829
     77       7.600018        17.1664872
     78       7.700028        17.1946907
     79       7.800039        17.2225992
     80       7.900007        17.2502066
     81       8.000018        17.2775418
     82       8.100028        17.3045982
     83       8.200039        17.3313807
     84       8.300007        17.3578832
     85       8.400018        17.3841328
     86       8.500028        17.4101229
     87       8.600039        17.4358578
     88       8.700007        17.4613312
     89       8.800018        17.4865688
     90       8.900028        17.5115639
     91       9.000039        17.5363205
     92       9.100007        17.5608319
     93       9.200018        17.5851229
     94       9.300028        17.6091866
     95       9.400039        17.6330264
     96       9.500007        17.6566359
     97       9.600018        17.6800386
     98       9.700028        17.7032276
     99       9.800039        17.7262061
    100       9.900007        17.7489676
    101      10.000018        17.7715345
    102      10.100028        17.7939001
    103      10.200039        17.8160673
    104      10.300007        17.8380295
    105      10.400018        17.8598083
    106      10.500028        17.8813969
    107      10.600039        17.9027980
    108      10.700007        17.9240052
    109      10.800018        17.9450391
    110      10.900028        17.9658931
    111      11.000039        17.9865695
    112      11.100007        18.0070621
    113      11.200018        18.0273907
    114      11.300028        18.0475486
    115      11.400039        18.0675383
    116      11.500007        18.0873533
    117      11.600018        18.1070127
    118      11.700028        18.1265102
    119      11.800039        18.1458478
    120      11.900007        18.1650193
    121      12.000018        18.1840430
    122      12.100028        18.2029127
    123      12.200039        18.2216302
    124      12.300007        18.2401896
    125      12.400018        18.2586084
    126      12.500028        18.2768805
    127      12.600039        18.2950076
    128      12.700007        18.3129839
    129      12.800018        18.3308263
    130      12.900028        18.3485288
    131      13.000039        18.3660930
    132      13.100007        18.3835131
    133      13.200018        18.4008056
    134      13.300028        18.4179645
    135      13.400039        18.4349913
    136      13.500007        18.4518804
    137      13.600018        18.4686475
    138      13.700028        18.4852870
    139      13.800039        18.5018002
    140      13.900007        18.5181815
    141      14.000018        18.5344464
    142      14.100028        18.5505890
    143      14.200039        18.5666108
    144      14.300007        18.5825062
    145      14.400018        18.5982902
    146      14.500028        18.6139571
    147      14.600039        18.6295083
    148      14.700007        18.6449383
    149      14.800018        18.6602615
    150      14.900028        18.6754725
    151      15.000039        18.6905724
    152      15.100007        18.7055561
    153      15.200018        18.7204374
    154      15.300028        18.7352110
    155      15.400039        18.7498781
    156      15.500007        18.7644334
    157      15.600018        18.7788905
    158      15.700028        18.7932443
    159      15.800039        18.8074956
    160      15.900007        18.8216395
    161      16.000018        18.8356892
    162      16.100028        18.8496394
    163      16.200039        18.8634913
    164      16.300007        18.8772398
    165      16.400018        18.8908976
    166      16.500028        18.9044599
    167      16.600039        18.9179275
    168      16.700007        18.9312956
    169      16.800018        18.9445766
    170      16.900028        18.9577655
    171      17.000039        18.9708633
    172      17.100007        18.9838653
    173      17.200018        18.9967834
    174      17.300028        19.0096129
    175      17.400039        19.0223545
    176      17.500007        19.0350038
    177      17.600018        19.0475723
    178      17.700028        19.0600554
    179      17.800039        19.0724539
    180      17.900007        19.0847632
    181      18.000018        19.0969948
    182      18.100028        19.1091439
    183      18.200039        19.1212114
    184      18.300007        19.1331930
    185      18.400018        19.1450995
    186      18.500028        19.1569265
    187      18.600039        19.1686747
    188      18.700007        19.1803399
    189      18.800018        19.1919327
    190      18.900028        19.2034488
    191      19.000039        19.2148889
    192      19.100007        19.2262487
    193      19.200018        19.2375386
    194      19.300028        19.2487544
    195      19.400039        19.2598968
    196      19.500007        19.2709616
    197      19.600018        19.2819589
    198      19.700028        19.2928847
    199      19.800039        19.3037394
    200      19.900007        19.3145191
    201      20.000018        19.3252336
    202      20.100028        19.3358789
    203      20.200039        19.3464556
    204      20.300007        19.3569597
    205      20.400018        19.3674007
    206      20.500029        19.3777748
    207      20.600039        19.3880825
    208      20.700007        19.3983200
    209      20.800018        19.4084965
    210      20.900029        19.4186082
    211      21.000039        19.4286556
    212      21.100007        19.4386351
    213      21.200018        19.4485556
    214      21.300029        19.4584133
    215      21.400039        19.4682089
    216      21.500007        19.4779385
    217      21.600018        19.4876111
    218      21.700029        19.4972230
    219      21.800039        19.5067746
    220      21.900007        19.5162623
    221      22.000018        19.5256948
    222      22.100029        19.5350685
    223      22.200039        19.5443837
    224      22.300007        19.5536371
    225      22.400018        19.5628370
    226      22.500029        19.5719798
    227      22.600039        19.5810661
    228      22.700007        19.5900923
    229      22.800018        19.5990667
    230      22.900029        19.6079858
    231      23.000039        19.6168500
    232      23.100007        19.6256560
    233      23.200018        19.6344118
    234      23.300029        19.6431139
    235      23.400039        19.6517628
    236      23.500007        19.6603552
    237      23.600018        19.6688989
    238      23.700029        19.6773906
    239      23.800039        19.6858306
    240      23.900007        19.6942159
    241      24.000018        19.7025538
    242      24.100029        19.7108413
    243      24.200039        19.7190787
    244      24.300007        19.7272628
    245      24.400018        19.7354011
    246      24.500029        19.7434903
    247      24.600039        19.7515309
    248      24.700007        19.7595199
    249      24.800018        19.7674643
    250      24.900029        19.7753611
    251      25.000039        19.7832107
    252      25.100007        19.7910101
    253      25.200018        19.7987663
    254      25.300029        19.8064763
    255      25.400039        19.8141403
    256      25.500007        19.8217556
    257      25.600018        19.8293289
    258      25.700029        19.8368573
    259      25.800039        19.8443412
    260      25.900007        19.8517776
    261      26.000018        19.8591732
    262      26.100029        19.8665252
    263      26.200039        19.8738339
    264      26.300007        19.8810965
    265      26.400018        19.8883195
    266      26.500029        19.8955001
    267      26.600039        19.9026385
    268      26.700007        19.9097321
    269      26.800018        19.9167873
    270      26.900029        19.9238012
    271      27.000039        19.9307741
    272      27.100007        19.9377034
    273      27.200018        19.9445954
    274      27.300029        19.9514472
    275      27.400039        19.9582592
    276      27.500007        19.9650287
    277      27.600018        19.9717619
    278      27.700029        19.9784561
    279      27.800039        19.9851116
    280      27.900007        19.9917257
    281      28.000018        19.9983045
    282      28.100029        20.0048453
    283      28.200039        20.0113484
    284      28.300007        20.0178114
    285      28.400018        20.0242399
    286      28.500029        20.0306315
    287      28.600039        20.0369865
    288      28.700007        20.0433023
    289      28.800018        20.0495846
    290      28.900029        20.0558310
    291      29.000039        20.0620416
    292      29.100007        20.0682142
    293      29.200018        20.0743542
    294      29.300029        20.0804592
    295      29.400039        20.0865294
    296      29.500007        20.0925626
    297      29.600018        20.0985640
    298      29.700029        20.1045313
    299      29.800039        20.1104648
    300      29.900007        20.1163622
    301      30.000018        20.1222287
    302      30.100029        20.1280620
    303      30.200039        20.1338623
    304      30.300007        20.1396274
    305      30.400018        20.1453625
    306      30.500029        20.1510652
    307      30.600039        20.1567359
    308      30.700007        20.1623722
    309      30.800018        20.1679792
    310      30.900029        20.1735548
    311      31.000039        20.1790990
    312      31.100007        20.1846099
    313      31.200018        20.1900921
    314      31.300029        20.1955438
    315      31.400039        20.2009649
    316      31.500007        20.2063534
    317      31.600018        20.2117142
    318      31.700029        20.2170450
    319      31.800039        20.2223461
    320      31.900007        20.2276155
    321      32.000018        20.2328578
    322      32.100029        20.2380709
    323      32.200039        20.2432550
    324      32.300007        20.2484082
    325      32.400018        20.2535350
    326      32.500029        20.2586334
    327      32.600039        20.2637035
    328      32.700007        20.2687434
    329      32.800018        20.2737576
    330      32.900029        20.2787441
    331      33.000039        20.2837030
    332      33.100007        20.2886325
    333      33.200018        20.2935369
    334      33.300029        20.2984143
    335      33.400039        20.3032648
    336      33.500007        20.3080866
    337      33.600018        20.3128839
    338      33.700029        20.3176548
    339      33.800039        20.3223996
    340      33.900007        20.3271163
    341      34.000018        20.3318092
    342      34.100029        20.3364764
    343      34.200039        20.3411180
    344      34.300007        20.3457323
    345      34.400018        20.3503233
    346      34.500029        20.3548892
    347      34.600039        20.3594302
    348      34.700007        20.3639445
    349      34.800018        20.3684361
    350      34.900029        20.3729032
    351      35.000039        20.3773460
    352      35.100007        20.3817627
    353      35.200018        20.3861573
    354      35.300029        20.3905280
    355      35.400039        20.3948750
    356      35.500007        20.3991965
    357      35.600018        20.4034964
    358      35.700029        20.4077731
    359      35.800039        20.4120265
    360      35.900007        20.4162551
    361      36.000018        20.4204627
    362      36.100029        20.4246475
    363      36.200039        20.4288096
    364      36.300007        20.4329476
    365      36.400018        20.4370649
    366      36.500029        20.4411600
    367      36.600039        20.4452331
    368      36.700007        20.4492825
    369      36.800018        20.4533118
    370      36.900029        20.4573194
    371      37.000039        20.4613054
    372      37.100007        20.4652683
    373      37.200018        20.4692117
    374      37.300029        20.4731338
    375      37.400039        20.4770349
    376      37.500007        20.4809134
    377      37.600018        20.4847728
    378      37.700029        20.4886115
    379      37.800039        20.4924296
    380      37.900007        20.4962257
    381      38.000018        20.5000031
    382      38.100029        20.5037602
    383      38.200039        20.5074973
    384      38.300007        20.5112129
    385      38.400018        20.5149102
    386      38.500029        20.5185878
    387      38.600039        20.5222457
    388      38.700007        20.5258826
    389      38.800018        20.5295017
    390      38.900029        20.5331015
    391      39.000039        20.5366822
    392      39.100007        20.5402423
    393      39.200018        20.5437849
    394      39.300029        20.5473088
    395      39.400039        20.5508139
    396      39.500007        20.5542989
    397      39.600018        20.5577669
    398      39.700029        20.5612165
    399      39.800039        20.5646478
    400      39.900007        20.5680595
    401      40.000018        20.5714546
    402      40.100029        20.5748316
    403      40.200039        20.5781908
    404      40.300007        20.5815308
    405      40.400018        20.5848546
    406      40.500029        20.5881608
    407      40.600039        20.5914496
    408      40.700007        20.5947195
    409      40.800018        20.5979736
    410      40.900029        20.6012106
    411      41.000039        20.6044304
    412      41.100007        20.6076320
    413      41.200018        20.6108180
    414      41.300029        20.6139872
    415      41.400039        20.6171398
    416      41.500007        20.6202744
    417      41.600018        20.6233939
    418      41.700029        20.6264969
    419      41.800039        20.6295837
    420      41.900007        20.6326529
    421      42.000018        20.6357073
    422      42.100029        20.6387457
    423      42.200039        20.6417681
    424      42.300007        20.6447734
    425      42.400018        20.6477642
    426      42.500029        20.6507393
    427      42.600039        20.6536989
    428      42.700007        20.6566416
    429      42.800018        20.6595703
    430      42.900029        20.6624836
    431      43.000040        20.6653816
    432      43.100008        20.6682633
    433      43.200018        20.6711311
    434      43.300029        20.6739840
    435      43.400040        20.6768219
    436      43.500008        20.6796438
    437      43.600018        20.6824522
    438      43.700029        20.6852459
    439      43.800040        20.6880251
    440      43.900008        20.6907885
    441      44.000018        20.6935388
    442      44.100029        20.6962747
    443      44.200040        20.6989963
    444      44.300008        20.7017027
    445      44.400018        20.7043961
    446      44.500029        20.7070754
    447      44.600040        20.7097409
    448      44.700008        20.7123913
    449      44.800018        20.7150291
    450      44.900029        20.7176531
    451      45.000040        20.7202636
    452      45.100008        20.7228594
    453      45.200018        20.7254427
    454      45.300029        20.7280127
    455      45.400040        20.7305694
    456      45.500008        20.7331117
    457      45.600018        20.7356419
    458      45.700029        20.7381589
    459      45.800040        20.7406630
    460      45.900008        20.7431530
    461      46.000018        20.7456311
    462      46.100029        20.7480964
    463      46.200040        20.7505490
    464      46.300008        20.7529878
    465      46.400018        20.7554150
    466      46.500029        20.7578297
    467      46.600040        20.7602319
    468      46.700008        20.7626207
    469      46.800018        20.7649981
    470      46.900029        20.7673632
    471      47.000040        20.7697162
    472      47.100008        20.7720560
    473      47.200018        20.7743847
    474      47.300029        20.7767013
    475      47.400040        20.7790061
    476      47.500008        20.7812979
    477      47.600018        20.7835789
    478      47.700029        20.7858482
    479      47.800040        20.7881057
    480      47.900008        20.7903507
    481      48.000018        20.7925851
    482      48.100029        20.7948079
    483      48.200040        20.7970193
    484      48.300008        20.7992184
    485      48.400018        20.8014071
    486      48.500029        20.8035845
    487      48.600040        20.8057508
    488      48.700008        20.8079049
    489      48.800018        20.8100489
    490      48.900029        20.8121819
    491      49.000040        20.8143040
    492      49.100008        20.8164142
    493      49.200018        20.8185145
    494      49.300029        20.8206040
    495      49.400040        20.8226828
    496      49.500008        20.8247500
    497      49.600018        20.8268075
    498      49.700029        20.8288544
    499      49.800040        20.8308909
    500      49.900008        20.8329160
    501      50.000018        20.8349316
    502      50.100029        20.8369369
    503      50.200040        20.8389319
    504      50.300008        20.8409158
    505      50.400018        20.8428904
    506      50.500029        20.8448549
    507      50.600040        20.8468094
    508      50.700008        20.8487530
    509      50.800018        20.8506874
    510      50.900029        20.8526120
    511      51.000040        20.8545268
    512      51.100008        20.8564309
    513      51.200018        20.8583261
    514      51.300029        20.8602116
    515      51.400040        20.8620875
    516      51.500008        20.8639529
    517      51.600018        20.8658097
    518      51.700029        20.8676569
    519      51.800040        20.8694948
    520      51.900008        20.8713224
    521      52.000018        20.8731415
    522      52.100029        20.8749513
    523      52.200040        20.8767519
    524      52.300008        20.8785425
    525      52.400018        20.8803248
    526      52.500029        20.8820979
    527      52.600040        20.8838620
    528      52.700008        20.8856164
    529      52.800018        20.8873626
    530      52.900029        20.8890998
    531      53.000040        20.8908282
    532      53.100008        20.8925471
    533      53.200018        20.8942579
    534      53.300029        20.8959601
    535      53.400040        20.8976535
    536      53.500008        20.8993376
    537      53.600018        20.9010139
    538      53.700029        20.9026816
    539      53.800040        20.9043408
    540      53.900008        20.9059909
    541      54.000018        20.9076333
    542      54.100029        20.9092673
    543      54.200040        20.9108930
    544      54.300008        20.9125098
    545      54.400018        20.9141190
    546      54.500029        20.9157201
    547      54.600040        20.9173130
    548      54.700008        20.9188971
    549      54.800018        20.9204738
    550      54.900029        20.9220426
    551      55.000040        20.9236034
    552      55.100008        20.9251555
    553      55.200018        20.9267005
    554      55.300029        20.9282376
    555      55.400040        20.9297669
    556      55.500008        20.9312878
    557      55.600018        20.9328016
    558      55.700029        20.9343078
    559      55.800040        20.9358062
    560      55.900008        20.9372965
    561      56.000018        20.9387798
    562      56.100029        20.9402556
    563      56.200040        20.9417240
    564      56.300008        20.9431842
    565      56.400018        20.9446377
    566      56.500029        20.9460838
    567      56.600040        20.9475225
    568      56.700008        20.9489534
    569      56.800018        20.9503776
    570      56.900029        20.9517946
    571      57.000040        20.9532044
    572      57.100008        20.9546065
    573      57.200018        20.9560021
    574      57.300029        20.9573906
    575      57.400040        20.9587721
    576      57.500008        20.9601460
    577      57.600018        20.9615135
    578      57.700029        20.9628741
    579      57.800040        20.9642279
    580      57.900008        20.9655741
    581      58.000018        20.9669142
    582      58.100029        20.9682475
    583      58.200040        20.9695740
    584      58.300008        20.9708933
    585      58.400018        20.9722064
    586      58.500029        20.9735129
    587      58.600040        20.9748128
    588      58.700008        20.9761056
    589      58.800018        20.9773923
    590      58.900029        20.9786726
    591      59.000040        20.9799464
    592      59.100008        20.9812133
    593      59.200018        20.9824742
    594      59.300029        20.9837288
    595      59.400040        20.9849771
    596      59.500008        20.9862185
    597      59.600018        20.9874542
    598      59.700029        20.9886836
    599      59.800040        20.9899069
    600      59.900008        20.9911234
    601      60.000018        20.9923343
    602      60.100029        20.9935391
    603      60.200040        20.9947378
    604      60.300008        20.9959300
    605      60.400018        20.9971166
    606      60.500029        20.9982973
    607      60.600040        20.9994720
    608      60.700008        21.0006402
    609      60.800018        21.0018031
    610      60.900029        21.0029601
    611      61.000040        21.0041113
    612      61.100008        21.0052562
    613      61.200018        21.0063958
    614      61.300029        21.0075296
    615      61.400040        21.0086577
    616      61.500008        21.0097797
    617      61.600018        21.0108965
    618      61.700029        21.0120076
    619      61.800040        21.0131132
    620      61.900008        21.0142127
    621      62.000018        21.0153071
    622      62.100029        21.0163961
    623      62.200040        21.0174795
    624      62.300008        21.0185570
    625      62.400018        21.0196295
    626      62.500029        21.0206967
    627      62.600040        21.0217585
    628      62.700008        21.0228144
    629      62.800018        21.0238655
    630      62.900029        21.0249113
    631      63.000040        21.0259519
    632      63.100008        21.0269867
    633      63.200018        21.0280168
    634      63.300029        21.0290417
    635      63.400040        21.0300615
    636      63.500008        21.0310757
    637      63.600018        21.0320852
    638      63.700029        21.0330896
    639      63.800040        21.0340890
    640      63.900008        21.0350829
    641      64.000018        21.0360722
    642      64.100029        21.0370566
    643      64.200040        21.0380360
    644      64.300008        21.0390101
    645      64.400018        21.0399796
    646      64.500029        21.0409443
    647      64.600040        21.0419042
    648      64.700008        21.0428588
    649      64.800018        21.0438090
    650      64.900029        21.0447545
    651      65.000040        21.0456952
    652      65.100008        21.0466307
    653      65.200019        21.0475620
    654      65.300029        21.0484886
    655      65.400040        21.0494105
    656      65.500008        21.0503274
    657      65.600019        21.0512401
    658      65.700029        21.0521482
    659      65.800040        21.0530517
    660      65.900008        21.0539503
    661      66.000019        21.0548448
    662      66.100029        21.0557347
    663      66.200040        21.0566202
    664      66.300008        21.0575009
    665      66.400019        21.0583776
    666      66.500029        21.0592498
    667      66.600040        21.0601176
    668      66.700008        21.0609807
    669      66.800019        21.0618399
    670      66.900029        21.0626947
    671      67.000040        21.0635453
    672      67.100008        21.0643912
    673      67.200019        21.0652332
    674      67.300029        21.0660710
    675      67.400040        21.0669046
    676      67.500008        21.0677337
    677      67.600019        21.0685589
    678      67.700029        21.0693800
    679      67.800040        21.0701970
    680      67.900008        21.0710095
    681      68.000019        21.0718183
    682      68.100029        21.0726230
    683      68.200040        21.0734237
    684      68.300008        21.0742201
    685      68.400019        21.0750128
    686      68.500029        21.0758015
    687      68.600040        21.0765862
    688      68.700008        21.0773667
    689      68.800019        21.0781436
    690      68.900029        21.0789166
    691      69.000040        21.0796858
    692      69.100008        21.0804507
    693      69.200019        21.0812121
    694      69.300029        21.0819697
    695      69.400040        21.0827235
    696      69.500008        21.0834733
    697      69.600019        21.0842195
    698      69.700029        21.0849620
    699      69.800040        21.0857009
    700      69.900008        21.0864356
    701      70.000019        21.0871671
    702      70.100029        21.0878948
    703      70.200040        21.0886189
    704      70.300008        21.0893391
    705      70.400019        21.0900559
    706      70.500029        21.0907692
    707      70.600040        21.0914789
    708      70.700008        21.0921847
    709      70.800019        21.0928873
    710      70.900029        21.0935864
    711      71.000040        21.0942819
    712      71.100008        21.0949737
    713      71.200019        21.0956623
    714      71.300029        21.0963475
    715      71.400040        21.0970292
    716      71.500008        21.0977073
    717      71.600019        21.0983822
    718      71.700029        21.0990537
    719      71.800040        21.0997219
    720      71.900008        21.1003864
    721      72.000019        21.1010479
    722      72.100029        21.1017061
    723      72.200040        21.1023610
    724      72.300008        21.1030123
    725      72.400019        21.1036606
    726      72.500029        21.1043057
    727      72.600040        21.1049476
    728      72.700008        21.1055860
    729      72.800019        21.1062214
    730      72.900029        21.1068537
    731      73.000040        21.1074828
    732      73.100008        21.1081085
    733      73.200019        21.1087313
    734      73.300029        21.1093510
    735      73.400040        21.1099676
    736      73.500008        21.1105808
    737      73.600019        21.1111913
    738      73.700029        21.1117986
    739      73.800040        21.1124030
    740      73.900008        21.1130040
    741      74.000019        21.1136023
    742      74.100029        21.1141977
    743      74.200040        21.1147900
    744      74.300008        21.1153791
    745      74.400019        21.1159655
    746      74.500029        21.1165490
    747      74.600040        21.1171296
    748      74.700008        21.1177070
    749      74.800019        21.1182817
    750      74.900029        21.1188536
    751      75.000040        21.1194226
    752      75.100008        21.1199886
    753      75.200019        21.1205519
    754      75.300029        21.1211125
    755      75.400040        21.1216702
    756      75.500008        21.1222249
    757      75.600019        21.1227770
    758      75.700029        21.1233264
    759      75.800040        21.1238731
    760      75.900008        21.1244167
    761      76.000019        21.1249579
    762      76.100029        21.1254964
    763      76.200040        21.1260322
    764      76.300008        21.1265651
    765      76.400019        21.1270955
    766      76.500029        21.1276233
    767      76.600040        21.1281484
    768      76.700008        21.1286707
    769      76.800019        21.1291906
    770      76.900029        21.1297079
    771      77.000040        21.1302227
    772      77.100008        21.1307346
    773      77.200019        21.1312442
    774      77.300029        21.1317512
    775      77.400040        21.1322557
    776      77.500008        21.1327575
    777      77.600019        21.1332569
    778      77.700029        21.1337539
    779      77.800040        21.1342484
    780      77.900008        21.1347402
    781      78.000019        21.1352297
    782      78.100029        21.1357168
    783      78.200040        21.1362015
    784      78.300008        21.1366836
    785      78.400019        21.1371634
    786      78.500029        21.1376408
    787      78.600040        21.1381159
    788      78.700008        21.1385883
    789      78.800019        21.1390587
    790      78.900029        21.1395266
    791      79.000040        21.1399922
    792      79.100008        21.1404553
    793      79.200019        21.1409163
    794      79.300029        21.1413750
    795      79.400040        21.1418314
    796      79.500008        21.1422853
    797      79.600019        21.1427371
    798      79.700029        21.1431867
    799      79.800040        21.1436340
    800      79.900008        21.1440789
    801      80.000019        21.1445217
    802      80.100029        21.1449624
    803      80.200040        21.1454008
    804      80.300008        21.1458369
    805      80.400019        21.1462710
    806      80.500029        21.1467029
    807      80.600040        21.1471326
    808      80.700008        21.1475600
    809      80.800019        21.1479855
    810      80.900029        21.1484089
    811      81.000040        21.1488301
    812      81.100008        21.1492490
    813      81.200019        21.1496660
    814      81.300029        21.1500810
    815      81.400040        21.1504938
    816      81.500008        21.1509045
    817      81.600019        21.1513132
    818      81.700029        21.1517199
    819      81.800040        21.1521246
    820      81.900008        21.1525271
    821      82.000019        21.1529277
    822      82.100029        21.1533264
    823      82.200040        21.1537230
    824      82.300008        21.1541175
    825      82.400019        21.1545102
    826      82.500029        21.1549010
    827      82.600040        21.1552897
    828      82.700008        21.1556764
    829      82.800019        21.1560613
    830      82.900029        21.1564443
    831      83.000040        21.1568254
    832      83.100008        21.1572044
    833      83.200019        21.1575817
    834      83.300029        21.1579571
    835      83.400040        21.1583306
    836      83.500008        21.1587021
    837      83.600019        21.1590719
    838      83.700029        21.1594398
    839      83.800040        21.1598059
    840      83.900008        21.1601700
    841      84.000019        21.1605325
    842      84.100029        21.1608932
    843      84.200040        21.1612520
    844      84.300008        21.1616089
    845      84.400019        21.1619642
    846      84.500029        21.1623177
    847      84.600040        21.1626694
    848      84.700008        21.1630192
    849      84.800019        21.1633675
    850      84.900029        21.1637140
    851      85.000040        21.1640587
    852      85.100008        21.1644016
    853      85.200019        21.1647429
    854      85.300029        21.1650826
    855      85.400040        21.1654205
    856      85.500008        21.1657566
    857      85.600019        21.1660912
    858      85.700029        21.1664240
    859      85.800040        21.1667553
    860      85.900008        21.1670847
    861      86.000019        21.1674126
    862      86.100029        21.1677389
    863      86.200040        21.1680636
    864      86.300008        21.1683865
    865      86.400019        21.1687079
    866      86.500029        21.1690277
    867      86.600040        21.1693460
    868      86.700008        21.1696625
    869      86.800019        21.1699775
    870      86.900029        21.1702910
    871      87.000040        21.1706029
    872      87.100008        21.1709131
    873      87.200019        21.1712220
    874      87.300029        21.1715292
    875      87.400040        21.1718350
    876      87.500008        21.1721390
    877      87.600019        21.1724417
    878      87.700030        21.1727429
    879      87.800040        21.1730426
    880      87.900008        21.1733406
    881      88.000019        21.1736373
    882      88.100030        21.1739325
    883      88.200040        21.1742263
    884      88.300008        21.1745184
    885      88.400019        21.1748092
    886      88.500030        21.1750986
    887      88.600040        21.1753865
    888      88.700008        21.1756729
    889      88.800019        21.1759579
    890      88.900030        21.1762416
    891      89.000040        21.1765238
    892      89.100008        21.1768044
    893      89.200019        21.1770838
    894      89.300030        21.1773619
    895      89.400040        21.1776385
    896      89.500008        21.1779136
    897      89.600019        21.1781875
    898      89.700030        21.1784599
    899      89.800040        21.1787311
    900      89.900008        21.1790008
    901      90.000019        21.1792692
    902      90.100030        21.1795363
    903      90.200040        21.1798021
    904      90.300008        21.1800664
    905      90.400019        21.1803295
    906      90.500030        21.1805913
    907      90.600040        21.1808518
    908      90.700008        21.1811109
    909      90.800019        21.1813688
    910      90.900030        21.1816254
    911      91.000040        21.1818807
    912      91.100008        21.1821347
    913      91.200019        21.1823875
    914      91.300030        21.1826390
    915      91.400040        21.1828893
    916      91.500008        21.1831382
    917      91.600019        21.1833860
    918      91.700030        21.1836326
    919      91.800040        21.1838779
    920      91.900008        21.1841219
    921      92.000019        21.1843648
    922      92.100030        21.1846064
    923      92.200040        21.1848469
    924      92.300008        21.1850860
    925      92.400019        21.1853241
    926      92.500030        21.1855610
    927      92.600040        21.1857967
    928      92.700008        21.1860311
    929      92.800019        21.1862644
    930      92.900030        21.1864966
    931      93.000040        21.1867277
    932      93.100008        21.1869574
    933      93.200019        21.1871862
    934      93.300030        21.1874137
    935      93.400040        21.1876402
    936      93.500008        21.1878654
    937      93.600019        21.1880896
    938      93.700030        21.1883127
    939      93.800040        21.1885347
    940      93.900008        21.1887554
    941      94.000019        21.1889752
    942      94.100030        21.1891938
    943      94.200040        21.1894114
    944      94.300008        21.1896278
    945      94.400019        21.1898432
    946      94.500030        21.1900575
    947      94.600040        21.1902708
    948      94.700008        21.1904829
    949      94.800019        21.1906940
    950      94.900030        21.1909041
    951      95.000040        21.1911131
    952      95.100008        21.1913210
    953      95.200019        21.1915280
    954      95.300030        21.1917339
    955      95.400040        21.1919388
    956      95.500008        21.1921426
    957      95.600019        21.1923454
    958      95.700030        21.1925473
    959      95.800040        21.1927481
    960      95.900008        21.1929478
    961      96.000019        21.1931467
    962      96.100030        21.1933445
    963      96.200040        21.1935414
    964      96.300008        21.1937372
    965      96.400019        21.1939321
    966      96.500030        21.1941260
    967      96.600040        21.1943190
    968      96.700008        21.1945109
    969      96.800019        21.1947019
    970      96.900030        21.1948920
    971      97.000040        21.1950811
    972      97.100008        21.1952692
    973      97.200019        21.1954565
    974      97.300030        21.1956428
    975      97.400040        21.1958282
    976      97.500008        21.1960126
    977      97.600019        21.1961961
    978      97.700030        21.1963788
    979      97.800040        21.1965605
    980      97.900008        21.1967412
    981      98.000019        21.1969211
    982      98.100030        21.1971001
    983      98.200040        21.1972783
    984      98.300008        21.1974554
    985      98.400019        21.1976318
    986      98.500030        21.1978072
    987      98.600040        21.1979818
    988      98.700008        21.1981555
    989      98.800019        21.1983283
    990      98.900030        21.1985003
    991      99.000040        21.1986715
    992      99.100008        21.1988417
    993      99.200019        21.1990111
    994      99.300030        21.1991797
    995      99.400040        21.1993474
    996      99.500008        21.1995143
    997      99.600019        21.1996803
    998      99.700030        21.1998456
    999      99.800040        21.2000100
   1000      99.900008        21.2001735
   1001     100.000019        21.2003363
   1002     100.100030        21.2004983
   1003     100.200040        21.2006595
   1004     100.300008        21.2008198
   1005     100.400019        21.2009793
   1006     100.500030        21.2011381
   1007     100.600040        21.2012961
   1008     100.700008        21.2014532
   1009     100.800019        21.2016096
   1010     100.900030        21.2017652
   1011     101.000040        21.2019201
   1012     101.100008        21.2020741
   1013     101.200019        21.2022274
   1014     101.300030        21.2023799
   1015     101.400040        21.2025317
   1016     101.500008        21.2026827
   1017     101.600019        21.2028329
   1018     101.700030        21.2029825
   1019     101.800040        21.2031312
   1020     101.900008        21.2032792
   1021     102.000019        21.2034265
   1022     102.100030        21.2035731
   1023     102.200040        21.2037189
   1024     102.300008        21.2038639
   1025     102.400019        21.2040083
   1026     102.500030        21.2041520
   1027     102.600040        21.2042949
   1028     102.700008        21.2044371
   1029     102.800019        21.2045786
   1030     102.900030        21.2047194
   1031     103.000040        21.2048595
   1032     103.100008        21.2049989
   1033     103.200019        21.2051376
   1034     103.300030        21.2052756
   1035     103.400040        21.2054130
   1036     103.500008        21.2055496
   1037     103.600019        21.2056855
   1038     103.700030        21.2058208
   1039     103.800040        21.2059554
   1040     103.900008        21.2060893
   1041     104.000019        21.2062226
   1042     104.100030        21.2063552
   1043     104.200040        21.2064872
   1044     104.300008        21.2066184
   1045     104.400019        21.2067491
   1046     104.500030        21.2068790
   1047     104.600040        21.2070084
   1048     104.700008        21.2071370
   1049     104.800019        21.2072651
   1050     104.900030        21.2073925
   1051     105.000040        21.2075193
   1052     105.100008        21.2076454
   1053     105.200019        21.2077709
   1054     105.300030        21.2078958
   1055     105.400040        21.2080200
   1056     105.500008        21.2081436
   1057     105.600019        21.2082667
   1058     105.700030        21.2083891
   1059     105.800040        21.2085109
   1060     105.900008        21.2086320
   1061     106.000019        21.2087526
   1062     106.100030        21.2088726
   1063     106.200040        21.2089920
   1064     106.300008        21.2091108
   1065     106.400019        21.2092290
   1066     106.500030        21.2093466
   1067     106.600040        21.2094636
   1068     106.700008        21.2095800
   1069     106.800019        21.2096959
   1070     106.900030        21.2098112
   1071     107.000040        21.2099259
   1072     107.100008        21.2100400
   1073     107.200019        21.2101536
   1074     107.300030        21.2102666
   1075     107.400040        21.2103790
   1076     107.500008        21.2104909
   1077     107.600019        21.2106022
   1078     107.700030        21.2107130
   1079     107.800040        21.2108232
   1080     107.900008        21.2109328
   1081     108.000019        21.2110419
   1082     108.100030        21.2111505
   1083     108.200040        21.2112585
   1084     108.300008        21.2113660
   1085     108.400019        21.2114730
   1086     108.500030        21.2115794
   1087     108.600040        21.2116853
   1088     108.700008        21.2117906
   1089     108.800019        21.2118955
   1090     108.900030        21.2119998
   1091     109.000040        21.2121036
   1092     109.100008        21.2122068
   1093     109.200019        21.2123096
   1094     109.300030        21.2124118
   1095     109.400040        21.2125136
   1096     109.500008        21.2126148
   1097     109.600019        21.2127155
   1098     109.700030        21.2128157
   1099     109.800040        21.2129155
   1100     109.900008        21.2130147
   1101     110.000019        21.2131134
   1102     110.100030        21.2132116
   1103     110.200041        21.2133094
   1104     110.300009        21.2134066
   1105     110.400019        21.2135034
   1106     110.500030        21.2135997
   1107     110.600041        21.2136955
   1108     110.700009        21.2137908
   1109     110.800019        21.2138857
   1110     110.900030        21.2139801
   1111     111.000041        21.2140740
   1112     111.100009        21.2141674
   1113     111.200019        21.2142604
   1114     111.300030        21.2143530
   1115     111.400041        21.2144450
   1116     111.500009        21.2145366
   1117     111.600019        21.2146277
   1118     111.700030        21.2147184
   1119     111.800041        21.2148087
   1120     111.900009        21.2148984
   1121     112.000019        21.2149878
   1122     112.100030        21.2150767
   1123     112.200041        21.2151651
   1124     112.300009        21.2152531
   1125     112.400019        21.2153407
   1126     112.500030        21.2154278
   1127     112.600041        21.2155145
   1128     112.700009        21.2156008
   1129     112.800019        21.2156866
   1130     112.900030        21.2157720
   1131     113.000041        21.2158570
   1132     113.100009        21.2159415
   1133     113.200019        21.2160257
   1134     113.300030        21.2161094
   1135     113.400041        21.2161927
   1136     113.500009        21.2162756
   1137     113.600019        21.2163580
   1138     113.700030        21.2164401
   1139     113.800041        21.2165218
   1140     113.900009        21.2166030
   1141     114.000019        21.2166838
   1142     114.100030        21.2167643
   1143     114.200041        21.2168443
   1144     114.300009        21.2169239
   1145     114.400019        21.2170031
   1146     114.500030        21.2170820
   1147     114.600041        21.2171604
   1148     114.700009        21.2172385
   1149     114.800019        21.2173161
   1150     114.900030        21.2173934
   1151     115.000041        21.2174703
   1152     115.100009        21.2175468
   1153     115.200019        21.2176230
   1154     115.300030        21.2176987
   1155     115.400041        21.2177741
   1156     115.500009        21.2178491
   1157     115.600019        21.2179237
   1158     115.700030        21.2179980
   1159     115.800041        21.2180718
   1160     115.900009        21.2181453
   1161     116.000019        21.2182185
   1162     116.100030        21.2182913
   1163     116.200041        21.2183637
   1164     116.300009        21.2184357
   1165     116.400019        21.2185074
   1166     116.500030        21.2185788
   1167     116.600041        21.2186498
   1168     116.700009        21.2187204
   1169     116.800019        21.2187907
   1170     116.900030        21.2188606
   1171     117.000041        21.2189302
   1172     117.100009        21.2189994
   1173     117.200019        21.2190683
   1174     117.300030        21.2191368
   1175     117.400041        21.2192050
   1176     117.500009        21.2192729
   1177     117.600019        21.2193404
   1178     117.700030        21.2194076
   1179     117.800041        21.2194745
   1180     117.900009        21.2195410
   1181     118.000019        21.2196072
   1182     118.100030        21.2196730
   1183     118.200041        21.2197385
   1184     118.300009        21.2198037
   1185     118.400019        21.2198686
   1186     118.500030        21.2199332
   1187     118.600041        21.2199974
   1188     118.700009        21.2200613
   1189     118.800019        21.2201249
   1190     118.900030        21.2201882
   1191     119.000041        21.2202511
   1192     119.100009        21.2203138
   1193     119.200019        21.2203761
   1194     119.300030        21.2204381
   1195     119.400041        21.2204998
   1196     119.500009        21.2205612
   1197     119.600019        21.2206223
   1198     119.700030        21.2206831
   1199     119.800041        21.2207436
   1200     119.900009        21.2208038
   1201     120.000019        21.2208637
   1202     120.100030        21.2209233
   1203     120.200041        21.2209826
   1204     120.300009        21.2210416
   1205     120.400019        21.2211003
   1206     120.500030        21.2211587
   1207     120.600041        21.2212168
   1208     120.700009        21.2212746
   1209     120.800019        21.2213322
   1210     120.900030        21.2213894
   1211     121.000041        21.2214464
   1212     121.100009        21.2215031
   1213     121.200019        21.2215595
   1214     121.300030        21.2216156
   1215     121.400041        21.2216715
   1216     121.500009        21.2217270
   1217     121.600019        21.2217823
   1218     121.700030        21.2218373
   1219     121.800041        21.2218921
   1220     121.900009        21.2219465
   1221     122.000019        21.2220007
   1222     122.100030        21.2220546
   1223     122.200041        21.2221083
   1224     122.300009        21.2221617
   1225     122.400019        21.2222148
   1226     122.500030        21.2222676
   1227     122.600041        21.2223202
   1228     122.700009        21.2223726
   1229     122.800019        21.2224246
   1230     122.900030        21.2224764
   1231     123.000041        21.2225280
   1232     123.100009        21.2225793
   1233     123.200019        21.2226303
   1234     123.300030        21.2226811
   1235     123.400041        21.2227316
   1236     123.500009        21.2227819
   1237     123.600019        21.2228319
   1238     123.700030        21.2228817
   1239     123.800041        21.2229312
   1240     123.900009        21.2229805
   1241     124.000019        21.2230295
   1242     124.100030        21.2230783
   1243     124.200041        21.2231269
   1244     124.300009        21.2231752
   1245     124.400019        21.2232233
   1246     124.500030        21.2232711
   1247     124.600041        21.2233187
   1248     124.700009        21.2233660
   1249     124.800019        21.2234131
   1250     124.900030        21.2234600
   1251     125.000041        21.2235067
   1252     125.100009        21.2235531
   1253     125.200019        21.2235993
   1254     125.300030        21.2236452
   1255     125.400041        21.2236909
   1256     125.500009        21.2237364
   1257     125.600019        21.2237817
   1258     125.700030        21.2238267
   1259     125.800041        21.2238716
   1260     125.900009        21.2239161
   1261     126.000019        21.2239605
   1262     126.100030        21.2240047
   1263     126.200041        21.2240486
   1264     126.300009        21.2240923
   1265     126.400019        21.2241358
   1266     126.500030        21.2241791
   1267     126.600041        21.2242221
   1268     126.700009        21.2242650
   1269     126.800019        21.2243076
   1270     126.900030        21.2243500
   1271     127.000041        21.2243922
   1272     127.100009        21.2244342
   1273     127.200019        21.2244760
   1274     127.300030        21.2245176
   1275     127.400041        21.2245590
   1276     127.500009        21.2246001
   1277     127.600019        21.2246411
   1278     127.700030        21.2246818
   1279     127.800041        21.2247224
   1280     127.900009        21.2247627
   1281     128.000019        21.2248029
   1282     128.100030        21.2248429
   1283     128.200041        21.2248826
   1284     128.300009        21.2249221
   1285     128.400019        21.2249615
   1286     128.500030        21.2250007
   1287     128.600041        21.2250396
   1288     128.700009        21.2250784
   1289     128.800019        21.2251170
   1290     128.900030        21.2251554
   1291     129.000041        21.2251936
   1292     129.100009        21.2252315
   1293     129.200019        21.2252694
   1294     129.300030        21.2253070
   1295     129.400041        21.2253444
   1296     129.500009        21.2253817
   1297     129.600019        21.2254187
   1298     129.700030        21.2254556
   1299     129.800041        21.2254923
   1300     129.900009        21.2255288
   1301     130.000019        21.2255652
   1302     130.100030        21.2256013
   1303     130.200041        21.2256373
   1304     130.300009        21.2256731
   1305     130.400019        21.2257087
   1306     130.500030        21.2257441
   1307     130.600041        21.2257794
   1308     130.700009        21.2258144
   1309     130.800019        21.2258493
   1310     130.900030        21.2258841
   1311     131.000041        21.2259186
   1312     131.100009        21.2259530
   1313     131.200019        21.2259872
   1314     131.300030        21.2260213
   1315     131.400041        21.2260552
   1316     131.500009        21.2260889
   1317     131.600019        21.2261224
   1318     131.700030        21.2261558
   1319     131.800041        21.2261890
   1320     131.900009        21.2262220
   1321     132.000019        21.2262549
   1322     132.100030        21.2262876
   1323     132.200041        21.2263202
   1324     132.300009        21.2263525
   1325     132.400019        21.2263848
   1326     132.500030        21.2264168
   1327     132.600041        21.2264487
   1328     132.700009        21.2264805
   1329     132.800020        21.2265120
   1330     132.900030        21.2265435
   1331     133.000041        21.2265748
   1332     133.100009        21.2266059
   1333     133.200020        21.2266368
   1334     133.300030        21.2266676
   1335     133.400041        21.2266983
   1336     133.500009        21.2267288
   1337     133.600020        21.2267591
   1338     133.700030        21.2267893
   1339     133.800041        21.2268194
   1340     133.900009        21.2268493
   1341     134.000020        21.2268790
   1342     134.100030        21.2269086
   1343     134.200041        21.2269381
   1344     134.300009        21.2269674
   1345     134.400020        21.2269965
   1346     134.500030        21.2270255
   1347     134.600041        21.2270544
   1348     134.700009        21.2270831
   1349     134.800020        21.2271117
   1350     134.900030        21.2271401
   1351     135.000041        21.2271684
   1352     135.100009        21.2271966
   1353     135.200020        21.2272246
   1354     135.300030        21.2272525
   1355     135.400041        21.2272802
   1356     135.500009        21.2273078
   1357     135.600020        21.2273353
   1358     135.700030        21.2273626
   1359     135.800041        21.2273898
   1360     135.900009        21.2274168
   1361     136.000020        21.2274438
   1362     136.100030        21.2274705
   1363     136.200041        21.2274972
   1364     136.300009        21.2275237
   1365     136.400020        21.2275501
   1366     136.500030        21.2275763
   1367     136.600041        21.2276025
   1368     136.700009        21.2276285
   1369     136.800020        21.2276543
   1370     136.900030        21.2276801
   1371     137.000041        21.2277057
   1372     137.100009        21.2277311
   1373     137.200020        21.2277565
   1374     137.300030        21.2277817
   1375     137.400041        21.2278068
   1376     137.500009        21.2278318
   1377     137.600020        21.2278566
   1378     137.700030        21.2278814
   1379     137.800041        21.2279060
   1380     137.900009        21.2279304
   1381     138.000020        21.2279548
   1382     138.100030        21.2279790
   1383     138.200041        21.2280031
   1384     138.300009        21.2280271
   1385     138.400020        21.2280510
   1386     138.500030        21.2280748
   1387     138.600041        21.2280984
   1388     138.700009        21.2281219
   1389     138.800020        21.2281453
   1390     138.900030        21.2281686
   1391     139.000041        21.2281918
   1392     139.100009        21.2282148
   1393     139.200020        21.2282378
   1394     139.300030        21.2282606
   1395     139.400041        21.2282833
   1396     139.500009        21.2283059
   1397     139.600020        21.2283284
   1398     139.700030        21.2283507
   1399     139.800041        21.2283730
   1400     139.900009        21.2283952
   1401     140.000020        21.2284172
   1402     140.100030        21.2284391
   1403     140.200041        21.2284609
   1404     140.300009        21.2284826
   1405     140.400020        21.2285043
   1406     140.500030        21.2285258
   1407     140.600041        21.2285471
   1408     140.700009        21.2285684
   1409     140.800020        21.2285896
   1410     140.900030        21.2286107
   1411     141.000041        21.2286316
   1412     141.100009        21.2286525
   1413     141.200020        21.2286732
   1414     141.300030        21.2286939
   1415     141.400041        21.2287145
   1416     141.500009        21.2287349
   1417     141.600020        21.2287552
   1418     141.700030        21.2287755
   1419     141.800041        21.2287956
   1420     141.900009        21.2288157
   1421     142.000020        21.2288356
   1422     142.100030        21.2288555
   1423     142.200041        21.2288752
   1424     142.300009        21.2288948
   1425     142.400020        21.2289144
   1426     142.500030        21.2289338
   1427     142.600041        21.2289532
   1428     142.700009        21.2289724
   1429     142.800020        21.2289916
   1430     142.900030        21.2290107
   1431     143.000041        21.2290297
   1432     143.100009        21.2290485
   1433     143.200020        21.2290673
   1434     143.300030        21.2290860
   1435     143.400041        21.2291046
   1436     143.500009        21.2291231
   1437     143.600020        21.2291415
   1438     143.700030        21.2291598
   1439     143.800041        21.2291780
   1440     143.900009        21.2291962
   1441     144.000020        21.2292142
   1442     144.100030        21.2292322
   1443     144.200041        21.2292500
   1444     144.300009        21.2292678
   1445     144.400020        21.2292855
   1446     144.500030        21.2293031
   1447     144.600041        21.2293206
   1448     144.700009        21.2293380
   1449     144.800020        21.2293554
   1450     144.900030        21.2293726
   1451     145.000041        21.2293898
   1452     145.100009        21.2294069
   1453     145.200020        21.2294239
   1454     145.300030        21.2294408
   1455     145.400041        21.2294576
   1456     145.500009        21.2294744
   1457     145.600020        21.2294910
   1458     145.700030        21.2295076
   1459     145.800041        21.2295241
   1460     145.900009        21.2295405
   1461     146.000020        21.2295568
   1462     146.100030        21.2295731
   1463     146.200041        21.2295892
   1464     146.300009        21.2296053
   1465     146.400020        21.2296213
   1466     146.500030        21.2296373
   1467     146.600041        21.2296531
   1468     146.700009        21.2296689
   1469     146.800020        21.2296846
   1470     146.900030        21.2297002
   1471     147.000041        21.2297157
   1472     147.100009        21.2297311
   1473     147.200020        21.2297465
   1474     147.300030        21.2297618
   1475     147.400041        21.2297771
   1476     147.500009        21.2297922
   1477     147.600020        21.2298073
   1478     147.700030        21.2298223
   1479     147.800041        21.2298372
   1480     147.900009        21.2298520
   1481     148.000020        21.2298668
   1482     148.100030        21.2298815
   1483     148.200041        21.2298962
   1484     148.300009        21.2299107
   1485     148.400020        21.2299252
   1486     148.500030        21.2299396
   1487     148.600041        21.2299539
   1488     148.700009        21.2299682
   1489     148.800020        21.2299824
   1490     148.900030        21.2299965
   1491     149.000041        21.2300106
   1492     149.100009        21.2300246
   1493     149.200020        21.2300385
   1494     149.300030        21.2300523
   1495     149.400041        21.2300661
   1496     149.500009        21.2300798
   1497     149.600020        21.2300935
   1498     149.700030        21.2301070
   1499     149.800041        21.2301205
   1500     149.900009        21.2301340
   1501     150.000020        21.2301473
   1502     150.100030        21.2301606
   1503     150.200041        21.2301739
   1504     150.300009        21.2301870
   1505     150.400020        21.2302002
   1506     150.500030        21.2302132
   1507     150.600041        21.2302262
   1508     150.700009        21.2302391
   1509     150.800020        21.2302519
   1510     150.900030        21.2302647
   1511     151.000041        21.2302774
   1512     151.100009        21.2302901
   1513     151.200020        21.2303027
   1514     151.300030        21.2303152
   1515     151.400041        21.2303277
   1516     151.500009        21.2303401
   1517     151.600020        21.2303524
   1518     151.700030        21.2303647
   1519     151.800041        21.2303769
   1520     151.900009        21.2303891
   1521     152.000020        21.2304012
   1522     152.100030        21.2304132
   1523     152.200041        21.2304252
   1524     152.300009        21.2304371
   1525     152.400020        21.2304490
   1526     152.500030        21.2304608
   1527     152.600041        21.2304725
   1528     152.700009        21.2304842
   1529     152.800020        21.2304958
   1530     152.900030        21.2305074
   1531     153.000041        21.2305189
   1532     153.100009        21.2305303
   1533     153.200020        21.2305417
   1534     153.300030        21.2305531
   1535     153.400041        21.2305643
   1536     153.500009        21.2305756
   1537     153.600020        21.2305867
   1538     153.700030        21.2305978
   1539     153.800041        21.2306089
   1540     153.900009        21.2306199
   1541     154.000020        21.2306308
   1542     154.100030        21.2306417
   1543     154.200041        21.2306526
   1544     154.300009        21.2306634
   1545     154.400020        21.2306741
   1546     154.500030        21.2306848
   1547     154.600041        21.2306954
   1548     154.700009        21.2307060
   1549     154.800020        21.2307165
   1550     154.900030        21.2307269
   1551     155.000041        21.2307374
   1552     155.100009        21.2307477
   1553     155.200020        21.2307580
   1554     155.300031        21.2307683
   1555     155.400041        21.2307785
   1556     155.500009        21.2307887
   1557     155.600020        21.2307988
   1558     155.700031        21.2308088
   1559     155.800041        21.2308188
   1560     155.900009        21.2308288
   1561     156.000020        21.2308387
   1562     156.100031        21.2308485
   1563     156.200041        21.2308583
   1564     156.300009        21.2308681
   1565     156.400020        21.2308778
   1566     156.500031        21.2308875
   1567     156.600041        21.2308971
   1568     156.700009        21.2309066
   1569     156.800020        21.2309162
   1570     156.900031        21.2309256
   1571     157.000041        21.2309351
   1572     157.100009        21.2309444
   1573     157.200020        21.2309538
   1574     157.300031        21.2309630
   1575     157.400041        21.2309723
   1576     157.500009        21.2309815
   1577     157.600020        21.2309906
   1578     157.700031        21.2309997
   1579     157.800041        21.2310088
   1580     157.900009        21.2310178
   1581     158.000020        21.2310267
   1582     158.100031        21.2310357
   1583     158.200041        21.2310445
   1584     158.300009        21.2310534
   1585     158.400020        21.2310621
   1586     158.500031        21.2310709
   1587     158.600041        21.2310796
   1588     158.700009        21.2310882
   1589     158.800020        21.2310969
   1590     158.900031        21.2311054
   1591     159.000041        21.2311140
   1592     159.100009        21.2311224
   1593     159.200020        21.2311309
   1594     159.300031        21.2311393
   1595     159.400041        21.2311476
   1596     159.500009        21.2311559
   1597     159.600020        21.2311642
   1598     159.700031        21.2311725
   1599     159.800041        21.2311807
   1600     159.900009        21.2311888
   1601     160.000020        21.2311969
   1602     160.100031        21.2312050
   1603     160.200041        21.2312130
   1604     160.300009        21.2312210
   1605     160.400020        21.2312290
   1606     160.500031        21.2312369
   1607     160.600041        21.2312447
   1608     160.700009        21.2312526
   1609     160.800020        21.2312604
   1610     160.900031        21.2312681
   1611     161.000041        21.2312758
   1612     161.100009        21.2312835
   1613     161.200020        21.2312911
   1614     161.300031        21.2312987
   1615     161.400041        21.2313063
   1616     161.500009        21.2313138
   1617     161.600020        21.2313213
   1618     161.700031        21.2313288
   1619     161.800041        21.2313362
   1620     161.900009        21.2313436
   1621     162.000020        21.2313509
   1622     162.100031        21.2313582
   1623     162.200041        21.2313655
   1624     162.300009        21.2313727
   1625     162.400020        21.2313799
   1626     162.500031        21.2313870
   1627     162.600041        21.2313942
   1628     162.700009        21.2314013
   1629     162.800020        21.2314083
   1630     162.900031        21.2314153
   1631     163.000041        21.2314223
   1632     163.100009        21.2314292
   1633     163.200020        21.2314362
   1634     163.300031        21.2314430
   1635     163.400041        21.2314499
   1636     163.500009        21.2314567
   1637     163.600020        21.2314635
   1638     163.700031        21.2314702
   1639     163.800041        21.2314769
   1640     163.900009        21.2314836
   1641     164.000020        21.2314902
   1642     164.100031        21.2314968
   1643     164.200041        21.2315034
   1644     164.300009        21.2315100
   1645     164.400020        21.2315165
   1646     164.500031        21.2315229
   1647     164.600041        21.2315294
   1648     164.700009        21.2315358
   1649     164.800020        21.2315422
   1650     164.900031        21.2315485
   1651     165.000041        21.2315548
   1652     165.100009        21.2315611
   1653     165.200020        21.2315674
   1654     165.300031        21.2315736
   1655     165.400041        21.2315798
   1656     165.500009        21.2315860
   1657     165.600020        21.2315921
   1658     165.700031        21.2315982
   1659     165.800041        21.2316043
   1660     165.900009        21.2316103
   1661     166.000020        21.2316163
   1662     166.100031        21.2316223
   1663     166.200041        21.2316282
   1664     166.300009        21.2316342
   1665     166.400020        21.2316400
   1666     166.500031        21.2316459
   1667     166.600041        21.2316517
   1668     166.700009        21.2316575
   1669     166.800020        21.2316633
   1670     166.900031        21.2316691
   1671     167.000041        21.2316748
   1672     167.100009        21.2316805
   1673     167.200020        21.2316861
   1674     167.300031        21.2316918
   1675     167.400041        21.2316974
   1676     167.500009        21.2317029
   1677     167.600020        21.2317085
   1678     167.700031        21.2317140
   1679     167.800041        21.2317195
   1680     167.900009        21.2317250
   1681     168.000020        21.2317304
   1682     168.100031        21.2317358
   1683     168.200041        21.2317412
   1684     168.300009        21.2317465
   1685     168.400020        21.2317519
   1686     168.500031        21.2317572
   1687     168.600041        21.2317625
   1688     168.700009        21.2317677
   1689     168.800020        21.2317729
   1690     168.900031        21.2317781
   1691     169.000041        21.2317833
   1692     169.100009        21.2317884
   1693     169.200020        21.2317936
   1694     169.300031        21.2317987
   1695     169.400041        21.2318037
   1696     169.500009        21.2318088
   1697     169.600020        21.2318138
   1698     169.700031        21.2318188
   1699     169.800041        21.2318238
   1700     169.900009        21.2318287
   1701     170.000020        21.2318336
   1702     170.100031        21.2318385
   1703     170.200041        21.2318434
   1704     170.300009        21.2318482
   1705     170.400020        21.2318531
   1706     170.500031        21.2318579
   1707     170.600041        21.2318626
   1708     170.700009        21.2318674
   1709     170.800020        21.2318721
   1710     170.900031        21.2318768
   1711     171.000041        21.2318815
   1712     171.100009        21.2318862
   1713     171.200020        21.2318908
   1714     171.300031        21.2318954
   1715     171.400041        21.2319000
   1716     171.500009        21.2319045
   1717     171.600020        21.2319091
   1718     171.700031        21.2319136
   1719     171.800041        21.2319181
   1720     171.900009        21.2319226
   1721     172.000020        21.2319270
   1722     172.100031        21.2319315
   1723     172.200041        21.2319359
   1724     172.300009        21.2319403
   1725     172.400020        21.2319446
   1726     172.500031        21.2319490
   1727     172.600041        21.2319533
   1728     172.700009        21.2319576
   1729     172.800020        21.2319619
   1730     172.900031        21.2319661
   1731     173.000041        21.2319704
   1732     173.100009        21.2319746
   1733     173.200020        21.2319788
   1734     173.300031        21.2319829
   1735     173.400041        21.2319871
   1736     173.500009        21.2319912
   1737     173.600020        21.2319953
   1738     173.700031        21.2319994
   1739     173.800041        21.2320035
   1740     173.900009        21.2320075
   1741     174.000020        21.2320116
   1742     174.100031        21.2320156
   1743     174.200041        21.2320196
   1744     174.300009        21.2320235
   1745     174.400020        21.2320275
   1746     174.500031        21.2320314
   1747     174.600041        21.2320353
   1748     174.700009        21.2320392
   1749     174.800020        21.2320431
   1750     174.900031        21.2320469
   1751     175.000041        21.2320508
   1752     175.100009        21.2320546
   1753     175.200020        21.2320584
   1754     175.300031        21.2320621
   1755     175.400041        21.2320659
   1756     175.500009        21.2320696
   1757     175.600020        21.2320734
   1758     175.700031        21.2320771
   1759     175.800041        21.2320807
   1760     175.900009        21.2320844
   1761     176.000020        21.2320880
   1762     176.100031        21.2320917
   1763     176.200041        21.2320953
   1764     176.300009        21.2320989
   1765     176.400020        21.2321024
   1766     176.500031        21.2321060
   1767     176.600041        21.2321095
   1768     176.700009        21.2321131
   1769     176.800020        21.2321166
   1770     176.900031        21.2321200
   1771     177.000041        21.2321235
   1772     177.100009        21.2321270
   1773     177.200020        21.2321304
   1774     177.300031        21.2321338
   1775     177.400041        21.2321372
   1776     177.500009        21.2321406
   1777     177.600020        21.2321440
   1778     177.700031        21.2321473
   1779     177.800042        21.2321506
   1780     177.900010        21.2321540
   1781     178.000020        21.2321573
   1782     178.100031        21.2321605
   1783     178.200042        21.2321638
   1784     178.300010        21.2321670
   1785     178.400020        21.2321703
   1786     178.500031        21.2321735
   1787     178.600042        21.2321767
   1788     178.700010        21.2321799
   1789     178.800020        21.2321831
   1790     178.900031        21.2321862
   1791     179.000042        21.2321893
   1792     179.100010        21.2321925
   1793     179.200020        21.2321956
   1794     179.300031        21.2321987
   1795     179.400042        21.2322017
   1796     179.500010        21.2322048
   1797     179.600020        21.2322078
   1798     179.700031        21.2322109
   1799     179.800042        21.2322139
   1800     179.900010        21.2322169
   1801     180.000020        21.2322199
   1802     180.100031        21.2322228
   1803     180.200042        21.2322258
   1804     180.300010        21.2322287
   1805     180.400020        21.2322317
   1806     180.500031        21.2322346
   1807     180.600042        21.2322375
   1808     180.700010        21.2322404
   1809     180.800020        21.2322432
   1810     180.900031        21.2322461
   1811     181.000042        21.2322489
   1812     181.100010        21.2322517
   1813     181.200020        21.2322546
   1814     181.300031        21.2322573
   1815     181.400042        21.2322601
   1816     181.500010        21.2322629
   1817     181.600020        21.2322657
   1818     181.700031        21.2322684
   1819     181.800042        21.2322711
   1820     181.900010        21.2322738
   1821     182.000020        21.2322765
   1822     182.100031        21.2322792
   1823     182.200042        21.2322819
   1824     182.300010        21.2322846
   1825     182.400020        21.2322872
   1826     182.500031        21.2322898
   1827     182.600042        21.2322925
   1828     182.700010        21.2322951
   1829     182.800020        21.2322977
   1830     182.900031        21.2323003
   1831     183.000042        21.2323028
   1832     183.100010        21.2323054
   1833     183.200020        21.2323079
   1834     183.300031        21.2323105
   1835     183.400042        21.2323130
   1836     183.500010        21.2323155
   1837     183.600020        21.2323180
   1838     183.700031        21.2323204
   1839     183.800042        21.2323229
   1840     183.900010        21.2323254
   1841     184.000020        21.2323278
   1842     184.100031        21.2323302
   1843     184.200042        21.2323327
   1844     184.300010        21.2323351
   1845     184.400020        21.2323375
   1846     184.500031        21.2323399
   1847     184.600042        21.2323422
   1848     184.700010        21.2323446
   1849     184.800020        21.2323469
   1850     184.900031        21.2323493
   1851     185.000042        21.2323516
   1852     185.100010        21.2323539
   1853     185.200020        21.2323562
   1854     185.300031        21.2323585
   1855     185.400042        21.2323608
   1856     185.500010        21.2323630
   1857     185.600020        21.2323653
   1858     185.700031        21.2323675
   1859     185.800042        21.2323698
   1860     185.900010        21.2323720
   1861     186.000020        21.2323742
   1862     186.100031        21.2323764
   1863     186.200042        21.2323786
   1864     186.300010        21.2323808
   1865     186.400020        21.2323830
   1866     186.500031        21.2323851
   1867     186.600042        21.2323873
   1868     186.700010        21.2323894
   1869     186.800020        21.2323915
   1870     186.900031        21.2323936
   1871     187.000042        21.2323957
   1872     187.100010        21.2323978
   1873     187.200020        21.2323999
   1874     187.300031        21.2324020
   1875     187.400042        21.2324040
   1876     187.500010        21.2324061
   1877     187.600020        21.2324081
   1878     187.700031        21.2324102
   1879     187.800042        21.2324122
   1880     187.900010        21.2324142
   1881     188.000020        21.2324162
   1882     188.100031        21.2324182
   1883     188.200042        21.2324202
   1884     188.300010        21.2324221
   1885     188.400020        21.2324241
   1886     188.500031        21.2324261
   1887     188.600042        21.2324280
   1888     188.700010        21.2324299
   1889     188.800020        21.2324319
   1890     188.900031        21.2324338
   1891     189.000042        21.2324357
   1892     189.100010        21.2324376
   1893     189.200020        21.2324394
   1894     189.300031        21.2324413
   1895     189.400042        21.2324432
   1896     189.500010        21.2324450
   1897     189.600020        21.2324469
   1898     189.700031        21.2324487
   1899     189.800042        21.2324506
   1900     189.900010        21.2324524
   1901     190.000020        21.2324542
   1902     190.100031        21.2324560
   1903     190.200042        21.2324578
   1904     190.300010        21.2324596
   1905     190.400020        21.2324613
   1906     190.500031        21.2324631
   1907     190.600042        21.2324649
   1908     190.700010        21.2324666
   1909     190.800020        21.2324684
   1910     190.900031        21.2324701
   1911     191.000042        21.2324718
   1912     191.100010        21.2324735
   1913     191.200020        21.2324752
   1914     191.300031        21.2324769
   1915     191.400042        21.2324786
   1916     191.500010        21.2324803
   1917     191.600020        21.2324820
   1918     191.700031        21.2324836
   1919     191.800042        21.2324853
   1920     191.900010        21.2324869
   1921     192.000020        21.2324886
   1922     192.100031        21.2324902
   1923     192.200042        21.2324918
   1924     192.300010        21.2324934
   1925     192.400020        21.2324950
   1926     192.500031        21.2324966
   1927     192.600042        21.2324982
   1928     192.700010        21.2324998
   1929     192.800020        21.2325014
   1930     192.900031        21.2325029
   1931     193.000042        21.2325045
   1932     193.100010        21.2325061
   1933     193.200020        21.2325076
   1934     193.300031        21.2325091
   1935     193.400042        21.2325107
   1936     193.500010        21.2325122
   1937     193.600020        21.2325137
   1938     193.700031        21.2325152
   1939     193.800042        21.2325167
   1940     193.900010        21.2325182
   1941     194.000020        21.2325197
   1942     194.100031        21.2325211
   1943     194.200042        21.2325226
   1944     194.300010        21.2325241
   1945     194.400020        21.2325255
   1946     194.500031        21.2325270
   1947     194.600042        21.2325284
   1948     194.700010        21.2325298
   1949     194.800020        21.2325313
   1950     194.900031        21.2325327
   1951     195.000042        21.2325341
   1952     195.100010        21.2325355
   1953     195.200020        21.2325369
   1954     195.300031        21.2325383
   1955     195.400042        21.2325397
   1956     195.500010        21.2325410
   1957     195.600020        21.2325424
   1958     195.700031        21.2325438
   1959     195.800042        21.2325451
   1960     195.900010        21.2325465
   1961     196.000020        21.2325478
   1962     196.100031        21.2325492
   1963     196.200042        21.2325505
   1964     196.300010        21.2325518
   1965     196.400020        21.2325531
   1966     196.500031        21.2325544
   1967     196.600042        21.2325557
   1968     196.700010        21.2325570
   1969     196.800020        21.2325583
   1970     196.900031        21.2325596
   1971     197.000042        21.2325609
   1972     197.100010        21.2325621
   1973     197.200020        21.2325634
   1974     197.300031        21.2325647
   1975     197.400042        21.2325659
   1976     197.500010        21.2325672
   1977     197.600020        21.2325684
   1978     197.700031        21.2325696
   1979     197.800042        21.2325709
   1980     197.900010        21.2325721
   1981     198.000020        21.2325733
   1982     198.100031        21.2325745
   1983     198.200042        21.2325757
   1984     198.300010        21.2325769
   1985     198.400020        21.2325781
   1986     198.500031        21.2325793
   1987     198.600042        21.2325804
   1988     198.700010        21.2325816
   1989     198.800020        21.2325828
   1990     198.900031        21.2325839
   1991     199.000042        21.2325851
   1992     199.100010        21.2325862
   1993     199.200020        21.2325874
   1994     199.300031        21.2325885
   1995     199.400042        21.2325897
   1996     199.500010        21.2325908
   1997     199.600020        21.2325919
   1998     199.700031        21.2325930
   1999     199.800042        21.2325941
   2000     199.900010        21.2325952
   2001     200.000020        21.2325963
