   8.17877   8.17397   8.15974   8.14070   8.10277   8.11647   8.10143   8.08826
   8.17209   8.16735   8.15285   8.13426   8.09615   8.11014   8.09485   8.08331
   8.16524   8.16054   8.14597   8.12768   8.09004   8.10419   8.08825   8.07870
   8.15864   8.15381   8.13933   8.12168   8.08415   8.09861   8.08200   8.07476
   8.15211   8.14716   8.13280   8.11602   8.07865   8.09338   8.07681   8.07105
   8.14584   8.14077   8.12656   8.11088   8.07348   8.08856   8.07157   8.06768
   8.13964   8.13455   8.12061   8.10582   8.06872   8.08424   8.06657   8.06485
   8.13648   8.13130   8.11754   8.10394   8.06694   8.08270   8.06504   8.06487
   8.13401   8.12878   8.11542   8.10303   8.06613   8.08231   8.06405   8.06580
   8.13127   8.12592   8.11301   8.10184   8.06500   8.08162   8.06276   8.06646
   8.13029   8.12504   8.11234   8.10260   8.06586   8.08295   8.06355   8.06908
   8.13019   8.12487   8.11256   8.10421   8.06755   8.08498   8.06532   8.07223
   8.12888   8.12346   8.11170   8.10501   8.06818   8.08586   8.06590   8.07434
   8.12910   8.12362   8.11238   8.10694   8.07021   8.08838   8.06763   8.07770
   8.12827   8.12291   8.11202   8.10786   8.07128   8.08976   8.06860   8.08018
   8.21750   8.21206   8.20136   8.19858   8.16158   8.18050   8.15931   8.17185
   8.23253   8.22719   8.21688   8.21525   8.17826   8.19744   8.17575   8.18969
   8.23927   8.23407   8.22406   8.22368   8.18669   8.20603   8.18408   8.19914
   8.24530   8.24019   8.23072   8.23126   8.19438   8.21383   8.19193   8.20788
   8.25203   8.24695   8.23789   8.23942   8.20258   8.22238   8.20029   8.21700
   8.24478   8.23983   8.23101   8.23349   8.19669   8.21675   8.19407   8.21193
   8.24557   8.24064   8.23224   8.23542   8.19867   8.21899   8.19600   8.21471
   8.23915   8.23441   8.22624   8.23020   8.19348   8.21400   8.19082   8.21022
   8.24563   8.24101   8.23298   8.23770   8.20100   8.22182   8.19823   8.21835
   8.24593   8.24135   8.23352   8.23898   8.20220   8.22321   8.19911   8.22016
   8.23544   8.23091   8.22321   8.22914   8.19247   8.21376   8.18935   8.21111
   8.23469   8.23026   8.22268   8.22918   8.19248   8.21394   8.18942   8.21149
   8.23603   8.23177   8.22447   8.23133   8.19467   8.21617   8.19130   8.21397
   8.22351   8.21932   8.21223   8.21954   8.18277   8.20433   8.17906   8.20227
   8.22039   8.21628   8.20935   8.21704   8.18015   8.20191   8.17632   8.20022
   8.22855   8.22447   8.21764   8.22571   8.18868   8.21050   8.18516   8.20900
   8.22958   8.22559   8.21894   8.22725   8.19019   8.21203   8.18640   8.21073
   8.23642   8.23250   8.22668   8.23440   8.19725   8.21926   8.19312   8.21781
   8.23245   8.22870   8.22291   8.23087   8.19367   8.21586   8.18983   8.21452
   8.23696   8.23326   8.22745   8.23560   8.19831   8.22051   8.19466   8.21911
   8.24254   8.23895   8.23323   8.24147   8.20395   8.22638   8.19974   8.22468
   8.24283   8.23940   8.23355   8.24178   8.20423   8.22661   8.19980   8.22488
   8.24257   8.23927   8.23335   8.24174   8.20407   8.22634   8.19969   8.22468
   8.24802   8.24480   8.23888   8.24740   8.20932   8.23168   8.20493   8.22968
   8.25261   8.24962   8.24356   8.25209   8.21381   8.23624   8.20906   8.23423
   8.24719   8.24430   8.23819   8.24649   8.20811   8.23046   8.20334   8.22827
   8.23739   8.23466   8.22844   8.23663   8.19816   8.22034   8.19309   8.21792
   8.22875   8.22612   8.22069   8.22788   8.18929   8.21131   8.18377   8.20863
   8.22628   8.22383   8.21820   8.22511   8.18631   8.20832   8.18052   8.20544
   8.21799   8.21569   8.20975   8.21647   8.17730   8.19947   8.17202   8.19644
   8.21966   8.21761   8.21137   8.21777   8.17841   8.20056   8.17292   8.19735
   8.22031   8.21837   8.21187   8.21812   8.17843   8.20047   8.17266   8.19717
   8.21112   8.20940   8.20270   8.20906   8.16858   8.19051   8.16280   8.18707
   8.20750   8.20580   8.19891   8.20484   8.16422   8.18606   8.15850   8.18256
   8.20178   8.20016   8.19289   8.19866   8.15833   8.17958   8.15204   8.17635
   8.20182   8.20038   8.19274   8.19831   8.15772   8.17904   8.15122   8.17575
   8.20354   8.20217   8.19430   8.19953   8.15858   8.17997   8.15181   8.17686
   8.20229   8.20114   8.19309   8.19801   8.15704   8.17835   8.15030   8.17565
   8.19002   8.18871   8.18052   8.18536   8.14430   8.16559   8.13746   8.16304
   8.19252   8.19117   8.18276   8.18742   8.14631   8.16767   8.13917   8.16557
   8.17472   8.17333   8.16459   8.16927   8.12812   8.14951   8.12103   8.14795
   8.15845   8.15689   8.14801   8.15290   8.11165   8.13314   8.10481   8.13217
   8.15238   8.15048   8.14154   8.14654   8.10525   8.12687   8.09829   8.12649
   8.14249   8.14036   8.13120   8.13661   8.09530   8.11723   8.08829   8.11762
   8.14788   8.14536   8.13623   8.14209   8.10058   8.12286   8.09363   8.12383
   8.14201   8.13949   8.13028   8.13673   8.09517   8.11768   8.08809   8.11938
   8.14545   8.14266   8.13351   8.14047   8.09893   8.12177   8.09142   8.12420
   8.15364   8.15106   8.14232   8.14958   8.10816   8.13128   8.10052   8.13457
   8.16713   8.16441   8.15577   8.16386   8.12234   8.14577   8.11522   8.14985
   8.17112   8.16834   8.15996   8.16883   8.12727   8.15114   8.11971   8.15584
   8.19473   8.19186   8.18355   8.19336   8.15169   8.17603   8.14408   8.18134
   8.21940   8.21641   8.20837   8.21899   8.17742   8.20212   8.16979   8.20814
   8.24109   8.23850   8.23021   8.24185   8.20011   8.22532   8.19264   8.23185
   8.27577   8.27308   8.26514   8.27776   8.23579   8.26156   8.22806   8.26858
   8.28886   8.28635   8.27867   8.29218   8.25025   8.27648   8.24251   8.28377
   8.31298   8.31071   8.30334   8.31787   8.27580   8.30261   8.26790   8.31024
   8.32523   8.32300   8.31608   8.33146   8.28940   8.31658   8.28168   8.32452
   8.33751   8.33545   8.32884   8.34514   8.30312   8.33051   8.29477   8.33871
   8.35178   8.34971   8.34363   8.36070   8.31881   8.34635   8.30996   8.35480
   8.35979   8.35779   8.35196   8.37001   8.32814   8.35592   8.31907   8.36449
   8.35253   8.35070   8.34509   8.36423   8.32222   8.35020   8.31286   8.35881
   8.35046   8.34874   8.34344   8.36330   8.32137   8.34951   8.31165   8.35818
   8.34611   8.34452   8.33955   8.36017   8.31837   8.34659   8.30853   8.35543
   8.33185   8.33031   8.32559   8.34694   8.30517   8.33339   8.29509   8.34229
   8.31734   8.31595   8.31142   8.33330   8.29142   8.32000   8.28110   8.32882
   8.30636   8.30513   8.30073   8.32314   8.28111   8.30997   8.27033   8.31868
   8.28500   8.28407   8.27976   8.30263   8.26069   8.28960   8.24985   8.29843
   8.27082   8.26997   8.26587   8.28922   8.24727   8.27627   8.23623   8.28486
   8.25239   8.25172   8.24785   8.27140   8.22973   8.25812   8.21827   8.26724
   8.23788   8.23736   8.23347   8.25744   8.21590   8.24432   8.20446   8.25338
   8.23265   8.23218   8.22842   8.25288   8.21130   8.23979   8.19981   8.24879
   8.22278   8.22232   8.21871   8.24358   8.20135   8.23056   8.19037   8.23942
   8.21926   8.21865   8.21547   8.24060   8.19901   8.22772   8.18703   8.23645
   8.21559   8.21501   8.21190   8.23744   8.19565   8.22451   8.18374   8.23309
   8.22151   8.22100   8.21808   8.24391   8.20204   8.23100   8.18999   8.23949
   8.22401   8.22349   8.22065   8.24672   8.20490   8.23401   8.19254   8.24232
   8.23404   8.23360   8.23078   8.25709   8.21537   8.24446   8.20247   8.25243
   8.24137   8.24090   8.23808   8.26462   8.22301   8.25212   8.21057   8.25992
   8.25193   8.25161   8.24882   8.27633   8.23392   8.26306   8.22107   8.27056
   8.26655   8.26636   8.26349   8.29123   8.24863   8.27793   8.23520   8.28510
   8.27328   8.27318   8.27027   8.29811   8.25550   8.28479   8.24155   8.29156
   8.27785   8.27774   8.27496   8.30284   8.26028   8.28947   8.24639   8.29602
   8.28652   8.28689   8.28413   8.31209   8.26907   8.29845   8.25550   8.30471
   8.29119   8.29156   8.28881   8.31668   8.27375   8.30306   8.25964   8.30897
   8.29908   8.29966   8.29713   8.32469   8.28157   8.31087   8.26702   8.31661
   8.30564   8.30630   8.30358   8.33113   8.28786   8.31717   8.27322   8.32266
   8.30716   8.30803   8.30519   8.33263   8.28914   8.31853   8.27412   8.32354
   8.30869   8.30961   8.30666   8.33402   8.29039   8.31987   8.27514   8.32452
   8.30512   8.30602   8.30287   8.33019   8.28669   8.31584   8.27123   8.31886
   8.29659   8.29751   8.29413   8.32122   8.27791   8.30700   8.26221   8.30953
   8.29824   8.29923   8.29573   8.32280   8.27918   8.30834   8.26310   8.31090
   8.29518   8.29619   8.29262   8.31940   8.27581   8.30495   8.25943   8.30707
   8.29187   8.29296   8.28930   8.31574   8.27220   8.30120   8.25584   8.30283
   8.28444   8.28568   8.28195   8.30810   8.26458   8.29339   8.24789   8.29442
   8.28242   8.28361   8.28002   8.30579   8.26206   8.29048   8.24487   8.29096
   8.27804   8.27925   8.27561   8.30111   8.25727   8.28552   8.24006   8.28497
   8.27098   8.27213   8.26843   8.29355   8.24972   8.27764   8.23275   8.27601
   8.27072   8.27183   8.26813   8.29267   8.24884   8.27641   8.23141   8.27360
   8.27603   8.27727   8.27340   8.29736   8.25343   8.28069   8.23592   8.27639
   8.28331   8.28463   8.28051   8.30392   8.25988   8.28656   8.24208   8.28075
   8.27922   8.28050   8.27617   8.29887   8.25462   8.28079   8.23664   8.27146
   8.28037   8.28169   8.27717   8.29888   8.25448   8.28008   8.23554   8.26879
   8.27468   8.27614   8.27140   8.29197   8.24736   8.27219   8.22786   8.25882
   8.28620   8.28829   8.28321   8.30255   8.25745   8.28172   8.23792   8.26626
   8.28035   8.28266   8.27711   8.29499   8.24931   8.27289   8.22963   8.25541
   8.28297   8.28561   8.27960   8.29558   8.24955   8.27225   8.22914   8.25235
   8.28729   8.29000   8.28328   8.29753   8.25115   8.27285   8.23042   8.25080
   8.28518   8.28814   8.28050   8.29291   8.24613   8.26662   8.22499   8.24259
   8.26599   8.26926   8.26065   8.27107   8.22392   8.24323   8.20200   8.21698
   8.25579   8.25926   8.24972   8.25781   8.21032   8.22858   8.18771   8.20012
   8.24569   8.24932   8.23858   8.24450   8.19673   8.21383   8.17355   8.18373
   8.23119   8.23500   8.22309   8.22668   8.17831   8.19390   8.15483   8.16259
   8.21821   8.22233   8.20915   8.21043   8.16162   8.17624   8.13758   8.14331
   8.19315   8.19743   8.18300   8.18214   8.13266   8.14640   8.10814   8.11214
   8.16690   8.17123   8.15549   8.15247   8.10281   8.11547   8.07793   8.08030
   8.13589   8.14020   8.12332   8.11815   8.06799   8.07994   8.04278   8.04387
   8.11919   8.12365   8.10537   8.09826   8.04750   8.05894   8.02180   8.02208
   8.09708   8.10152   8.08200   8.07312   8.02178   8.03334   7.99589   7.99538
   8.09195   8.09636   8.07573   8.06517   8.01336   8.02448   7.98707   7.98624
   8.07116   8.07537   8.05367   8.04173   7.98952   8.00024   7.96293   7.96200
   8.05334   8.05725   8.03463   8.02143   7.96925   7.97938   7.94191   7.94138
   8.04899   8.05264   8.02911   8.01482   7.96232   7.97220   7.93512   7.93442
   8.03424   8.03758   8.01338   7.99820   7.94544   7.95528   7.91831   7.91809
   8.03521   8.03817   8.01328   7.99755   7.94437   7.95438   7.91692   7.91764
   8.03029   8.03293   8.00751   7.99143   7.93713   7.94805   7.91031   7.91205
   8.03997   8.04208   8.01643   7.99994   7.94546   7.95650   7.91878   7.92139
   8.04498   8.04679   8.02084   8.00456   7.94963   7.96091   7.92269   7.92676
   8.05413   8.05539   8.02932   8.01316   7.95804   7.96939   7.93098   7.93667
   8.05660   8.05731   8.03129   8.01533   7.96034   7.97200   7.93322   7.94044
   8.06612   8.06629   8.04045   8.02493   7.96994   7.98205   7.94303   7.95184
   8.07672   8.07650   8.05093   8.03595   7.98090   7.99354   7.95361   7.96457
   8.09145   8.09142   8.06630   8.05201   7.99698   8.01026   7.96955   7.98249
   8.11068   8.11036   8.08550   8.07230   8.01726   8.03106   7.99027   8.00466
   8.11764   8.11707   8.09268   8.08065   8.02570   8.04011   7.99873   8.01531
   8.14183   8.14106   8.11722   8.10633   8.05142   8.06651   8.02389   8.04311
   8.15991   8.15937   8.13551   8.12588   8.07126   8.08700   8.04402   8.06520
   8.15968   8.15905   8.13577   8.12766   8.07319   8.08960   8.04645   8.06948
   8.17400   8.17315   8.15063   8.14405   8.08983   8.10694   8.06339   8.08857
   8.19192   8.19093   8.16928   8.16425   8.11025   8.12803   8.08387   8.11118
   8.21145   8.21031   8.18943   8.18616   8.13244   8.15100   8.10617   8.13571
   8.23590   8.23469   8.21458   8.21306   8.15960   8.17883   8.13372   8.16510
   8.25146   8.25010   8.23092   8.23115   8.17799   8.19800   8.15209   8.18571
   8.27170   8.27026   8.25202   8.25417   8.20125   8.22200   8.17532   8.21085
   8.29161   8.29015   8.27280   8.27703   8.22444   8.24573   8.19870   8.23570
   8.30018   8.29878   8.28242   8.28864   8.23616   8.25810   8.21087   8.24911
   8.31353   8.31207   8.29694   8.30502   8.25278   8.27549   8.22741   8.26712
   8.33816   8.33677   8.32250   8.33252   8.28039   8.30367   8.25508   8.29601
   8.35058   8.34941   8.33612   8.34788   8.29602   8.31977   8.27096   8.31251
   8.36634   8.36540   8.35296   8.36705   8.31442   8.33904   8.28972   8.33200
   8.37369   8.37311   8.36135   8.37695   8.32473   8.34971   8.29955   8.34246
   8.39001   8.38973   8.37850   8.39558   8.34353   8.36880   8.31855   8.36129
   8.40563   8.40597   8.39518   8.41344   8.36167   8.38706   8.33662   8.37925
   8.41289   8.41357   8.40329   8.42246   8.37086   8.39645   8.34539   8.38815
   8.41930   8.42041   8.41038   8.43028   8.37879   8.40449   8.35292   8.39522
   8.43562   8.43709   8.42717   8.44776   8.39629   8.42210   8.37031   8.41190
   8.43551   8.43724   8.42757   8.44843   8.39723   8.42288   8.37091   8.41156
   8.44067   8.44270   8.43300   8.45408   8.40297   8.42844   8.37624   8.41583
   8.44596   8.44832   8.43856   8.45957   8.40862   8.43378   8.38145   8.41973
   8.44470   8.44743   8.43748   8.45810   8.40751   8.43226   8.38006   8.41700
   8.44481   8.44773   8.43766   8.45784   8.40716   8.43164   8.37916   8.41516
   8.43103   8.43408   8.42390   8.44332   8.39273   8.41692   8.36424   8.39900
   8.41993   8.42277   8.41223   8.43114   8.38044   8.40414   8.35143   8.38501
   8.40202   8.40494   8.39398   8.41218   8.36148   8.38479   8.33248   8.36470
   8.39234   8.39535   8.38402   8.40142   8.35057   8.37350   8.32116   8.35228
   8.36588   8.36872   8.35705   8.37365   8.32272   8.34532   8.29270   8.32303
   8.35690   8.35963   8.34744   8.36339   8.31212   8.33442   8.28188   8.31122
   8.34124   8.34392   8.33118   8.34625   8.29497   8.31697   8.26470   8.29304
   8.31679   8.31930   8.30626   8.32041   8.26907   8.29050   8.23862   8.26627
   8.30222   8.30449   8.29113   8.30459   8.25325   8.27415   8.22201   8.24927
   8.27813   8.28024   8.26654   8.27934   8.22801   8.24853   8.19702   8.22301
   8.25607   8.25797   8.24405   8.25607   8.20477   8.22500   8.17362   8.19897
   8.23311   8.23485   8.22072   8.23213   8.18073   8.20075   8.14886   8.17416
   8.22387   8.22542   8.21100   8.22201   8.17054   8.19028   8.13842   8.16314
   8.20682   8.20809   8.19337   8.20390   8.15234   8.17186   8.12047   8.14440
   8.19612   8.19736   8.18231   8.19246   8.14077   8.16010   8.10829   8.13215
   8.17983   8.18089   8.16562   8.17539   8.12370   8.14277   8.09082   8.11447
   8.17241   8.17332   8.15783   8.16726   8.11546   8.13439   8.08249   8.10561
   8.16162   8.16238   8.14694   8.15581   8.10391   8.12270   8.07110   8.09363
   8.14835   8.14909   8.13339   8.14189   8.09006   8.10865   8.05669   8.07906
   8.14944   8.15010   8.13409   8.14233   8.09042   8.10881   8.05674   8.07883
   8.15433   8.15531   8.13874   8.14657   8.09456   8.11270   8.06073   8.08223
   8.16269   8.16355   8.14676   8.15421   8.10202   8.11992   8.06800   8.08920
   8.16912   8.16991   8.15297   8.16028   8.10770   8.12523   8.07320   8.09418
   8.17620   8.17683   8.15975   8.16668   8.11372   8.13115   8.07929   8.09983
   8.17554   8.17628   8.15894   8.16529   8.11203   8.12932   8.07771   8.09761
   8.17934   8.18009   8.16242   8.16827   8.11467   8.13194   8.08062   8.09986
   8.18136   8.18209   8.16407   8.16928   8.11551   8.13269   8.08157   8.10021
   8.17674   8.17748   8.15926   8.16379   8.10991   8.12691   8.07571   8.09431
   8.17716   8.17787   8.15931   8.16318   8.10916   8.12588   8.07498   8.09348
   8.17296   8.17357   8.15470   8.15798   8.10382   8.12039   8.06983   8.08822
   8.16707   8.16763   8.14830   8.15112   8.09664   8.11307   8.06252   8.08116
   8.15507   8.15554   8.13594   8.13814   8.08353   8.09992   8.04970   8.06842
   8.15242   8.15291   8.13298   8.13494   8.07979   8.09602   8.04623   8.06535
   8.14748   8.14790   8.12765   8.12913   8.07392   8.09005   8.04014   8.06005
   8.13880   8.13923   8.11864   8.11981   8.06438   8.08054   8.03073   8.05134
   8.13284   8.13344   8.11254   8.11333   8.05782   8.07399   8.02464   8.04602
   8.12117   8.12170   8.10062   8.10104   8.04547   8.06187   8.01284   8.03515
   8.11538   8.11576   8.09458   8.09473   8.03930   8.05580   8.00661   8.03044
   8.10708   8.10736   8.08606   8.08616   8.03086   8.04749   7.99853   8.02369
   8.09838   8.09865   8.07736   8.07737   8.02232   8.03911   7.99065   8.01686
   8.08636   8.08662   8.06531   8.06544   8.01057   8.02760   7.97906   8.00718
   8.08856   8.08871   8.06744   8.06803   8.01332   8.03057   7.98178   8.01194
   8.07662   8.07662   8.05605   8.05686   8.00226   8.01975   7.97185   8.00318
   8.06873   8.06867   8.04842   8.04971   7.99549   8.01323   7.96532   7.99875
   8.07201   8.07159   8.05175   8.05382   8.00025   8.01800   7.97013   8.00569
   8.07286   8.07226   8.05291   8.05587   8.00273   8.02089   7.97297   8.01025
   8.07706   8.07646   8.05743   8.06137   8.00868   8.02720   7.97964   8.01847
   8.08644   8.08592   8.06729   8.07227   8.02004   8.03887   7.99147   8.03199
   8.09220   8.09200   8.07352   8.07982   8.02800   8.04704   7.99987   8.04204
   8.10822   8.10810   8.08998   8.09756   8.04610   8.06554   8.01843   8.06210
   8.13424   8.13412   8.11647   8.12529   8.07420   8.09405   8.04721   8.09221
   8.14371   8.14381   8.12667   8.13661   8.08601   8.10604   8.05902   8.10565
   8.16233   8.16236   8.14559   8.15688   8.10669   8.12721   8.07980   8.12768
   8.18595   8.18624   8.16993   8.18243   8.13246   8.15326   8.10599   8.15469
   8.21122   8.21175   8.19597   8.20947   8.16007   8.18035   8.13367   8.18317
   8.24030   8.24121   8.22580   8.24035   8.19108   8.21161   8.16465   8.21525
   8.27640   8.27774   8.26250   8.27813   8.22907   8.24975   8.20258   8.25383
   8.31280   8.31460   8.29938   8.31589   8.26708   8.28775   8.24093   8.29241
   8.33899   8.34143   8.32609   8.34335   8.29480   8.31550   8.26862   8.32058
   8.37939   8.38221   8.36677   8.38496   8.33635   8.35716   8.30959   8.36244
   8.41850   8.42165   8.40619   8.42506   8.37645   8.39742   8.34962   8.40264
   8.45179   8.45545   8.43992   8.45918   8.41064   8.43156   8.38405   8.43697
   8.48023   8.48502   8.46970   8.48904   8.44057   8.46088   8.41349   8.46706
   8.50748   8.51260   8.49730   8.51695   8.46839   8.48859   8.44124   8.49504
   8.53191   8.53740   8.52183   8.54185   8.49320   8.51373   8.46599   8.51997
   8.54784   8.55364   8.53789   8.55804   8.50938   8.52996   8.48197   8.53629
   8.56321   8.56922   8.55328   8.57352   8.52497   8.54562   8.49702   8.55168
   8.57469   8.58092   8.56478   8.58522   8.53661   8.55721   8.50878   8.56319
   8.58282   8.58916   8.57289   8.59341   8.54499   8.56540   8.51710   8.57140
   8.57837   8.58481   8.56824   8.58904   8.54076   8.56112   8.51298   8.56713
   8.56096   8.56725   8.55061   8.57145   8.52334   8.54349   8.49487   8.54938
   8.55761   8.56389   8.54716   8.56810   8.52002   8.54001   8.49161   8.54598
   8.55398   8.56026   8.54354   8.56428   8.51637   8.53631   8.48811   8.54188
   8.53902   8.54540   8.52868   8.54924   8.50152   8.52127   8.47299   8.52650
   8.53803   8.54450   8.52858   8.54818   8.50071   8.52008   8.47169   8.52511
   8.52268   8.52924   8.51322   8.53311   8.48537   8.50435   8.45664   8.50923
   8.51558   8.52249   8.50614   8.52579   8.47818   8.49695   8.44960   8.50146
   8.50973   8.51654   8.50012   8.51966   8.47216   8.49072   8.44318   8.49471
   8.50289   8.50979   8.49330   8.51266   8.46511   8.48352   8.43601   8.48694
   8.49079   8.49760   8.48111   8.50016   8.45275   8.47091   8.42391   8.47393
   8.49619   8.50298   8.48635   8.50500   8.45764   8.47559   8.42858   8.47822
   8.48534   8.49203   8.47526   8.49358   8.44634   8.46397   8.41694   8.46597
   8.47073   8.47718   8.46038   8.47828   8.43117   8.44859   8.40172   8.45001
   8.47243   8.47872   8.46175   8.47927   8.43225   8.44941   8.40272   8.45035
   8.46943   8.47550   8.45844   8.47555   8.42843   8.44530   8.39888   8.44598
   8.47623   8.48223   8.46495   8.48186   8.43450   8.45163   8.40455   8.45131
   8.47158   8.47768   8.46007   8.47642   8.42910   8.44604   8.39930   8.44534
   8.46043   8.46639   8.44881   8.46467   8.41739   8.43416   8.38762   8.43296
   8.45564   8.46142   8.44384   8.45928   8.41193   8.42854   8.38200   8.42717
   8.45818   8.46377   8.44611   8.46114   8.41384   8.43018   8.38365   8.42848
   8.43845   8.44372   8.42607   8.44069   8.39349   8.40957   8.36348   8.40780
   8.42644   8.43160   8.41397   8.42817   8.38105   8.39702   8.35061   8.39569
   8.41698   8.42203   8.40430   8.41822   8.37106   8.38694   8.34045   8.38543
   8.39947   8.40452   8.38672   8.40029   8.35322   8.36900   8.32259   8.36710
   8.38262   8.38763   8.36974   8.38315   8.33596   8.35174   8.30596   8.34968
   8.35354   8.35829   8.34034   8.35358   8.30651   8.32217   8.27640   8.31999
   8.32852   8.33319   8.31505   8.32816   8.28105   8.29682   8.25124   8.29451
   8.30351   8.30819   8.29001   8.30296   8.25612   8.27158   8.22637   8.26911
   8.28244   8.28697   8.26879   8.28146   8.23480   8.25019   8.20510   8.24760
   8.26717   8.27164   8.25373   8.26558   8.21939   8.23456   8.18941   8.23185
   8.25420   8.25867   8.24077   8.25252   8.20635   8.22144   8.17626   8.21846
   8.24983   8.25424   8.23639   8.24795   8.20180   8.21684   8.17188   8.21392
   8.24351   8.24776   8.22995   8.24134   8.19536   8.21023   8.16556   8.20710
   8.23915   8.24343   8.22560   8.23681   8.19083   8.20566   8.16118   8.20224
   8.24358   8.24782   8.22980   8.24094   8.19493   8.20903   8.16540   8.20608
   8.24887   8.25291   8.23495   8.24589   8.19987   8.21393   8.17052   8.21099
   8.25677   8.26070   8.24270   8.25372   8.20767   8.22161   8.17800   8.21853
   8.27192   8.27568   8.25765   8.26859   8.22254   8.23643   8.19235   8.23339
   8.28807   8.29170   8.27371   8.28460   8.23851   8.25239   8.20812   8.24926
   8.28595   8.28939   8.27164   8.28221   8.23621   8.25009   8.20763   8.24701
   8.30040   8.30365   8.28596   8.29637   8.25042   8.26444   8.22180   8.26132
   8.30440   8.30752   8.28997   8.30024   8.25433   8.26867   8.22578   8.26558
   8.31025   8.31339   8.29579   8.30603   8.26036   8.27459   8.23184   8.27150
   8.30879   8.31193   8.29435   8.30452   8.25887   8.27308   8.23060   8.27026
   8.30748   8.31065   8.29304   8.30334   8.25787   8.27165   8.22929   8.26930
   8.29936   8.30262   8.28476   8.29525   8.25009   8.26366   8.22150   8.26137
   8.29560   8.29886   8.28108   8.29177   8.24654   8.26017   8.21824   8.25792
   8.29123   8.29467   8.27690   8.28771   8.24257   8.25626   8.21438   8.25414
   8.28068   8.28430   8.26651   8.27748   8.23260   8.24620   8.20417   8.24401
   8.28181   8.28565   8.26789   8.27900   8.23427   8.24780   8.20819   8.24560
   8.27703   8.28083   8.26323   8.27493   8.22980   8.24334   8.20381   8.24102
   8.26814   8.27190   8.25435   8.26621   8.22121   8.23474   8.19518   8.23247
   8.26119   8.26487   8.24741   8.25938   8.21463   8.22796   8.18835   8.22565
   8.26371   8.26745   8.25007   8.26210   8.21739   8.23075   8.19164   8.22818
   8.25962   8.26342   8.24601   8.25821   8.21353   8.22693   8.18773   8.22414
   8.26487   8.26858   8.25111   8.26340   8.21895   8.23219   8.19269   8.22939
   8.27472   8.27847   8.26104   8.27354   8.22909   8.24156   8.20252   8.23913
   8.28217   8.28596   8.26848   8.28088   8.23663   8.24903   8.21046   8.24627
   8.28297   8.28678   8.26941   8.28155   8.23759   8.24982   8.21139   8.24702
   8.28634   8.29026   8.27291   8.28500   8.24110   8.25334   8.21439   8.25022
   8.29545   8.29936   8.28201   8.29397   8.25007   8.26227   8.22335   8.25889
   8.29785   8.30169   8.28440   8.29615   8.25244   8.26450   8.22586   8.26079
   8.29909   8.30290   8.28561   8.29724   8.25355   8.26548   8.22706   8.26165
   8.30410   8.30794   8.29062   8.30225   8.25853   8.27029   8.23178   8.26621
   8.30289   8.30654   8.28921   8.30052   8.25699   8.26859   8.23064   8.26441
   8.29838   8.30187   8.28471   8.29581   8.25234   8.26383   8.22603   8.25896
   8.28740   8.29075   8.27368   8.28447   8.24118   8.25259   8.21461   8.24769
   8.27934   8.28265   8.26566   8.27624   8.23314   8.24429   8.20649   8.23921
   8.27512   8.27838   8.26144   8.27176   8.22875   8.23980   8.20270   8.23451
   8.26441   8.26771   8.25043   8.26088   8.21799   8.22895   8.18979   8.22348
   8.24489   8.24822   8.23104   8.24122   8.19853   8.20936   8.17001   8.20366
   8.23748   8.24076   8.22351   8.23401   8.19104   8.20174   8.16239   8.19571
   8.22684   8.22997   8.21290   8.22301   8.18023   8.19079   8.15235   8.18469
   8.21816   8.22125   8.20423   8.21413   8.17148   8.18192   8.14343   8.17572
   8.21013   8.21336   8.19636   8.20598   8.16359   8.17384   8.13573   8.16779
   8.20388   8.20716   8.19023   8.19956   8.15742   8.16747   8.12971   8.16152
   8.20040   8.20379   8.18691   8.19616   8.15417   8.16402   8.12645   8.15805
   8.19331   8.19673   8.17976   8.18901   8.14719   8.15691   8.11903   8.15110
   8.19957   8.20244   8.18565   8.19491   8.15318   8.16285   8.12522   8.15708
   8.19509   8.19802   8.18110   8.19052   8.14898   8.15849   8.11916   8.15285
   8.18686   8.18977   8.17295   8.18241   8.14104   8.15049   8.11142   8.14493
   8.18037   8.18334   8.16665   8.17636   8.13502   8.14443   8.10548   8.13897
   8.17897   8.18219   8.16548   8.17521   8.13409   8.14353   8.10461   8.13828
   8.16298   8.16632   8.14972   8.15957   8.11845   8.12794   8.08962   8.12315
   8.15375   8.15718   8.14069   8.15074   8.10986   8.11926   8.08124   8.11482
   8.13685   8.14056   8.12410   8.13431   8.09379   8.10315   8.06487   8.09920
   8.12664   8.13061   8.11414   8.12467   8.08447   8.09373   8.05573   8.09011
   8.10927   8.11331   8.09692   8.10769   8.06784   8.07704   8.03935   8.07388
   8.08873   8.09291   8.07650   8.08767   8.04824   8.05739   8.01970   8.05470
   8.07932   8.08375   8.06737   8.07898   8.03965   8.04891   8.01011   8.04683
   8.07057   8.07514   8.05874   8.07067   8.03172   8.04107   8.00221   8.03944
   8.05886   8.06346   8.04706   8.05943   8.02081   8.03013   7.99173   8.02918
   8.05510   8.05978   8.04340   8.05628   8.01822   8.02748   7.98911   8.02714
   8.05771   8.06244   8.04609   8.05956   8.02191   8.03108   7.99299   8.03131
   8.06283   8.06772   8.05139   8.06543   8.02810   8.03728   7.99953   8.03806
   8.07686   8.08180   8.06539   8.08015   8.04311   8.05229   8.01456   8.05360
   8.08466   8.08972   8.07337   8.08872   8.05207   8.06133   8.02345   8.06309
   8.09952   8.10449   8.08828   8.10413   8.06785   8.07714   8.03967   8.07959
   8.10852   8.11313   8.09698   8.11350   8.07757   8.08690   8.04960   8.08985
   8.12235   8.12699   8.11084   8.12821   8.09261   8.10177   8.06472   8.10538
   8.13936   8.14397   8.12784   8.14605   8.11076   8.11986   8.08284   8.12400
   8.16601   8.17064   8.15458   8.17353   8.13841   8.14748   8.11067   8.15192
   8.18094   8.18574   8.16953   8.18928   8.15440   8.16340   8.12682   8.16810
   8.18591   8.19080   8.17450   8.19508   8.16045   8.16944   8.13279   8.17441
   8.19591   8.20078   8.18448   8.20575   8.17141   8.18025   8.14366   8.18555
   8.19976   8.20470   8.18845   8.21032   8.17625   8.18501   8.14881   8.19014
   8.20867   8.21350   8.19729   8.21971   8.18610   8.19456   8.15867   8.19972
   8.20578   8.21071   8.19458   8.21746   8.18425   8.19244   8.15673   8.19726
   8.21316   8.21774   8.20169   8.22501   8.19185   8.20002   8.16442   8.20457
   8.21840   8.22291   8.20680   8.23057   8.19749   8.20552   8.17041   8.20967
   8.22705   8.23150   8.21524   8.23934   8.20643   8.21423   8.17906   8.21805
   8.22445   8.22896   8.21263   8.23693   8.20420   8.21185   8.17651   8.21498
   8.22588   8.23047   8.21415   8.23846   8.20583   8.21333   8.17822   8.21584
   8.23949   8.24408   8.22779   8.25204   8.21942   8.22710   8.19186   8.22841
   8.25127   8.25592   8.23953   8.26362   8.23106   8.23854   8.20313   8.23920
   8.26278   8.26740   8.25095   8.27471   8.24233   8.24955   8.21396   8.24922
   8.26831   8.27259   8.25615   8.27947   8.24706   8.25405   8.21908   8.25317
   8.27943   8.28367   8.26716   8.29012   8.25770   8.26447   8.22955   8.26274
   8.28899   8.29298   8.27648   8.29889   8.26648   8.27303   8.23821   8.27071
   8.29348   8.29743   8.28099   8.30277   8.27034   8.27665   8.24229   8.27379
   8.29488   8.29869   8.28220   8.30331   8.27079   8.27708   8.24304   8.27372
   8.30087   8.30471   8.28813   8.30869   8.27614   8.28234   8.24797   8.27848
   8.30689   8.31058   8.29385   8.31395   8.28136   8.28739   8.25364   8.28336
   8.29500   8.29858   8.28192   8.30141   8.26886   8.27509   8.24115   8.27060
   8.29151   8.29493   8.27863   8.29722   8.26464   8.27084   8.23678   8.26624
   8.28034   8.28359   8.26727   8.28554   8.25317   8.25918   8.22508   8.25492
   8.26886   8.27193   8.25565   8.27356   8.24133   8.24715   8.21366   8.24318
   8.26132   8.26415   8.24784   8.26575   8.23357   8.23933   8.20604   8.23553
   8.25418   8.25695   8.24069   8.25867   8.22658   8.23232   8.19919   8.22902
   8.24754   8.25058   8.23352   8.25222   8.22032   8.22593   8.19268   8.22339
   8.23377   8.23678   8.21963   8.23861   8.20697   8.21251   8.17953   8.21052
   8.22723   8.23015   8.21308   8.23261   8.20107   8.20658   8.17379   8.20522
   8.21627   8.21939   8.20217   8.22235   8.19120   8.19669   8.16391   8.19585
   8.21263   8.21572   8.19847   8.21940   8.18858   8.19419   8.16095   8.19391
   8.19490   8.19801   8.18081   8.20251   8.17220   8.17765   8.14467   8.17782
   8.18535   8.18849   8.17120   8.19375   8.16392   8.16929   8.13669   8.17013
   8.17708   8.18031   8.16293   8.18645   8.15695   8.16194   8.12939   8.16357
   8.17092   8.17419   8.15676   8.18128   8.15209   8.15709   8.12493   8.15920
   8.16922   8.17251   8.15492   8.18051   8.15169   8.15668   8.12527   8.15909
   8.16742   8.17090   8.15298   8.17977   8.15125   8.15629   8.12487   8.15895
   8.16447   8.16782   8.15007   8.17775   8.14962   8.15471   8.12279   8.15740
   8.16093   8.16406   8.14643   8.17489   8.14719   8.15216   8.12056   8.15498
   8.16459   8.16774   8.15010   8.17925   8.15200   8.15694   8.12563   8.15948
   8.17262   8.17596   8.15821   8.18798   8.16102   8.16593   8.13465   8.16818
   8.18448   8.18772   8.16997   8.20027   8.17362   8.17847   8.14706   8.18042
   8.20791   8.21110   8.19340   8.22394   8.19750   8.20237   8.17148   8.20380
   8.23279   8.23591   8.21819   8.24894   8.22275   8.22758   8.19683   8.22832
   8.25028   8.25336   8.23558   8.26625   8.24030   8.24500   8.21440   8.24506
   8.26533   8.26788   8.25066   8.28120   8.25536   8.25991   8.22964   8.25918
   8.28790   8.29038   8.27318   8.30340   8.27765   8.28212   8.25235   8.28037
   8.31142   8.31448   8.29661   8.32627   8.30064   8.30499   8.27546   8.30220
   8.33740   8.34044   8.32272   8.35156   8.32583   8.33013   8.30056   8.32623
   8.35955   8.36260   8.34504   8.37297   8.34718   8.35127   8.32187   8.34627
   8.37885   8.38197   8.36447   8.39133   8.36542   8.36943   8.34067   8.36302
   8.40227   8.40545   8.38762   8.41365   8.38771   8.39141   8.36299   8.38404
   8.41396   8.41727   8.39937   8.42400   8.39796   8.40141   8.37317   8.39290
   8.42183   8.42512   8.40734   8.43053   8.40426   8.40755   8.37963   8.39811
   8.43605   8.43948   8.42167   8.44355   8.41702   8.42020   8.39270   8.40954
   8.43080   8.43474   8.41672   8.43699   8.41041   8.41335   8.38608   8.40185
   8.42442   8.42852   8.41066   8.42926   8.40253   8.40538   8.37801   8.39318
   8.42411   8.42816   8.41042   8.42765   8.40071   8.40329   8.37640   8.39046
   8.41973   8.42372   8.40605   8.42183   8.39493   8.39728   8.37062   8.38385
   8.41361   8.41758   8.39998   8.41443   8.38741   8.38967   8.36279   8.37588
   8.40713   8.41115   8.39349   8.40674   8.37960   8.38178   8.35504   8.36750
   8.40026   8.40451   8.38656   8.39875   8.37161   8.37358   8.34754   8.35907
   8.39311   8.39741   8.37946   8.39091   8.36372   8.36561   8.33974   8.35089
   8.38337   8.38759   8.36968   8.38042   8.35313   8.35496   8.32920   8.34001
   8.37293   8.37714   8.35916   8.36936   8.34205   8.34376   8.31840   8.32863
   8.37726   8.38085   8.36342   8.37315   8.34578   8.34740   8.32237   8.33206
   8.37675   8.38055   8.36293   8.37242   8.34511   8.34663   8.32132   8.33109
   8.37095   8.37469   8.35708   8.36617   8.33897   8.34045   8.31515   8.32463
   8.36380   8.36747   8.34994   8.35874   8.33164   8.33301   8.30785   8.31701
   8.35422   8.35788   8.34031   8.34898   8.32205   8.32332   8.29856   8.30695
   8.34332   8.34719   8.32953   8.33802   8.31144   8.31250   8.28766   8.29572
   8.33003   8.33387   8.31635   8.32455   8.29801   8.29902   8.27448   8.28173
   8.32202   8.32590   8.30841   8.31645   8.29003   8.29089   8.26696   8.27318
   8.30865   8.31264   8.29509   8.30306   8.27676   8.27754   8.25392   8.25924
   8.30381   8.30787   8.29016   8.29801   8.27180   8.27255   8.24899   8.25369
   8.29157   8.29517   8.27792   8.28547   8.25948   8.25998   8.23693   8.24074
   8.28305   8.28666   8.26938   8.27669   8.25096   8.25103   8.22842   8.23131
   8.27099   8.27449   8.25718   8.26406   8.23854   8.23853   8.21604   8.21793
   8.26115   8.26470   8.24712   8.25353   8.22822   8.22808   8.20563   8.20697
   8.26168   8.26525   8.24759   8.25335   8.22825   8.22799   8.20574   8.20599
   8.25663   8.26020   8.24244   8.24765   8.22266   8.22222   8.20039   8.19959
   8.25280   8.25638   8.23859   8.24317   8.21827   8.21770   8.19556   8.19424
   8.25733   8.26073   8.24308   8.24697   8.22205   8.22132   8.19957   8.19725
   8.26182   8.26507   8.24739   8.25067   8.22561   8.22474   8.20348   8.20003
   8.25930   8.26268   8.24486   8.24746   8.22246   8.22135   8.20019   8.19613
   8.25509   8.25855   8.24058   8.24246   8.21743   8.21624   8.19519   8.19041
   8.25434   8.25770   8.23958   8.24070   8.21573   8.21443   8.19335   8.18803
   8.25950   8.26287   8.24445   8.24502   8.22005   8.21856   8.19752   8.19159
   8.26216   8.26529   8.24695   8.24657   8.22168   8.22007   8.19943   8.19264
   8.25004   8.25308   8.23462   8.23345   8.20875   8.20693   8.18642   8.17915
   8.24455   8.24758   8.22889   8.22704   8.20234   8.20038   8.18065   8.17215
   8.25459   8.25778   8.23870   8.23633   8.21162   8.20910   8.18982   8.18083
   8.24040   8.24343   8.22429   8.22122   8.19676   8.19410   8.17492   8.16542
   8.23526   8.23822   8.21898   8.21534   8.19094   8.18811   8.16918   8.16033
   8.23215   8.23501   8.21566   8.21163   8.18713   8.18419   8.16586   8.15610
   8.22779   8.23075   8.21130   8.20687   8.18245   8.17935   8.16109   8.15011
   8.21995   8.22285   8.20340   8.19848   8.17422   8.17100   8.15282   8.14149
   8.20961   8.21230   8.19290   8.18755   8.16334   8.15999   8.14223   8.13018
   8.20089   8.20364   8.18366   8.17838   8.15417   8.15082   8.13359   8.12057
   8.19681   8.19942   8.17945   8.17378   8.14987   8.14626   8.12936   8.11567
   8.19277   8.19526   8.17534   8.16930   8.14559   8.14171   8.12501   8.11063
   8.16549   8.16783   8.14792   8.14208   8.11807   8.11358   8.09776   8.08288
   8.15598   8.15790   8.13806   8.13196   8.10809   8.10351   8.08772   8.07242
   8.13795   8.13972   8.12010   8.11377   8.08991   8.08524   8.06959   8.05460
   8.12807   8.12961   8.11022   8.10352   8.07958   8.07501   8.05955   8.04417
   8.11936   8.12091   8.10155   8.09459   8.07075   8.06613   8.05089   8.03514
   8.09694   8.09861   8.07920   8.07210   8.04846   8.04368   8.02880   8.01266
   8.07299   8.07464   8.05538   8.04800   8.02451   8.01962   8.00465   7.98876
   8.06051   8.06211   8.04282   8.03529   8.01188   8.00688   7.99217   7.97605
   8.04230   8.04381   8.02448   8.01700   7.99373   7.98865   7.97419   7.95804
   8.03257   8.03405   8.01480   8.00731   7.98406   7.97894   7.96448   7.94873
   8.02098   8.02241   8.00328   7.99576   7.97257   7.96750   7.95470   7.93766
   8.00778   8.00924   7.99015   7.98284   7.95983   7.95469   7.94227   7.92537
   8.00092   8.00235   7.98332   7.97647   7.95356   7.94839   7.93590   7.91970
   7.98990   7.99126   7.97245   7.96599   7.94313   7.93815   7.92518   7.90998
   7.98965   7.99071   7.97201   7.96620   7.94348   7.93857   7.92565   7.91094
   7.99848   7.99943   7.98082   7.97575   7.95324   7.94834   7.93555   7.92125
   7.99312   7.99392   7.97534   7.97114   7.94881   7.94414   7.93141   7.91741
   7.98675   7.98748   7.96901   7.96598   7.94376   7.93898   7.92599   7.91289
   7.99609   7.99660   7.97831   7.97623   7.95439   7.94948   7.93673   7.92363
   7.99631   7.99679   7.97860   7.97761   7.95609   7.95103   7.93863   7.92549
   7.99740   7.99839   7.98047   7.98031   7.95908   7.95415   7.93540   7.92829
   7.99997   8.00083   7.98319   7.98396   7.96310   7.95820   7.93947   7.93253
   8.00582   8.00658   7.98921   7.99089   7.97034   7.96540   7.94698   7.93970
   8.00070   8.00133   7.98406   7.98666   7.96648   7.96146   7.94336   7.93540
   8.00163   8.00226   7.98508   7.98844   7.96877   7.96361   7.94543   7.93711
   7.99795   7.99846   7.98157   7.98551   7.96628   7.96083   7.94279   7.93408
   8.01202   8.01245   7.99564   8.00011   7.98102   7.97562   7.95805   7.94805
   8.02507   8.02552   8.00866   8.01349   7.99467   7.98907   7.97195   7.96096
   8.02696   8.02739   8.01076   8.01549   7.99707   7.99122   7.97425   7.96254
   8.03421   8.03474   8.01823   8.02288   8.00463   7.99851   7.98205   7.96953
   8.03878   8.03997   8.02293   8.02806   8.00985   8.00340   7.98760   7.97396
   8.04834   8.04973   8.03260   8.03738   8.01948   8.01263   7.99725   7.98270
   8.04747   8.04909   8.03202   8.03632   8.01846   8.01142   7.99611   7.98109
   8.05445   8.05628   8.03910   8.04299   8.02516   8.01776   8.00293   7.98726
   8.05172   8.05375   8.03631   8.03961   8.02207   8.01442   7.99998   7.98342
   8.04899   8.05104   8.03357   8.03625   8.01877   8.01094   7.99656   7.97967
   8.04941   8.05143   8.03390   8.03588   8.01848   8.01043   7.99594   7.97925
   8.04925   8.05135   8.03360   8.03499   8.01762   8.00941   7.99584   7.97827
   8.05530   8.05747   8.03972   8.04043   8.02313   8.01476   8.00135   7.98364
   8.05539   8.05758   8.03969   8.03982   8.02248   8.01404   8.00050   7.98307
   8.05743   8.05956   8.04133   8.04113   8.02373   8.01524   8.00280   7.98480
   8.06081   8.06277   8.04452   8.04386   8.02645   8.01804   8.00600   7.98787
   8.05843   8.06033   8.04206   8.04114   8.02374   8.01531   8.00317   7.98549
   8.06739   8.06912   8.05083   8.04962   8.03224   8.02441   8.01209   7.99448
   8.06512   8.06688   8.04853   8.04725   8.02984   8.02214   8.00992   7.99283
   8.06691   8.06866   8.05019   8.04892   8.03148   8.02408   8.01188   7.99524
   8.07484   8.07637   8.05789   8.05680   8.03954   8.03212   8.01983   8.00401
   8.07651   8.07789   8.05948   8.05854   8.04132   8.03410   8.02178   8.00671
   8.06124   8.06266   8.04439   8.04382   8.02676   8.01965   8.00741   7.99319
   8.05550   8.05692   8.03868   8.03866   8.02172   8.01476   8.00250   7.98938
   8.04942   8.05080   8.03280   8.03318   8.01644   8.00977   7.99741   7.98548
   8.03418   8.03554   8.01779   8.01884   8.00225   7.99611   7.98344   7.97276
   8.02750   8.02860   8.01101   8.01295   7.99646   7.99072   7.97809   7.96860
   8.01023   8.01108   7.99377   7.99653   7.98052   7.97471   7.96236   7.95392
   8.00212   8.00278   7.98591   7.98955   7.97396   7.96848   7.95587   7.94814
   7.99382   7.99420   7.97778   7.98258   7.96724   7.96208   7.94991   7.94295
   7.98419   7.98431   7.96835   7.97448   7.95945   7.95448   7.94239   7.93659
   7.97407   7.97419   7.95872   7.96607   7.95151   7.94678   7.93454   7.93021
   7.97435   7.97438   7.95932   7.96799   7.95383   7.94946   7.93741   7.93407
   7.97197   7.97183   7.95734   7.96747   7.95362   7.94957   7.93771   7.93518
   7.97351   7.97325   7.95932   7.97089   7.95757   7.95332   7.94175   7.94024
   7.98881   7.98839   7.97508   7.98807   7.97523   7.97125   7.95947   7.95910
   8.00773   8.00711   7.99448   8.00907   7.99676   7.99306   7.98150   7.98156
   8.02869   8.02803   8.01590   8.03216   8.02031   8.01682   8.00533   8.00597
   8.05393   8.05330   8.04160   8.05948   8.04812   8.04485   8.03321   8.03451
   8.07610   8.07529   8.06420   8.08367   8.07275   8.06937   8.05787   8.05997
   8.08750   8.08670   8.07603   8.09709   8.08659   8.08325   8.07238   8.07442
   8.10467   8.10396   8.09377   8.11629   8.10630   8.10300   8.09201   8.09464
   8.12508   8.12439   8.11477   8.13866   8.12918   8.12583   8.11526   8.11767
   8.14164   8.14103   8.13194   8.15716   8.14808   8.14478   8.13427   8.13672
   8.16023   8.15971   8.15079   8.17753   8.16882   8.16557   8.15557   8.15752
   8.16901   8.16861   8.16015   8.18794   8.17958   8.17644   8.16680   8.16821
   8.17465   8.17419   8.16618   8.19477   8.18629   8.18371   8.17388   8.17518
   8.18439   8.18411   8.17638   8.20578   8.19749   8.19496   8.18518   8.18641
   8.18544   8.18537   8.17781   8.20796   8.20003   8.19754   8.18802   8.18852
   8.19240   8.19250   8.18512   8.21590   8.20829   8.20555   8.19646   8.19653
   8.20059   8.20085   8.19381   8.22481   8.21742   8.21476   8.20562   8.20543
   8.21423   8.21463   8.20767   8.23901   8.23186   8.22903   8.22038   8.21944
   8.22460   8.22519   8.21831   8.24984   8.24290   8.23997   8.23158   8.23012
   8.24652   8.24727   8.24052   8.27222   8.26552   8.26240   8.25390   8.25234
   8.25290   8.25383   8.24743   8.27887   8.27232   8.26921   8.26082   8.25903
   8.26041   8.26142   8.25503   8.28652   8.28006   8.27687   8.26893   8.26688
   8.26945   8.27051   8.26409   8.29564   8.28930   8.28612   8.27836   8.27618
   8.26990   8.27083   8.26453   8.29600   8.28971   8.28661   8.27865   8.27675
   8.27129   8.27226   8.26610   8.29760   8.29108   8.28823   8.28044   8.27863
   8.26550   8.26643   8.26045   8.29198   8.28542   8.28274   8.27551   8.27340
   8.25621   8.25706   8.25119   8.28266   8.27621   8.27370   8.26618   8.26472
   8.24492   8.24569   8.23992   8.27134   8.26493   8.26274   8.25487   8.25416
   8.23235   8.23310   8.22747   8.25911   8.25274   8.25073   8.24299   8.24266
   8.20506   8.20575   8.20018   8.23220   8.22589   8.22410   8.21670   8.21643
   8.19818   8.19860   8.19340   8.22571   8.21956   8.21804   8.21038   8.21073
   8.18840   8.18846   8.18365   8.21646   8.21043   8.20911   8.20127   8.20208
   8.17412   8.17398   8.16948   8.20290   8.19708   8.19593   8.18812   8.18915
   8.15497   8.15463   8.15046   8.18450   8.17893   8.17794   8.16998   8.17116
   8.13826   8.13774   8.13397   8.16859   8.16329   8.16283   8.15437   8.15575
   8.12527   8.12478   8.12129   8.15657   8.15150   8.15128   8.14290   8.14410
   8.12955   8.12908   8.12597   8.16196   8.15723   8.15711   8.14871   8.14956
   8.13407   8.13358   8.13090   8.16745   8.16312   8.16299   8.15461   8.15491
   8.13860   8.13819   8.13583   8.17301   8.16908   8.16893   8.16041   8.16017
   8.14321   8.14298   8.14083   8.17869   8.17497   8.17486   8.16654   8.16525
   8.14782   8.14800   8.14595   8.18437   8.18091   8.18066   8.17260   8.17007
   8.15268   8.15302   8.15132   8.18996   8.18681   8.18638   8.17868   8.17454
