   8.23312   8.22830   8.21397   8.19480   8.15662   8.17041   8.15527   8.14201
   8.23185   8.22708   8.21247   8.19374   8.15536   8.16945   8.15405   8.14242
   8.23031   8.22558   8.21088   8.19245   8.15451   8.16877   8.15271   8.14308
   8.22900   8.22414   8.20953   8.19173   8.15387   8.16845   8.15170   8.14440
   8.22694   8.22194   8.20745   8.19052   8.15281   8.16767   8.15095   8.14514
   8.22640   8.22128   8.20694   8.19110   8.15333   8.16856   8.15140   8.14747
   8.22458   8.21943   8.20535   8.19041   8.15292   8.16860   8.15075   8.14901
   8.22353   8.21830   8.20439   8.19064   8.15324   8.16917   8.15132   8.15115
   8.22322   8.21793   8.20442   8.19189   8.15459   8.17094   8.15248   8.15425
   8.22201   8.21660   8.20355   8.19226   8.15501   8.17181   8.15274   8.15648
   8.21958   8.21428   8.20143   8.19159   8.15444   8.17172   8.15211   8.15770
   8.21839   8.21301   8.20057   8.19212   8.15507   8.17269   8.15282   8.15981
   8.21674   8.21126   8.19938   8.19261   8.15538   8.17326   8.15309   8.16161
   8.21649   8.21095   8.19958   8.19409   8.15696   8.17533   8.15436   8.16454
   8.21550   8.21009   8.19908   8.19487   8.15790   8.17658   8.15520   8.16690
   8.21477   8.20934   8.19864   8.19586   8.15888   8.17779   8.15660   8.16914
   8.21382   8.20850   8.19821   8.19658   8.15968   8.17881   8.15717   8.17108
   8.21345   8.20826   8.19829   8.19791   8.16103   8.18031   8.15844   8.17345
   8.21287   8.20779   8.19835   8.19889   8.16216   8.18154   8.15972   8.17560
   8.21239   8.20734   8.19832   8.19985   8.16318   8.18289   8.16090   8.17753
   8.21271   8.20778   8.19900   8.20147   8.16481   8.18479   8.16220   8.17999
   8.21358   8.20867   8.20030   8.20346   8.16686   8.18710   8.16420   8.18284
   8.21412   8.20939   8.20125   8.20520   8.16859   8.18904   8.16593   8.18528
   8.21450   8.20991   8.20191   8.20661   8.17004   8.19079   8.16729   8.18733
   8.21542   8.21087   8.20306   8.20850   8.17186   8.19278   8.16878   8.18975
   8.22504   8.22052   8.21283   8.21875   8.18213   8.20339   8.17902   8.20074
   8.22942   8.22499   8.21743   8.22392   8.18724   8.20869   8.18419   8.20624
   8.23085   8.22660   8.21930   8.22616   8.18952   8.21101   8.18616   8.20880
   8.22966   8.22547   8.21838   8.22569   8.18890   8.21047   8.18518   8.20841
   8.23269   8.22857   8.22163   8.22933   8.19238   8.21418   8.18855   8.21249
   8.23205   8.22796   8.22113   8.22920   8.19216   8.21399   8.18863   8.21249
   8.23077   8.22677   8.22013   8.22843   8.19137   8.21321   8.18758   8.21191
   8.22932   8.22541   8.21959   8.22730   8.19019   8.21218   8.18606   8.21073
   8.22955   8.22580   8.22002   8.22797   8.19079   8.21297   8.18695   8.21163
   8.22946   8.22577   8.21997   8.22810   8.19085   8.21303   8.18720   8.21163
   8.22886   8.22527   8.21956   8.22779   8.19032   8.21272   8.18612   8.21103
   8.22966   8.22624   8.22039   8.22861   8.19112   8.21347   8.18670   8.21174
   8.22880   8.22551   8.21960   8.22797   8.19037   8.21261   8.18600   8.21094
   8.22646   8.22324   8.21734   8.22584   8.18786   8.21015   8.18348   8.20816
   8.22675   8.22377   8.21773   8.22623   8.18807   8.21043   8.18333   8.20842
   8.22918   8.22629   8.22020   8.22848   8.19019   8.21248   8.18543   8.21030
   8.22923   8.22650   8.22029   8.22847   8.19004   8.21220   8.18497   8.20978
   8.22942   8.22679   8.22136   8.22855   8.18996   8.21198   8.18444   8.20930
   8.22675   8.22430   8.21867   8.22558   8.18677   8.20878   8.18098   8.20590
   8.22739   8.22509   8.21914   8.22587   8.18666   8.20884   8.18136   8.20581
   8.22538   8.22333   8.21708   8.22349   8.18410   8.20627   8.17860   8.20306
   8.22408   8.22214   8.21564   8.22189   8.18219   8.20423   8.17641   8.20093
   8.22233   8.22061   8.21390   8.22027   8.17974   8.20169   8.17395   8.19825
   8.22110   8.21939   8.21249   8.21843   8.17775   8.19962   8.17202   8.19612
   8.22207   8.22045   8.21315   8.21894   8.17851   8.19981   8.17220   8.19657
   8.22010   8.21865   8.21100   8.21658   8.17590   8.19726   8.16939   8.19396
   8.21985   8.21848   8.21059   8.21584   8.17480   8.19624   8.16802   8.19312
   8.22032   8.21918   8.21111   8.21604   8.17498   8.19634   8.16823   8.19363
   8.22174   8.22042   8.21220   8.21706   8.17584   8.19721   8.16897   8.19465
   8.22128   8.21992   8.21149   8.21616   8.17491   8.19634   8.16774   8.19423
   8.22284   8.22144   8.21265   8.21736   8.17596   8.19748   8.16883   8.19591
   8.22457   8.22300   8.21405   8.21898   8.17740   8.19906   8.17050   8.19808
   8.22616   8.22424   8.21522   8.22027   8.17860   8.20042   8.17158   8.20004
   8.22989   8.22772   8.21847   8.22394   8.18218   8.20435   8.17510   8.20475
   8.23055   8.22801   8.21879   8.22471   8.18278   8.20529   8.17576   8.20627
   8.23397   8.23142   8.22211   8.22863   8.18660   8.20936   8.17944   8.21109
   8.23779   8.23497   8.22572   8.23275   8.19074   8.21384   8.18315   8.21629
   8.23970   8.23709   8.22826   8.23559   8.19374   8.21710   8.18601   8.22043
   8.24209   8.23936   8.23064   8.23879   8.19689   8.22054   8.18971   8.22466
   8.24447   8.24167   8.23322   8.24217   8.20023   8.22431   8.19260   8.22905
   8.24298   8.24009   8.23173   8.24159   8.19968   8.22416   8.19203   8.22951
   8.24311   8.24011   8.23205   8.24270   8.20101   8.22578   8.19336   8.23182
   8.24460   8.24200   8.23371   8.24536   8.20360   8.22882   8.19613   8.23536
   8.24588   8.24321   8.23529   8.24787   8.20605   8.23173   8.19835   8.23872
   8.24594   8.24344   8.23580   8.24925   8.20753   8.23363   8.19983   8.24088
   8.24524   8.24298   8.23567   8.25008   8.20835   8.23495   8.20052   8.24251
   8.24438   8.24216   8.23532   8.25054   8.20889   8.23581   8.20125   8.24367
   8.24455   8.24251   8.23598   8.25210   8.21054   8.23763   8.20228   8.24573
   8.24548   8.24344   8.23744   8.25429   8.21293   8.24013   8.20419   8.24847
   8.24545   8.24347   8.23773   8.25553   8.21424   8.24163   8.20528   8.25009
   8.24810   8.24630   8.24076   8.25966   8.21817   8.24581   8.20893   8.25430
   8.25124   8.24955   8.24431   8.26394   8.22251   8.25031   8.21290   8.25888
   8.25330   8.25173   8.24682   8.26721   8.22587   8.25378   8.21614   8.26252
   8.25625   8.25472   8.25004   8.27121   8.22981   8.25777   8.21983   8.26660
   8.25696   8.25559   8.25109   8.27281   8.23123   8.25960   8.22099   8.26836
   8.25989   8.25867   8.25430   8.27659   8.23478   8.26348   8.22407   8.27215
   8.25984   8.25891   8.25461   8.27741   8.23560   8.26443   8.22479   8.27322
   8.26042   8.25958   8.25548   8.27880   8.23691   8.26587   8.22588   8.27445
   8.26036   8.25968   8.25581   8.27938   8.23768   8.26609   8.22620   8.27522
   8.26245   8.26193   8.25803   8.28207   8.24041   8.26891   8.22893   8.27799
   8.26134   8.26086   8.25710   8.28164   8.23991   8.26850   8.22839   8.27753
   8.26208   8.26161   8.25799   8.28297   8.24055   8.26989   8.22952   8.27879
   8.26183   8.26121   8.25801   8.28328   8.24147   8.27033   8.22943   8.27910
   8.25989   8.25931   8.25619   8.28186   8.23985   8.26886   8.22787   8.27749
   8.26047   8.25995   8.25702   8.28296   8.24090   8.27000   8.22880   8.27852
   8.26009   8.25957   8.25671   8.28290   8.24089   8.27013   8.22848   8.27848
   8.25751   8.25707   8.25424   8.28062   8.23878   8.26795   8.22584   8.27594
   8.25756   8.25709   8.25427   8.28086   8.23917   8.26834   8.22671   8.27615
   8.25630   8.25598   8.25319   8.28072   8.23829   8.26744   8.22542   8.27495
   8.25500   8.25481   8.25194   8.27965   8.23711   8.26637   8.22369   8.27352
   8.25674   8.25664   8.25374   8.28152   8.23900   8.26823   8.22507   8.27498
   8.25619   8.25608   8.25331   8.28112   8.23867   8.26778   8.22481   8.27431
   8.25632   8.25669   8.25394   8.28180   8.23893   8.26821   8.22541   8.27444
   8.25549   8.25585   8.25312   8.28086   8.23812   8.26730   8.22407   8.27318
   8.25720   8.25778   8.25527   8.28269   8.23978   8.26893   8.22531   8.27464
   8.25820   8.25885   8.25615   8.28354   8.24051   8.26966   8.22596   8.27512
   8.25975   8.26062   8.25779   8.28508   8.24184   8.27106   8.22690   8.27604
   8.26127   8.26218   8.25925   8.28645   8.24308   8.27239   8.22791   8.27701
   8.26391   8.26480   8.26167   8.28885   8.24557   8.27457   8.23019   8.27758
   8.26603   8.26695   8.26359   8.29057   8.24742   8.27640   8.23178   8.27892
   8.26719   8.26818   8.26469   8.29166   8.24821   8.27726   8.23218   8.27981
   8.26654   8.26755   8.26399   8.29068   8.24723   8.27627   8.23091   8.27838
   8.26669   8.26777   8.26412   8.29049   8.24707   8.27599   8.23077   8.27761
   8.26884   8.27009   8.26635   8.29246   8.24902   8.27778   8.23236   8.27880
   8.26836   8.26955   8.26597   8.29169   8.24803   8.27640   8.23088   8.27689
   8.26896   8.27016   8.26652   8.29200   8.24820   8.27643   8.23101   8.27588
   8.26881   8.26995   8.26625   8.29137   8.24755   8.27546   8.23058   8.27383
   8.26852   8.26963   8.26593   8.29046   8.24665   8.27421   8.22922   8.27140
   8.26614   8.26738   8.26352   8.28745   8.24357   8.27080   8.22608   8.26651
   8.26360   8.26492   8.26081   8.28416   8.24023   8.26685   8.22248   8.26105
   8.26087   8.26215   8.25783   8.28047   8.23633   8.26243   8.21839   8.25313
   8.25787   8.25919   8.25468   8.27633   8.23205   8.25758   8.21316   8.24633
   8.25559   8.25704   8.25231   8.27283   8.22833   8.25311   8.20888   8.23977
   8.25194   8.25403   8.24897   8.26822   8.22331   8.24748   8.20387   8.23208
   8.24541   8.24771   8.24218   8.25998   8.21450   8.23798   8.19490   8.22057
   8.23989   8.24251   8.23653   8.25243   8.20664   8.22922   8.18634   8.20943
   8.23780   8.24050   8.23382   8.24798   8.20187   8.22345   8.18127   8.20153
   8.23437   8.23730   8.22971   8.24205   8.19556   8.21591   8.17454   8.19203
   8.23131   8.23456   8.22599   8.23636   8.18941   8.20864   8.16758   8.18251
   8.22704   8.23049   8.22099   8.22905   8.18172   8.19992   8.15919   8.17156
   8.22292   8.22654   8.21583   8.22174   8.17410   8.19115   8.15098   8.16114
   8.22045   8.22426   8.21237   8.21595   8.16764   8.18321   8.14420   8.15194
   8.21569   8.21982   8.20664   8.20792   8.15912   8.17374   8.13510   8.14082
   8.21353   8.21781   8.20335   8.20249   8.15289   8.16666   8.12831   8.13231
   8.20700   8.21136   8.19554   8.19250   8.14260   8.15532   8.11759   8.11998
   8.20482   8.20917   8.19215   8.18693   8.13635   8.14840   8.11092   8.11203
   8.20370   8.20821   8.18973   8.18255   8.13126   8.14282   8.10529   8.10558
   8.20159   8.20608   8.18632   8.17732   8.12531   8.13702   8.09910   8.09858
   8.19795   8.20242   8.18152   8.17083   8.11833   8.12960   8.09170   8.09086
   8.19468   8.19895   8.17691   8.16480   8.11178   8.12267   8.08479   8.08385
   8.19129   8.19526   8.17225   8.15883   8.10576   8.11606   8.07795   8.07741
   8.19122   8.19492   8.17098   8.15644   8.10301   8.11307   8.07533   8.07461
   8.18851   8.19191   8.16725   8.15178   8.09801   8.10804   8.07035   8.07013
   8.18490   8.18791   8.16256   8.14654   8.09237   8.10256   8.06440   8.06514
   8.18382   8.18651   8.16060   8.14421   8.08888   8.10001   8.06155   8.06332
   8.18255   8.18470   8.15859   8.14182   8.08637   8.09760   8.05922   8.06187
   8.18189   8.18373   8.15734   8.14078   8.08492   8.09639   8.05752   8.06166
   8.18062   8.18190   8.15542   8.13901   8.08302   8.09454   8.05553   8.06132
   8.18299   8.18371   8.15728   8.14107   8.08522   8.09706   8.05767   8.06500
   8.18443   8.18460   8.15837   8.14263   8.08683   8.09912   8.05953   8.06847
   8.18775   8.18753   8.16160   8.14642   8.09062   8.10343   8.06295   8.07406
   8.19033   8.19030   8.16488   8.15041   8.09470   8.10815   8.06694   8.08004
   8.19388   8.19356   8.16844   8.15511   8.09951   8.11345   8.07224   8.08677
   8.19811   8.19754   8.17291   8.16076   8.10526   8.11981   8.07803   8.09476
   8.20308   8.20231   8.17829   8.16732   8.11199   8.12720   8.08426   8.10362
   8.20854   8.20800   8.18400   8.17430   8.11936   8.13520   8.09196   8.11326
   8.21266   8.21202   8.18860   8.18044   8.12561   8.14213   8.09870   8.12188
   8.21681   8.21597   8.19333   8.18671   8.13221   8.14940   8.10563   8.13094
   8.22257   8.22158   8.19986   8.19481   8.14061   8.15844   8.11412   8.14154
   8.22879   8.22765   8.20673   8.20345   8.14961   8.16821   8.12329   8.15289
   8.23428   8.23307   8.21296   8.21144   8.15800   8.17722   8.13212   8.16349
   8.24125   8.23990   8.22074   8.22097   8.16788   8.18786   8.14200   8.17558
   8.24713   8.24569   8.22750   8.22965   8.17688   8.19757   8.15103   8.18646
   8.25043   8.24897   8.23171   8.23592   8.18359   8.20477   8.15798   8.19480
   8.25916   8.25778   8.24150   8.24769   8.19546   8.21730   8.17030   8.20835
   8.26264   8.26120   8.24616   8.25418   8.20226   8.22484   8.17705   8.21652
   8.26427   8.26290   8.24876   8.25869   8.20701   8.23010   8.18193   8.22250
   8.26945   8.26829   8.25513   8.26677   8.21542   8.23894   8.19061   8.23175
   8.27331   8.27238   8.26008   8.27402   8.22198   8.24632   8.19755   8.23936
   8.27694   8.27636   8.26474   8.28016   8.22855   8.25323   8.20366   8.24607
   8.28171   8.28143   8.27034   8.28721   8.23583   8.26077   8.21117   8.25335
   8.28468   8.28501   8.27439   8.29238   8.24135   8.26638   8.21666   8.25868
   8.28700   8.28766   8.27754   8.29642   8.24559   8.27080   8.22050   8.26262
   8.28929   8.29039   8.28051   8.30010   8.24940   8.27471   8.22393   8.26558
   8.28989   8.29135   8.28160   8.30183   8.25125   8.27661   8.22571   8.26659
   8.29090   8.29261   8.28310   8.30361   8.25328   8.27849   8.22741   8.26736
   8.29287   8.29486   8.28534   8.30605   8.25583   8.28085   8.22956   8.26847
   8.29208   8.29439   8.28481   8.30544   8.25542   8.28012   8.22874   8.26633
   8.29226   8.29494   8.28517   8.30542   8.25574   8.28004   8.22879   8.26506
   8.29018   8.29304   8.28315   8.30297   8.25321   8.27724   8.22572   8.26106
   8.28754   8.29054   8.28053   8.29962   8.24989   8.27367   8.22189   8.25606
   8.28397   8.28677   8.27639   8.29500   8.24512   8.26843   8.21658   8.24962
   8.28119   8.28407   8.27327   8.29120   8.24123   8.26420   8.21265   8.24441
   8.27782   8.28079   8.26962   8.28678   8.23663   8.25924   8.20762   8.23832
   8.27472   8.27753   8.26599   8.28241   8.23203   8.25439   8.20234   8.23234
   8.27122   8.27393   8.26186   8.27765   8.22691   8.24897   8.19698   8.22601
   8.26680   8.26945   8.25683   8.27177   8.22094   8.24275   8.19094   8.21902
   8.26255   8.26505   8.25210   8.26615   8.21514   8.23643   8.18489   8.21236
   8.25743   8.25969   8.24641   8.25979   8.20872   8.22952   8.17766   8.20477
   8.25324   8.25535   8.24169   8.25445   8.20327   8.22374   8.17237   8.19829
   8.24839   8.25028   8.23638   8.24839   8.19713   8.21734   8.16601   8.19134
   8.24316   8.24491   8.23077   8.24218   8.19072   8.21077   8.15882   8.18415
   8.24065   8.24221   8.22776   8.23879   8.18721   8.20699   8.15503   8.17980
   8.23781   8.23909   8.22432   8.23489   8.18313   8.20272   8.15114   8.17516
   8.23041   8.23166   8.21654   8.22673   8.17483   8.19424   8.14222   8.16617
   8.22758   8.22865   8.21328   8.22312   8.17113   8.19030   8.13805   8.16184
   8.22322   8.22413   8.20855   8.21804   8.16591   8.18496   8.13274   8.15601
   8.21685   8.21761   8.20206   8.21100   8.15874   8.17766   8.12571   8.14839
   8.21231   8.21305   8.19723   8.20579   8.15356   8.17229   8.11993   8.14248
   8.20815   8.20882   8.19269   8.20099   8.14870   8.16722   8.11478   8.13703
   8.20451   8.20550   8.18883   8.19671   8.14437   8.16263   8.11033   8.13197
   8.20042   8.20129   8.18442   8.19191   8.13948   8.15746   8.10530   8.12659
   8.19899   8.19979   8.18279   8.19012   8.13735   8.15494   8.10272   8.12378
   8.19681   8.19744   8.18031   8.18726   8.13417   8.15164   8.09965   8.12024
   8.19385   8.19458   8.17721   8.18357   8.13019   8.14752   8.09580   8.11574
   8.19130   8.19205   8.17435   8.18021   8.12653   8.14383   8.09243   8.11170
   8.18852   8.18925   8.17121   8.17643   8.12261   8.13981   8.08864   8.10730
   8.18569   8.18643   8.16819   8.17273   8.11879   8.13581   8.08455   8.10317
   8.18249   8.18320   8.16463   8.16850   8.11445   8.13118   8.08024   8.09876
   8.18032   8.18094   8.16205   8.16533   8.11112   8.12770   8.07710   8.09551
   8.17811   8.17868   8.15932   8.16214   8.10759   8.12405   8.07343   8.09209
   8.17840   8.17886   8.15921   8.16141   8.10665   8.12308   8.07272   8.09149
   8.17640   8.17689   8.15691   8.15888   8.10356   8.11983   8.06991   8.08907
   8.17549   8.17591   8.15559   8.15707   8.10167   8.11786   8.06778   8.08775
   8.17434   8.17476   8.15409   8.15526   8.09959   8.11582   8.06580   8.08650
   8.17349   8.17410   8.15309   8.15388   8.09810   8.11435   8.06475   8.08624
   8.17278   8.17331   8.15209   8.15252   8.09660   8.11310   8.06376   8.08622
   8.17279   8.17318   8.15185   8.15200   8.09617   8.11280   8.06326   8.08726
   8.17220   8.17249   8.15101   8.15111   8.09537   8.11213   8.06278   8.08814
   8.17241   8.17268   8.15119   8.15120   8.09565   8.11260   8.06369   8.09015
   8.17329   8.17356   8.15201   8.15215   8.09668   8.11390   8.06483   8.09325
   8.17317   8.17332   8.15183   8.15243   8.09714   8.11458   8.06527   8.09575
   8.17284   8.17284   8.15202   8.15285   8.09760   8.11530   8.06683   8.09853
   8.17376   8.17370   8.15318   8.15450   8.09957   8.11754   8.06900   8.10287
   8.17759   8.17716   8.15706   8.15915   8.10488   8.12287   8.07438   8.11040
   8.18000   8.17939   8.15979   8.16279   8.10894   8.12734   8.07879   8.11656
   8.18512   8.18452   8.16523   8.16922   8.11582   8.13459   8.08640   8.12575
   8.19194   8.19141   8.17253   8.17758   8.12467   8.14375   8.09572   8.13677
   8.19583   8.19563   8.17692   8.18329   8.13081   8.15010   8.10232   8.14503
   8.20276   8.20263   8.18430   8.19197   8.13992   8.15958   8.11192   8.15610
   8.21134   8.21122   8.19339   8.20230   8.15073   8.17076   8.12348   8.16890
   8.21979   8.21989   8.20260   8.21263   8.16156   8.18177   8.13432   8.18138
   8.22523   8.22526   8.20836   8.21974   8.16917   8.18984   8.14207   8.19032
   8.23361   8.23390   8.21750   8.23007   8.17981   8.20073   8.15318   8.20217
   8.24169   8.24222   8.22638   8.23994   8.19035   8.21070   8.16385   8.21353
   8.25110   8.25202   8.23658   8.25115   8.20182   8.22238   8.17536   8.22602
   8.25905   8.26039   8.24518   8.26078   8.21182   8.23246   8.18539   8.23652
   8.26708   8.26887   8.25374   8.27016   8.22161   8.24217   8.19561   8.24680
   8.27532   8.27774   8.26252   8.27965   8.23147   8.25202   8.20549   8.25706
   8.28411   8.28689   8.27162   8.28961   8.24155   8.26213   8.21510   8.26734
   8.29433   8.29743   8.28220   8.30079   8.25290   8.27355   8.22646   8.27870
   8.28303   8.28661   8.27139   8.29027   8.24270   8.26321   8.21664   8.26850
   8.29302   8.29770   8.28272   8.30163   8.25424   8.27409   8.22775   8.28014
   8.29902   8.30401   8.28909   8.30825   8.26088   8.28059   8.23440   8.28688
   8.30517   8.31051   8.29535   8.31484   8.26748   8.28747   8.24100   8.29355
   8.31342   8.31906   8.30373   8.32333   8.27600   8.29602   8.24935   8.30218
   8.32017   8.32601   8.31052   8.33018   8.28301   8.30307   8.25586   8.30896
   8.32672   8.33277   8.31710   8.33694   8.28974   8.30975   8.26272   8.31555
   8.33217   8.33833   8.32253   8.34245   8.29544   8.31526   8.26837   8.32108
   8.33635   8.34261   8.32650   8.34671   8.29980   8.31959   8.27281   8.32543
   8.34105   8.34718   8.33097   8.35127   8.30439   8.32403   8.27666   8.32977
   8.34398   8.35010   8.33379   8.35421   8.30733   8.32682   8.27963   8.33264
   8.34657   8.35270   8.33638   8.35661   8.30987   8.32932   8.28229   8.33476
   8.34910   8.35533   8.33899   8.35909   8.31243   8.33174   8.28454   8.33686
   8.35218   8.35851   8.34294   8.36211   8.31567   8.33462   8.28729   8.33954
   8.35461   8.36104   8.34533   8.36483   8.31803   8.33664   8.28986   8.34142
   8.35423   8.36100   8.34496   8.36424   8.31753   8.33594   8.28950   8.34037
   8.35277   8.35945   8.34333   8.36250   8.31589   8.33411   8.28744   8.33802
   8.35296   8.35974   8.34354   8.36256   8.31585   8.33393   8.28726   8.33729
   8.35064   8.35733   8.34111   8.35985   8.31322   8.33108   8.28486   8.33405
   8.34623   8.35290   8.33657   8.35489   8.30837   8.32599   8.27982   8.32858
   8.34213   8.34871   8.33222   8.35023   8.30378   8.32112   8.27488   8.32309
   8.33879   8.34513   8.32860   8.34622   8.29984   8.31699   8.27085   8.31839
   8.33310   8.33929   8.32259   8.33982   8.29358   8.31046   8.26454   8.31138
   8.33078   8.33674   8.31997   8.33679   8.29045   8.30704   8.26138   8.30771
   8.32424   8.33013   8.31317   8.32977   8.28326   8.30008   8.25384   8.29976
   8.31905   8.32504   8.30776   8.32381   8.27734   8.29398   8.24807   8.29329
   8.31420   8.32006   8.30278   8.31837   8.27191   8.28839   8.24265   8.28721
   8.30843   8.31411   8.29683   8.31201   8.26549   8.28180   8.23607   8.28046
   8.30462   8.31011   8.29277   8.30753   8.26109   8.27713   8.23145   8.27547
   8.30037   8.30556   8.28820   8.30258   8.25615   8.27197   8.22663   8.27022
   8.31241   8.31750   8.30011   8.31412   8.26764   8.28339   8.23761   8.28208
   8.30733   8.31232   8.29482   8.30856   8.26201   8.27768   8.23180   8.27619
   8.30428   8.30928   8.29168   8.30510   8.25856   8.27416   8.22828   8.27228
   8.30124   8.30620   8.28848   8.30177   8.25503   8.27066   8.22533   8.26862
   8.29761   8.30233   8.28450   8.29765   8.25089   8.26645   8.22099   8.26428
   8.29409   8.29874   8.28067   8.29373   8.24682   8.26252   8.21713   8.26022
   8.29001   8.29467   8.27653   8.28945   8.24269   8.25813   8.21299   8.25566
   8.28814   8.29268   8.27449   8.28717   8.24047   8.25587   8.21075   8.25328
   8.28467   8.28915   8.27120   8.28307   8.23678   8.25199   8.20674   8.24927
   8.28129   8.28577   8.26781   8.27960   8.23328   8.24842   8.20309   8.24543
   8.27914   8.28357   8.26565   8.27726   8.23094   8.24604   8.20092   8.24310
   8.27713   8.28140   8.26352   8.27495   8.22878   8.24372   8.19886   8.24057
   8.27308   8.27737   8.25947   8.27072   8.22455   8.23945   8.19478   8.23601
   8.26943   8.27368   8.25560   8.26677   8.22062   8.23477   8.19100   8.23181
   8.26405   8.26810   8.25011   8.26107   8.21497   8.22905   8.18555   8.22610
   8.26075   8.26468   8.24667   8.25770   8.21162   8.22557   8.18194   8.22249
   8.25822   8.26198   8.24397   8.25490   8.20892   8.22279   8.17878   8.21975
   8.25542   8.25904   8.24112   8.25197   8.20606   8.21989   8.17579   8.21677
   8.25290   8.25633   8.23865   8.24918   8.20337   8.21718   8.17490   8.21411
   8.25193   8.25516   8.23757   8.24793   8.20224   8.21618   8.17379   8.21308
   8.24997   8.25307   8.23563   8.24584   8.20022   8.21447   8.17186   8.21141
   8.24911   8.25224   8.23476   8.24493   8.19959   8.21372   8.17129   8.21065
   8.24963   8.25275   8.23530   8.24540   8.20007   8.21418   8.17200   8.21138
   8.24892   8.25206   8.23458   8.24481   8.19966   8.21334   8.17128   8.21101
   8.24916   8.25240   8.23466   8.24508   8.20020   8.21369   8.17178   8.21141
   8.25151   8.25475   8.23706   8.24770   8.20271   8.21626   8.17457   8.21403
   8.25390   8.25733   8.23964   8.25040   8.20547   8.21910   8.17741   8.21699
   8.25497   8.25858   8.24084   8.25177   8.20704   8.22060   8.17870   8.21841
   8.25552   8.25934   8.24164   8.25272   8.20813   8.22162   8.18213   8.21942
   8.25791   8.26169   8.24413   8.25581   8.21078   8.22429   8.18485   8.22198
   8.25734   8.26110   8.24357   8.25541   8.21047   8.22398   8.18448   8.22172
   8.25648   8.26016   8.24270   8.25467   8.20995   8.22327   8.18368   8.22096
   8.25686   8.26059   8.24323   8.25525   8.21057   8.22393   8.18485   8.22135
   8.25558   8.25938   8.24198   8.25417   8.20951   8.22291   8.18373   8.22011
   8.25499   8.25869   8.24125   8.25352   8.20913   8.22235   8.18290   8.21956
   8.25407   8.25781   8.24042   8.25289   8.20855   8.22099   8.18205   8.21857
   8.25333   8.25710   8.23969   8.25204   8.20795   8.22030   8.18187   8.21755
   8.25122   8.25501   8.23771   8.24980   8.20601   8.21820   8.17991   8.21541
   8.25035   8.25426   8.23698   8.24902   8.20531   8.21750   8.17871   8.21439
   8.24830   8.25218   8.23493   8.24683   8.20318   8.21530   8.17661   8.21194
   8.24639   8.25021   8.23302   8.24470   8.20127   8.21325   8.17484   8.20956
   8.24320   8.24698   8.22981   8.24137   8.19797   8.20982   8.17166   8.20602
   8.24310   8.24691   8.22972   8.24126   8.19786   8.20954   8.17131   8.20549
   8.24124   8.24487   8.22767   8.23890   8.19569   8.20720   8.16953   8.20305
   8.24133   8.24480   8.22775   8.23877   8.19560   8.20702   8.16948   8.20218
   8.24021   8.24355   8.22657   8.23730   8.19426   8.20560   8.16784   8.20073
   8.23884   8.24214   8.22523   8.23576   8.19287   8.20396   8.16635   8.19891
   8.23913   8.24237   8.22551   8.23578   8.19296   8.20396   8.16702   8.19869
   8.23667   8.23995   8.22274   8.23315   8.19041   8.20132   8.16229   8.19588
   8.23330   8.23662   8.21947   8.22963   8.18700   8.19782   8.15852   8.19213
   8.23091   8.23418   8.21694   8.22743   8.18450   8.19519   8.15587   8.18916
   8.22836   8.23149   8.21441   8.22453   8.18173   8.19230   8.15385   8.18620
   8.22402   8.22711   8.21008   8.21998   8.17730   8.18775   8.14923   8.18155
   8.22027   8.22351   8.20648   8.21611   8.17367   8.18394   8.14578   8.17788
   8.21590   8.21918   8.20223   8.21157   8.16937   8.17943   8.14162   8.17348
   8.21072   8.21412   8.19721   8.20647   8.16443   8.17429   8.13667   8.16831
   8.20447   8.20790   8.19091   8.20016   8.15829   8.16802   8.13009   8.16221
   8.20046   8.20333   8.18654   8.19579   8.15406   8.16373   8.12610   8.15796
   8.19450   8.19744   8.18052   8.18994   8.14840   8.15791   8.11859   8.15227
   8.18821   8.19112   8.17429   8.18376   8.14238   8.15183   8.11275   8.14627
   8.18331   8.18629   8.16959   8.17930   8.13795   8.14736   8.10839   8.14190
   8.18048   8.18371   8.16700   8.17672   8.13560   8.14504   8.10612   8.13979
   8.17692   8.18026   8.16363   8.17350   8.13231   8.14182   8.10343   8.13702
   8.17418   8.17762   8.16108   8.17116   8.13018   8.13960   8.10148   8.13515
   8.17203   8.17575   8.15922   8.16947   8.12878   8.13818   8.09974   8.13421
   8.17042   8.17441   8.15785   8.16844   8.12802   8.13734   8.09913   8.13369
   8.16845   8.17252   8.15601   8.16686   8.12672   8.13599   8.09801   8.13280
   8.16669   8.17091   8.15433   8.16561   8.12580   8.13504   8.09698   8.13233
   8.16618   8.17066   8.15410   8.16583   8.12609   8.13544   8.09623   8.13334
   8.16565   8.17026   8.15367   8.16575   8.12634   8.13580   8.09648   8.13415
   8.16675   8.17141   8.15479   8.16733   8.12820   8.13764   8.09872   8.13668
   8.16847   8.17321   8.15661   8.16967   8.13107   8.14046   8.10155   8.14012
   8.16713   8.17192   8.15535   8.16900   8.13084   8.14013   8.10152   8.14036
   8.16705   8.17201   8.15546   8.16969   8.13188   8.14117   8.10293   8.14197
   8.16667   8.17167   8.15507   8.17000   8.13254   8.14183   8.10367   8.14315
   8.16740   8.17252   8.15600   8.17150   8.13448   8.14384   8.10557   8.14561
   8.16679   8.17180   8.15546   8.17144   8.13485   8.14423   8.10644   8.14670
   8.16594   8.17058   8.15431   8.17095   8.13477   8.14416   8.10660   8.14713
   8.16785   8.17252   8.15628   8.17375   8.13795   8.14716   8.10990   8.15079
   8.17169   8.17632   8.16012   8.17841   8.14297   8.15211   8.11494   8.15627
   8.17362   8.17826   8.16218   8.18115   8.14600   8.15507   8.11823   8.15951
   8.17591   8.18072   8.16451   8.18425   8.14939   8.15839   8.12183   8.16309
   8.17996   8.18484   8.16856   8.18912   8.15451   8.16350   8.12687   8.16847
   8.18426   8.18913   8.17285   8.19409   8.15980   8.16863   8.13208   8.17392
   8.18921   8.19414   8.17791   8.19975   8.16573   8.17447   8.13832   8.17960
   8.19331   8.19814   8.18195   8.20433   8.17078   8.17923   8.14340   8.18438
   8.19844   8.20337   8.18725   8.21010   8.17693   8.18511   8.14943   8.18993
   8.20304   8.20762   8.19159   8.21488   8.18175   8.18991   8.15436   8.19446
   8.20833   8.21283   8.19674   8.22048   8.18744   8.19547   8.16039   8.19961
   8.21307   8.21751   8.20127   8.22533   8.19248   8.20026   8.16516   8.20408
   8.21846   8.22296   8.20665   8.23093   8.19822   8.20588   8.17056   8.20900
   8.22212   8.22671   8.21041   8.23470   8.20209   8.20959   8.17449   8.21210
   8.22404   8.22862   8.21236   8.23656   8.20400   8.21167   8.17650   8.21298
   8.22789   8.23253   8.21619   8.24021   8.20774   8.21520   8.17989   8.21586
   8.22829   8.23289   8.21651   8.24017   8.20793   8.21512   8.17967   8.21479
   8.22997   8.23423   8.21787   8.24108   8.20883   8.21578   8.18097   8.21490
   8.22981   8.23404   8.21762   8.24044   8.20822   8.21494   8.18024   8.21323
   8.23210   8.23605   8.21967   8.24193   8.20974   8.21624   8.18166   8.21394
   8.23335   8.23727   8.22095   8.24257   8.21037   8.21664   8.18253   8.21380
   8.23229   8.23607   8.21970   8.24065   8.20838   8.21462   8.18083   8.21129
   8.23199   8.23579   8.21935   8.23974   8.20746   8.21361   8.17952   8.20978
   8.23188   8.23553   8.21896   8.23887   8.20658   8.21256   8.17911   8.20857
   8.23137   8.23492   8.21839   8.23773   8.20543   8.21161   8.17794   8.20715
   8.22970   8.23310   8.21693   8.23537   8.20304   8.20919   8.17539   8.20463
   8.22808   8.23130   8.21508   8.23324   8.20108   8.20705   8.17316   8.20282
   8.22596   8.22901   8.21282   8.23063   8.19856   8.20436   8.17104   8.20041
   8.22532   8.22814   8.21190   8.22973   8.19769   8.20342   8.17028   8.19964
   8.22567   8.22843   8.21223   8.23014   8.19817   8.20389   8.17087   8.20060
   8.22471   8.22774   8.21073   8.22938   8.19757   8.20316   8.17000   8.20063
   8.22152   8.22453   8.20741   8.22636   8.19476   8.20030   8.16737   8.19831
   8.22050   8.22342   8.20637   8.22588   8.19436   8.19987   8.16711   8.19851
   8.22045   8.22357   8.20634   8.22653   8.19537   8.20085   8.16806   8.20001
   8.21958   8.22268   8.20541   8.22636   8.19552   8.20113   8.16786   8.20085
   8.21827   8.22139   8.20414   8.22590   8.19550   8.20097   8.16789   8.20114
   8.21918   8.22233   8.20497   8.22762   8.19766   8.20305   8.17032   8.20389
   8.22083   8.22408   8.20660   8.23024   8.20058   8.20560   8.17288   8.20724
   8.22069   8.22398   8.20643   8.23110   8.20173   8.20677   8.17441   8.20889
   8.22250   8.22580   8.20811   8.23386   8.20485   8.20988   8.17826   8.21230
   8.22523   8.22874   8.21068   8.23767   8.20894   8.21402   8.18238   8.21669
   8.22752   8.23089   8.21300   8.24089   8.21255   8.21767   8.18551   8.22038
   8.23078   8.23394   8.21615   8.24485   8.21692   8.22194   8.19006   8.22478
   8.23494   8.23813   8.22034   8.24973   8.22225   8.22723   8.19565   8.22980
   8.23865   8.24202   8.22413   8.25414   8.22696   8.23191   8.20038   8.23419
   8.24198   8.24525   8.22737   8.25789   8.23105   8.23594   8.20430   8.23790
   8.24686   8.25006   8.23228   8.26296   8.23640   8.24128   8.21025   8.24273
   8.25176   8.25489   8.23713   8.26794   8.24169   8.24654   8.21571   8.24727
   8.25651   8.25959   8.24179   8.27249   8.24652   8.25122   8.22060   8.25128
   8.25905   8.26161   8.24439   8.27491   8.24909   8.25364   8.22339   8.25291
   8.26220   8.26468   8.24753   8.27766   8.25198   8.25644   8.22676   8.25469
   8.26708   8.27013   8.25236   8.28185   8.25636   8.26069   8.23132   8.25791
   8.26988   8.27289   8.25532   8.28393   8.25840   8.26267   8.23333   8.25881
   8.27386   8.27687   8.25949   8.28714   8.26161   8.26566   8.23656   8.26071
   8.27856   8.28164   8.26434   8.29089   8.26529   8.26925   8.24083   8.26291
   8.28476   8.28790   8.27032   8.29599   8.27041   8.27406   8.24603   8.26679
   8.28976   8.29302   8.27539   8.29965   8.27400   8.27740   8.24957   8.26901
   8.29558   8.29883   8.28131   8.30416   8.27828   8.28152   8.25401   8.27222
   8.29939   8.30277   8.28524   8.30677   8.28067   8.28380   8.25674   8.27332
   8.30178   8.30566   8.28791   8.30788   8.28170   8.28460   8.25774   8.27327
   8.30560   8.30964   8.29203   8.31037   8.28402   8.28683   8.25984   8.27480
   8.30892   8.31291   8.29541   8.31240   8.28583   8.28838   8.26186   8.27573
   8.31204   8.31598   8.29854   8.31412   8.28756   8.28989   8.26356   8.27663
   8.31227   8.31619   8.29881   8.31308   8.28638   8.28862   8.26206   8.27499
   8.31322   8.31720   8.29973   8.31283   8.28599   8.28816   8.26171   8.27404
   8.31433   8.31853   8.30077   8.31283   8.28597   8.28792   8.26215   8.27356
   8.31316   8.31742   8.29964   8.31098   8.28405   8.28592   8.26029   8.27134
   8.31049   8.31468   8.29692   8.30757   8.28052   8.28233   8.25679   8.26751
   8.31092   8.31509   8.29724   8.30737   8.28026   8.28195   8.25679   8.26694
   8.30879   8.31235   8.29506   8.30471   8.27757   8.27918   8.25435   8.26396
   8.30576   8.30953   8.29206   8.30147   8.27439   8.27590   8.25080   8.26049
   8.30294   8.30665   8.28919   8.29820   8.27122   8.27269   8.24759   8.25700
   8.29831   8.30195   8.28455   8.29328   8.26640   8.26775   8.24279   8.25188
   8.29539   8.29902   8.28158   8.29019   8.26345   8.26471   8.24013   8.24846
   8.29230   8.29616   8.27860   8.28704   8.26062   8.26167   8.23699   8.24500
   8.28785   8.29167   8.27424   8.28240   8.25600   8.25699   8.23258   8.23980
   8.28580   8.28967   8.27225   8.28026   8.25396   8.25481   8.23099   8.23718
   8.28281   8.28679   8.26930   8.27724   8.25103   8.25180   8.22826   8.23357
   8.28041   8.28446   8.26680   8.27463   8.24850   8.24924   8.22575   8.23043
   8.27752   8.28111   8.26389   8.27143   8.24548   8.24598   8.22296   8.22677
   8.27513   8.27874   8.26148   8.26878   8.24307   8.24314   8.22055   8.22344
   8.27297   8.27646   8.25915   8.26603   8.24051   8.24050   8.21801   8.21990
   8.27086   8.27441   8.25681   8.26323   8.23790   8.23776   8.21528   8.21662
   8.26700   8.27058   8.25291   8.25867   8.23355   8.23329   8.21103   8.21127
   8.26413   8.26770   8.24992   8.25514   8.23013   8.22969   8.20784   8.20704
   8.26246   8.26605   8.24824   8.25283   8.22789   8.22732   8.20516   8.20384
   8.25936   8.26275   8.24510   8.24899   8.22407   8.22333   8.20158   8.19926
   8.25643   8.25967   8.24201   8.24528   8.22024   8.21937   8.19813   8.19467
   8.25464   8.25802   8.24021   8.24281   8.21783   8.21671   8.19556   8.19151
   8.25151   8.25498   8.23702   8.23889   8.21387   8.21269   8.19164   8.18686
   8.24865   8.25201   8.23391   8.23502   8.21007   8.20877   8.18771   8.18239
   8.24525   8.24861   8.23023   8.23079   8.20586   8.20438   8.18338   8.17745
   8.24213   8.24526   8.22695   8.22658   8.20175   8.20015   8.17955   8.17278
   8.23920   8.24224   8.22380   8.22264   8.19797   8.19615   8.17566   8.16841
   8.23561   8.23864   8.21996   8.21812   8.19345   8.19148   8.17178   8.16328
   8.23113   8.23431   8.21528   8.21292   8.18829   8.18576   8.16655   8.15758
   8.22695   8.22998   8.21087   8.20780   8.18338   8.18073   8.16158   8.15209
   8.22347   8.22642   8.20721   8.20357   8.17921   8.17638   8.15747   8.14864
   8.22038   8.22324   8.20391   8.19988   8.17543   8.17249   8.15418   8.14444
   8.21725   8.22020   8.20077   8.19635   8.17196   8.16886   8.15063   8.13966
   8.21078   8.21368   8.19426   8.18934   8.16511   8.16189   8.14373   8.13241
   8.20541   8.20811   8.18872   8.18338   8.15917   8.15583   8.13808   8.12603
   8.20140   8.20415   8.18417   8.17888   8.15467   8.15133   8.13410   8.12107
   8.19475   8.19736   8.17739   8.17172   8.14782   8.14421   8.12731   8.11363
   8.19047   8.19296   8.17305   8.16701   8.14330   8.13943   8.12273   8.10835
   8.18498   8.18732   8.16736   8.16151   8.13743   8.13294   8.11708   8.10216
   8.17846   8.18038   8.16049   8.15438   8.13044   8.12584   8.11001   8.09467
   8.17310   8.17488   8.15518   8.14882   8.12486   8.12017   8.10444   8.08939
   8.16853   8.17008   8.15060   8.14386   8.11980   8.11520   8.09967   8.08422
   8.16513   8.16669   8.14722   8.14022   8.11625   8.11160   8.09627   8.08043
   8.16172   8.16340   8.14384   8.13668   8.11285   8.10804   8.09303   8.07676
   8.15487   8.15654   8.13708   8.12963   8.10590   8.10096   8.08584   8.06978
   8.14874   8.15036   8.13086   8.12325   8.09958   8.09452   8.07965   8.06336
   8.14524   8.14677   8.12720   8.11962   8.09605   8.09091   8.07626   8.05991
   8.14167   8.14318   8.12366   8.11607   8.09251   8.08732   8.07266   8.05670
   8.13555   8.13701   8.11760   8.10997   8.08646   8.08131   8.06832   8.05104
   8.13097   8.13246   8.11307   8.10564   8.08228   8.07706   8.06446   8.04729
   8.12642   8.12787   8.10855   8.10159   8.07832   8.07307   8.06038   8.04393
   8.12036   8.12175   8.10263   8.09606   8.07283   8.06776   8.05458   8.03914
   8.11788   8.11896   8.09995   8.09405   8.07096   8.06598   8.05285   8.03790
   8.11359   8.11456   8.09567   8.09053   8.06769   8.06273   8.04975   8.03524
   8.11099   8.11180   8.09295   8.08868   8.06603   8.06128   8.04837   8.03416
   8.10911   8.10985   8.09110   8.08802   8.06546   8.06061   8.04743   8.03412
   8.10740   8.10792   8.08937   8.08726   8.06511   8.06014   8.04721   8.03393
   8.10675   8.10724   8.08880   8.08779   8.06598   8.06084   8.04827   8.03495
   8.10520   8.10620   8.08804   8.08788   8.06636   8.06137   8.04237   8.03516
   8.10518   8.10605   8.08818   8.08896   8.06782   8.06286   8.04388   8.03685
   8.10461   8.10538   8.08780   8.08950   8.06869   8.06370   8.04505   8.03768
   8.10253   8.10316   8.08568   8.08831   8.06787   8.06279   8.04446   8.03640
   8.10155   8.10219   8.08480   8.08820   8.06828   8.06306   8.04465   8.03622
   8.10196   8.10249   8.08537   8.08936   8.06989   8.06437   8.04609   8.03727
   8.10356   8.10400   8.08699   8.09152   8.07220   8.06674   8.04898   8.03886
   8.10489   8.10534   8.08832   8.09320   8.07419   8.06853   8.05125   8.04014
   8.10768   8.10811   8.09132   8.09610   8.07749   8.07158   8.05445   8.04261
   8.10959   8.11012   8.09346   8.09815   8.07973   8.07355   8.05695   8.04430
   8.11103   8.11224   8.09505   8.10021   8.08184   8.07533   8.05939   8.04564
   8.11350   8.11490   8.09764   8.10245   8.08441   8.07750   8.06200   8.04733
   8.11455   8.11618   8.09897   8.10330   8.08529   8.07820   8.06276   8.04761
   8.11633   8.11818   8.10087   8.10478   8.08681   8.07936   8.06442   8.04863
   8.11608   8.11812   8.10054   8.10387   8.08620   8.07848   8.06392   8.04723
   8.11563   8.11770   8.10009   8.10278   8.08517   8.07726   8.06277   8.04574
   8.11953   8.12157   8.10389   8.10588   8.08833   8.08021   8.06560   8.04876
   8.12295   8.12507   8.10716   8.10856   8.09103   8.08275   8.06905   8.05132
   8.12153   8.12373   8.10583   8.10654   8.08910   8.08066   8.06714   8.04929
   8.12201   8.12423   8.10618   8.10631   8.08883   8.08032   8.06667   8.04910
   8.12142   8.12358   8.10520   8.10500   8.08746   8.07890   8.06636   8.04822
   8.12114   8.12312   8.10473   8.10407   8.08653   8.07806   8.06593   8.04766
   8.11978   8.12169   8.10328   8.10236   8.08483   8.07632   8.06410   8.04628
   8.11994   8.12169   8.10328   8.10206   8.08457   8.07669   8.06429   8.04656
   8.11748   8.11926   8.10079   8.09950   8.08198   8.07423   8.06193   8.04473
   8.11573   8.11749   8.09890   8.09763   8.08008   8.07264   8.06037   8.04362
   8.11476   8.11630   8.09772   8.09663   8.07929   8.07183   8.05948   8.04358
   8.11322   8.11462   8.09612   8.09517   8.07788   8.07063   8.05825   8.04311
   8.11211   8.11354   8.09515   8.09458   8.07741   8.07026   8.05793   8.04362
   8.11057   8.11200   8.09364   8.09362   8.07656   8.06956   8.05721   8.04401
   8.10955   8.11095   8.09281   8.09320   8.07633   8.06961   8.05715   8.04513
   8.11013   8.11151   8.09359   8.09465   8.07790   8.07170   8.05891   8.04813
   8.11189   8.11300   8.09522   8.09718   8.08052   8.07472   8.06196   8.05237
   8.11408   8.11494   8.09741   8.10020   8.08398   8.07810   8.06559   8.05703
   8.11690   8.11756   8.10046   8.10415   8.08834   8.08277   8.06998   8.06214
   8.11977   8.12016   8.10348   8.10836   8.09277   8.08754   8.07518   8.06810
   8.12197   8.12210   8.10586   8.11209   8.09681   8.09175   8.07945   8.07355
   8.12356   8.12369   8.10793   8.11541   8.10058   8.09577   8.08329   8.07889
   8.12579   8.12582   8.11048   8.11931   8.10489   8.10043   8.08815   8.08475
   8.12683   8.12669   8.11192   8.12225   8.10812   8.10400   8.09191   8.08933
   8.12972   8.12945   8.11525   8.12704   8.11346   8.10913   8.09734   8.09579
   8.13175   8.13133   8.11777   8.13100   8.11793   8.11387   8.10188   8.10150
   8.13459   8.13395   8.12112   8.13595   8.12344   8.11969   8.10794   8.10800
   8.13765   8.13697   8.12469   8.14116   8.12916   8.12562   8.11397   8.11462
   8.14135   8.14071   8.12889   8.14695   8.13547   8.13217   8.12040   8.12172
   8.14475   8.14393   8.13274   8.15238   8.14137   8.13796   8.12636   8.12847
   8.14656   8.14575   8.13500   8.15622   8.14564   8.14227   8.13132   8.13338
   8.15034   8.14963   8.13939   8.16204   8.15199   8.14867   8.13762   8.14027
   8.15657   8.15588   8.14622   8.17021   8.16068   8.15732   8.14671   8.14913
   8.16375   8.16313   8.15402   8.17932   8.17021   8.16690   8.15636   8.15882
   8.16828   8.16777   8.15884   8.18561   8.17689   8.17363   8.16363   8.16557
   8.17455   8.17416   8.16569   8.19350   8.18513   8.18199   8.17235   8.17375
   8.17999   8.17953   8.17152   8.20012   8.19164   8.18905   8.17922   8.18052
   8.18647   8.18619   8.17845   8.20786   8.19957   8.19704   8.18725   8.18849
   8.19167   8.19160   8.18403   8.21420   8.20627   8.20377   8.19425   8.19475
   8.19544   8.19554   8.18815   8.21895   8.21133   8.20859   8.19949   8.19957
   8.19718   8.19744   8.19041   8.22139   8.21401   8.21135   8.20221   8.20202
   8.20042   8.20082   8.19387   8.22516   8.21802   8.21519   8.20656   8.20561
   8.20288   8.20347   8.19661   8.22806   8.22113   8.21821   8.20984   8.20839
   8.20475   8.20550   8.19879   8.23032   8.22366   8.22056   8.21210   8.21055
   8.20718   8.20811   8.20174   8.23301   8.22649   8.22340   8.21506   8.21328
   8.20758   8.20859   8.20224   8.23353   8.22711   8.22394   8.21606   8.21402
   8.20793   8.20898   8.20261   8.23392   8.22763   8.22448   8.21677   8.21461
   8.20610   8.20702   8.20078   8.23200   8.22576   8.22268   8.21479   8.21290
   8.20316   8.20412   8.19801   8.22925   8.22279   8.21996   8.21224   8.21044
   8.20022   8.20115   8.19522   8.22649   8.21999   8.21733   8.21015   8.20806
   8.19722   8.19807   8.19224   8.22349   8.21709   8.21460   8.20713   8.20567
   8.19339   8.19415   8.18842   8.21964   8.21326   8.21109   8.20327   8.20256
   8.18922   8.18997   8.18436   8.21584   8.20951   8.20751   8.19981   8.19948
   8.18522   8.18591   8.18034   8.21229   8.20599   8.20421   8.19683   8.19656
   8.18175   8.18217   8.17698   8.20923   8.20309   8.20158   8.19393   8.19428
   8.18163   8.18169   8.17688   8.20967   8.20365   8.20232   8.19449   8.19530
   8.18185   8.18171   8.17720   8.21066   8.20483   8.20369   8.19587   8.19689
   8.18119   8.18085   8.17667   8.21081   8.20523   8.20424   8.19625   8.19743
   8.18105   8.18052   8.17673   8.21154   8.20621   8.20575   8.19725   8.19863
   8.18026   8.17977   8.17626   8.21177   8.20667   8.20645   8.19801   8.19922
   8.18039   8.17992   8.17679   8.21300   8.20825   8.20812   8.19967   8.20053
   8.17994   8.17945   8.17675   8.21351   8.20916   8.20903   8.20059   8.20090
   8.17902   8.17860   8.17624   8.21360   8.20965   8.20950   8.20094   8.20070
   8.17655   8.17633   8.17417   8.21218   8.20844   8.20833   8.19998   8.19869
   8.17698   8.17715   8.17510   8.21365   8.21018   8.20994   8.20184   8.19931
   8.17660   8.17695   8.17524   8.21399   8.21083   8.21041   8.20268   8.19852
