-25.00000    1.00339
-24.90000    1.00257
-24.80000    1.00173
-24.70000    1.00092
-24.60000    1.00012
-24.50000    0.99935
-24.40000    0.99859
-24.30000    0.99789
-24.20000    0.99720
-24.10000    0.99656
-24.00000    0.99595
-23.90000    0.99540
-23.80000    0.99489
-23.70000    0.99442
-23.59999    0.99400
-23.49999    0.99364
-23.39999    0.99331
-23.29999    0.99302
-23.19999    0.99278
-23.09999    0.99257
-22.99999    0.99241
-22.89999    0.99228
-22.79999    0.99219
-22.69999    0.99213
-22.59999    0.99211
-22.49999    0.99212
-22.39999    0.99214
-22.29999    0.99217
-22.19999    0.99224
-22.09999    0.99231
-21.99999    0.99241
-21.89999    0.99252
-21.79999    0.99264
-21.69999    0.99277
-21.59999    0.99292
-21.49999    0.99306
-21.39999    0.99323
-21.29999    0.99339
-21.19999    0.99354
-21.09999    0.99370
-20.99998    0.99388
-20.89998    0.99404
-20.79998    0.99420
-20.69998    0.99436
-20.59998    0.99452
-20.49998    0.99466
-20.39998    0.99480
-20.29998    0.99493
-20.19998    0.99506
-20.09998    0.99517
-19.99998    0.99526
-19.89998    0.99535
-19.79998    0.99540
-19.69998    0.99547
-19.59998    0.99553
-19.49998    0.99558
-19.39998    0.99562
-19.29998    0.99567
-19.19998    0.99571
-19.09998    0.99575
-18.99998    0.99577
-18.89998    0.99581
-18.79998    0.99580
-18.69998    0.99585
-18.59998    0.99590
-18.49998    0.99597
-18.39997    0.99607
-18.29997    0.99618
-18.19997    0.99631
-18.09997    0.99646
-17.99997    0.99661
-17.89997    0.99681
-17.79997    0.99704
-17.69997    0.99731
-17.59997    0.99760
-17.49997    0.99791
-17.39997    0.99825
-17.29997    0.99861
-17.19997    0.99901
-17.09997    0.99943
-16.99997    0.99988
-16.89997    1.00033
-16.79997    1.00081
-16.69997    1.00130
-16.59997    1.00182
-16.49997    1.00236
-16.39997    1.00291
-16.29997    1.00347
-16.19997    1.00406
-16.09997    1.00466
-15.99997    1.00528
-15.89997    1.00590
-15.79996    1.00654
-15.69996    1.00718
-15.59996    1.00783
-15.49996    1.00850
-15.39996    1.00917
-15.29996    1.00980
-15.19996    1.01049
-15.09996    1.01116
-14.99996    1.01186
-14.89996    1.01255
-14.79996    1.01325
-14.69996    1.01396
-14.59996    1.01466
-14.49996    1.01536
-14.39996    1.01605
-14.29996    1.01674
-14.19996    1.01741
-14.09996    1.01809
-13.99996    1.01876
-13.89996    1.01944
-13.79996    1.02010
-13.69996    1.02075
-13.59996    1.02139
-13.49996    1.02202
-13.39996    1.02263
-13.29996    1.02322
-13.19995    1.02372
-13.09995    1.02425
-12.99995    1.02475
-12.89995    1.02521
-12.79995    1.02562
-12.69995    1.02598
-12.59995    1.02628
-12.49995    1.02653
-12.39995    1.02671
-12.29995    1.02679
-12.19995    1.02680
-12.09995    1.02673
-11.99995    1.02658
-11.89995    1.02635
-11.79995    1.02603
-11.69995    1.02561
-11.59995    1.02513
-11.49995    1.02457
-11.39995    1.02394
-11.29995    1.02323
-11.19995    1.02248
-11.09995    1.02166
-10.99995    1.02081
-10.89995    1.01991
-10.79995    1.01900
-10.69995    1.01807
-10.59995    1.01712
-10.49994    1.01615
-10.39994    1.01512
-10.29994    1.01416
-10.19994    1.01322
-10.09994    1.01230
 -9.99994    1.01143
 -9.89994    1.01059
 -9.79994    1.00978
 -9.69994    1.00902
 -9.59994    1.00832
 -9.49994    1.00767
 -9.39994    1.00709
 -9.29994    1.00657
 -9.19994    1.00611
 -9.09994    1.00572
 -8.99994    1.00538
 -8.89994    1.00513
 -8.79994    1.00493
 -8.69994    1.00482
 -8.59994    1.00476
 -8.49994    1.00479
 -8.39994    1.00486
 -8.29994    1.00500
 -8.19994    1.00521
 -8.09994    1.00546
 -7.99994    1.00576
 -7.89994    1.00609
 -7.79994    1.00645
 -7.69994    1.00681
 -7.59994    1.00720
 -7.49994    1.00759
 -7.39994    1.00802
 -7.29994    1.00840
 -7.19994    1.00876
 -7.09994    1.00912
 -6.99994    1.00946
 -6.89994    1.00976
 -6.79994    1.01004
 -6.69994    1.01028
 -6.59994    1.01049
 -6.49994    1.01067
 -6.39994    1.01081
 -6.29994    1.01093
 -6.19994    1.01105
 -6.09994    1.01111
 -5.99994    1.01116
 -5.89994    1.01118
 -5.79994    1.01119
 -5.69994    1.01116
 -5.59994    1.01112
 -5.49994    1.01107
 -5.39994    1.01100
 -5.29994    1.01091
 -5.19994    1.01081
 -5.09994    1.01067
 -4.99994    1.01052
 -4.89994    1.01036
 -4.79994    1.01015
 -4.69994    1.00994
 -4.59994    1.00969
 -4.49994    1.00942
 -4.39994    1.00911
 -4.29994    1.00876
 -4.19994    1.00838
 -4.09994    1.00798
 -3.99994    1.00752
 -3.89994    1.00706
 -3.79994    1.00658
 -3.69994    1.00608
 -3.59994    1.00556
 -3.49994    1.00503
 -3.39994    1.00450
 -3.29994    1.00396
 -3.19994    1.00343
 -3.09994    1.00293
 -2.99994    1.00243
 -2.89994    1.00197
 -2.79994    1.00153
 -2.69994    1.00114
 -2.59994    1.00079
 -2.49994    1.00050
 -2.39994    1.00025
 -2.29994    1.00009
 -2.19994    0.99994
 -2.09994    0.99984
 -1.99994    0.99978
 -1.89994    0.99978
 -1.79994    0.99983
 -1.69994    0.99992
 -1.59994    1.00006
 -1.49994    1.00021
 -1.39994    1.00039
 -1.29994    1.00052
 -1.19994    1.00074
 -1.09994    1.00098
 -0.99994    1.00124
 -0.89994    1.00152
 -0.79994    1.00179
 -0.69994    1.00207
 -0.59994    1.00234
 -0.49994    1.00265
 -0.39994    1.00294
 -0.29994    1.00323
 -0.19994    1.00350
 -0.09994    1.00377
  0.00006    1.00403
  0.10006    1.00429
  0.20006    1.00455
  0.30006    1.00479
  0.40006    1.00502
  0.50006    1.00526
  0.60006    1.00549
  0.70006    1.00571
  0.80006    1.00590
  0.90006    1.00609
  1.00006    1.00624
  1.10006    1.00637
  1.20006    1.00648
  1.30006    1.00657
  1.40006    1.00663
  1.50006    1.00669
  1.60006    1.00671
  1.70006    1.00672
  1.80006    1.00670
  1.90006    1.00667
  2.00006    1.00664
  2.10006    1.00659
  2.20006    1.00652
  2.30006    1.00644
  2.40006    1.00635
  2.50006    1.00624
  2.60006    1.00613
  2.70006    1.00601
  2.80006    1.00587
  2.90006    1.00574
  3.00006    1.00560
  3.10006    1.00545
  3.20006    1.00530
  3.30006    1.00512
  3.40006    1.00495
  3.50006    1.00476
  3.60006    1.00457
  3.70006    1.00437
  3.80006    1.00418
  3.90006    1.00397
  4.00006    1.00377
  4.10006    1.00356
  4.20006    1.00334
  4.30006    1.00313
  4.40006    1.00292
  4.50006    1.00273
  4.60006    1.00256
  4.70006    1.00238
  4.80006    1.00220
  4.90006    1.00202
  5.00006    1.00186
  5.10006    1.00169
  5.20006    1.00152
  5.30006    1.00135
  5.40006    1.00117
  5.50006    1.00100
  5.60006    1.00083
  5.70006    1.00065
  5.80006    1.00046
  5.90006    1.00029
  6.00006    1.00010
  6.10006    0.99990
  6.20006    0.99968
  6.30006    0.99946
  6.40006    0.99924
  6.50006    0.99899
  6.60006    0.99876
  6.70006    0.99852
  6.80006    0.99826
  6.90005    0.99797
  7.00005    0.99769
  7.10005    0.99739
  7.20005    0.99710
  7.30005    0.99685
  7.40005    0.99654
  7.50005    0.99624
  7.60005    0.99592
  7.70005    0.99560
  7.80005    0.99529
  7.90005    0.99499
  8.00005    0.99467
  8.10005    0.99437
  8.20006    0.99411
  8.30006    0.99386
  8.40006    0.99361
  8.50006    0.99339
  8.60006    0.99320
  8.70006    0.99302
  8.80006    0.99287
  8.90006    0.99273
  9.00006    0.99263
  9.10006    0.99255
  9.20006    0.99252
  9.30006    0.99254
  9.40006    0.99255
  9.50006    0.99259
  9.60006    0.99267
  9.70006    0.99278
  9.80006    0.99292
  9.90006    0.99309
 10.00006    0.99328
 10.10006    0.99352
 10.20006    0.99375
 10.30006    0.99405
 10.40006    0.99434
 10.50006    0.99466
 10.60006    0.99495
 10.70006    0.99525
 10.80007    0.99556
 10.90007    0.99587
 11.00007    0.99618
 11.10007    0.99651
 11.20007    0.99679
 11.30007    0.99707
 11.40007    0.99732
 11.50007    0.99756
 11.60007    0.99776
 11.70007    0.99796
 11.80007    0.99813
 11.90007    0.99829
 12.00007    0.99843
 12.10007    0.99856
 12.20007    0.99869
 12.30007    0.99880
 12.40007    0.99889
 12.50007    0.99900
 12.60007    0.99911
 12.70007    0.99921
 12.80007    0.99934
 12.90007    0.99949
 13.00007    0.99966
 13.10007    0.99985
 13.20007    1.00006
 13.30007    1.00031
 13.40007    1.00056
 13.50008    1.00085
 13.60008    1.00118
 13.70008    1.00152
 13.80008    1.00187
 13.90008    1.00225
 14.00008    1.00265
 14.10008    1.00306
 14.20008    1.00349
 14.30008    1.00391
 14.40008    1.00433
 14.50008    1.00475
 14.60008    1.00514
 14.70008    1.00552
 14.80008    1.00588
 14.90008    1.00621
 15.00008    1.00654
 15.10008    1.00682
 15.20008    1.00705
 15.30008    1.00724
 15.40008    1.00741
 15.50008    1.00754
 15.60008    1.00765
 15.70008    1.00771
 15.80008    1.00775
 15.90008    1.00775
 16.00008    1.00770
 16.10008    1.00764
 16.20008    1.00755
 16.30009    1.00744
 16.40009    1.00729
 16.50009    1.00715
 16.60009    1.00700
 16.70009    1.00684
 16.80009    1.00665
 16.90009    1.00647
 17.00009    1.00628
 17.10009    1.00609
 17.20009    1.00590
 17.30009    1.00570
 17.40009    1.00550
 17.50009    1.00531
 17.60009    1.00511
 17.70009    1.00490
 17.80009    1.00468
 17.90009    1.00446
 18.00009    1.00422
 18.10009    1.00398
 18.20009    1.00370
 18.30009    1.00342
 18.40009    1.00314
 18.50009    1.00284
 18.60009    1.00254
 18.70009    1.00223
 18.80009    1.00190
 18.90009    1.00154
 19.00010    1.00117
 19.10010    1.00080
 19.20010    1.00041
 19.30010    0.99999
 19.40010    0.99957
 19.50010    0.99916
 19.60010    0.99872
 19.70010    0.99827
 19.80010    0.99783
 19.90010    0.99737
 20.00010    0.99694
 20.10010    0.99646
 20.20010    0.99599
 20.30010    0.99549
 20.40010    0.99498
 20.50010    0.99448
 20.60010    0.99399
 20.70010    0.99349
 20.80010    0.99298
 20.90010    0.99248
 21.00010    0.99197
 21.10010    0.99146
 21.20010    0.99095
 21.30010    0.99048
 21.40010    0.98999
 21.50010    0.98952
 21.60011    0.98907
 21.70011    0.98864
 21.80011    0.98821
 21.90011    0.98773
 22.00011    0.98734
 22.10011    0.98698
 22.20011    0.98665
 22.30011    0.98632
 22.40011    0.98602
 22.50011    0.98574
 22.60011    0.98548
 22.70011    0.98524
 22.80011    0.98499
 22.90011    0.98468
 23.00011    0.98444
 23.10011    0.98420
 23.20011    0.98396
 23.30011    0.98374
 23.40011    0.98352
 23.50011    0.98329
 23.60011    0.98304
 23.70011    0.98276
 23.80011    0.98250
 23.90011    0.98223
 24.00011    0.98195
 24.10011    0.98164
 24.20012    0.98134
 24.30012    0.98101
 24.40012    0.98068
 24.50012    0.98035
 24.60012    0.98003
 24.70012    0.97968
 24.80012    0.97934
 24.90012    0.97900
 25.00012    0.97867
 25.10012    0.97838
 25.20012    0.97809
 25.30012    0.97781
 25.40012    0.97754
 25.50012    0.97730
 25.60012    0.97706
 25.70012    0.97686
 25.80012    0.97669
 25.90012    0.97655
 26.00012    0.97644
 26.10012    0.97635
 26.20012    0.97630
 26.30012    0.97627
 26.40012    0.97629
 26.50012    0.97634
 26.60012    0.97642
 26.70012    0.97652
 26.80013    0.97667
 26.90013    0.97684
 27.00013    0.97704
 27.10013    0.97730
 27.20013    0.97757
 27.30013    0.97786
 27.40013    0.97816
 27.50013    0.97850
 27.60013    0.97886
 27.70013    0.97923
 27.80013    0.97962
 27.90013    0.98001
 28.00013    0.98042
 28.10013    0.98085
 28.20013    0.98130
 28.30013    0.98173
 28.40013    0.98217
 28.50013    0.98263
 28.60013    0.98310
 28.70013    0.98356
 28.80013    0.98403
 28.90013    0.98451
 29.00013    0.98501
 29.10013    0.98550
 29.20013    0.98601
 29.30013    0.98652
 29.40014    0.98703
 29.50014    0.98755
 29.60014    0.98810
 29.70014    0.98865
 29.80014    0.98921
 29.90014    0.98977
 30.00000    0.99036
