  1.000000  -25.000000    1.025976
  2.000000  -24.900000    1.025756
  3.000000  -24.799999    1.025413
  4.000000  -24.700001    1.025114
  5.000000  -24.600000    1.024882
  6.000000  -24.500000    1.024690
  7.000000  -24.400000    1.024497
  8.000000  -24.299999    1.024262
  9.000000  -24.200001    1.024005
 10.000000  -24.100000    1.023927
 11.000000  -24.000000    1.023741
 12.000000  -23.900000    1.023779
 13.000000  -23.799999    1.023629
 14.000000  -23.700001    1.023435
 15.000000  -23.600000    1.023170
 16.000000  -23.500000    1.022861
 17.000000  -23.400000    1.022485
 18.000000  -23.299999    1.022213
 19.000000  -23.200001    1.021900
 20.000000  -23.100000    1.021721
 21.000000  -23.000000    1.021476
 22.000000  -22.900000    1.021309
 23.000000  -22.799999    1.021128
 24.000000  -22.700001    1.021143
 25.000000  -22.600000    1.021045
 26.000000  -22.500000    1.018936
 27.000000  -22.400000    1.018596
 28.000000  -22.299999    1.018420
 29.000000  -22.200001    1.018415
 30.000000  -22.100000    1.018424
 31.000000  -22.000000    1.018457
 32.000000  -21.900000    1.018395
 33.000000  -21.799999    1.018421
 34.000000  -21.700001    1.018369
 35.000000  -21.600000    1.018148
 36.000000  -21.500000    1.017938
 37.000000  -21.400000    1.017861
 38.000000  -21.299999    1.017720
 39.000000  -21.200001    1.017528
 40.000000  -21.100000    1.017262
 41.000000  -21.000000    1.017042
 42.000000  -20.900000    1.016793
 43.000000  -20.799999    1.016706
 44.000000  -20.700001    1.016663
 45.000000  -20.600000    1.016891
 46.000000  -20.500000    1.016993
 47.000000  -20.400000    1.017400
 48.000000  -20.299999    1.017711
 49.000000  -20.200001    1.018012
 50.000000  -20.100000    1.018186
 51.000000  -20.000000    1.018280
 52.000000  -19.900000    1.018441
 53.000000  -19.799999    1.018795
 54.000000  -19.700001    1.018724
 55.000000  -19.600000    1.018940
 56.000000  -19.500000    1.018956
 57.000000  -19.400000    1.019003
 58.000000  -19.299999    1.018955
 59.000000  -19.200001    1.019079
 60.000000  -19.100000    1.019117
 61.000000  -19.000000    1.019206
 62.000000  -18.900000    1.019159
 63.000000  -18.799999    1.019368
 64.000000  -18.700001    1.019489
 65.000000  -18.600000    1.019837
 66.000000  -18.500000    1.020282
 67.000000  -18.400000    1.020509
 68.000000  -18.299999    1.020843
 69.000000  -18.200001    1.021204
 70.000000  -18.100000    1.021351
 71.000000  -18.000000    1.021554
 72.000000  -17.900000    1.021618
 73.000000  -17.799999    1.021777
 74.000000  -17.700001    1.021842
 75.000000  -17.600000    1.021912
 76.000000  -17.500000    1.021850
 77.000000  -17.400000    1.021608
 78.000000  -17.299999    1.021473
 79.000000  -17.200001    1.021483
 80.000000  -17.100000    1.021288
 81.000000  -17.000000    1.021417
 82.000000  -16.900000    1.021420
 83.000000  -16.799999    1.021331
 84.000000  -16.700001    1.021466
 85.000000  -16.600000    1.021449
 86.000000  -16.500000    1.021534
 87.000000  -16.400000    1.021668
 88.000000  -16.299999    1.021963
 89.000000  -16.200001    1.022405
 90.000000  -16.100000    1.022747
 91.000000  -16.000000    1.023105
 92.000000  -15.900000    1.023342
 93.000000  -15.800000    1.023343
 94.000000  -15.700000    1.023479
 95.000000  -15.599999    1.023490
 96.000000  -15.500000    1.023270
 97.000000  -15.400000    1.023096
 98.000000  -15.300000    1.022916
 99.000000  -15.200000    1.022845
100.000000  -15.099999    1.022734
101.000000  -15.000000    1.022739
102.000000  -14.900000    1.022514
103.000000  -14.800000    1.022279
104.000000  -14.700000    1.022215
105.000000  -14.599999    1.022094
106.000000  -14.500000    1.022112
107.000000  -14.400000    1.022319
108.000000  -14.300000    1.022474
109.000000  -14.200000    1.022689
110.000000  -14.099999    1.022891
111.000000  -14.000000    1.022932
112.000000  -13.900000    1.022969
113.000000  -13.800000    1.022893
114.000000  -13.700000    1.022755
115.000000  -13.599999    1.022401
116.000000  -13.500000    1.021996
117.000000  -13.400000    1.021682
118.000000  -13.300000    1.021041
119.000000  -13.200000    1.020216
120.000000  -13.099999    1.019459
121.000000  -13.000000    1.018693
122.000000  -12.900000    1.018027
123.000000  -12.800000    1.017428
124.000000  -12.700000    1.016897
125.000000  -12.599999    1.016319
126.000000  -12.500000    1.015632
127.000000  -12.400000    1.015096
128.000000  -12.300000    1.014400
129.000000  -12.200000    1.013741
130.000000  -12.099999    1.013160
131.000000  -12.000000    1.012686
132.000000  -11.900000    1.012242
133.000000  -11.800000    1.011847
134.000000  -11.700000    1.011458
135.000000  -11.599999    1.011061
136.000000  -11.500000    1.010476
137.000000  -11.400000    1.009831
138.000000  -11.300000    1.009277
139.000000  -11.200000    1.008702
140.000000  -11.099999    1.007966
141.000000  -11.000000    1.007219
142.000000  -10.900000    1.006776
143.000000  -10.800000    1.006178
144.000000  -10.700000    1.005303
145.000000  -10.599999    1.004950
146.000000  -10.500000    1.004637
147.000000  -10.400000    1.004277
148.000000  -10.300000    1.003999
149.000000  -10.200000    1.004089
150.000000  -10.099999    1.004016
151.000000  -10.000000    1.004075
152.000000   -9.900000    1.004139
153.000000   -9.800000    1.004346
154.000000   -9.700000    1.004444
155.000000   -9.599999    1.004866
156.000000   -9.500000    1.005473
157.000000   -9.400000    1.006349
158.000000   -9.300000    1.007378
159.000000   -9.200000    1.008300
160.000000   -9.099999    1.009829
161.000000   -9.000000    1.011111
162.000000   -8.900000    1.012478
163.000000   -8.800000    1.014230
164.000000   -8.700000    1.015489
165.000000   -8.599999    1.017129
166.000000   -8.500000    1.018483
167.000000   -8.400000    1.020072
168.000000   -8.300000    1.021308
169.000000   -8.200000    1.022584
170.000000   -8.099999    1.023993
171.000000   -8.000000    1.025380
172.000000   -7.900000    1.026536
173.000000   -7.800000    1.027706
174.000000   -7.700000    1.029171
175.000000   -7.600000    1.030289
176.000000   -7.500000    1.031206
177.000000   -7.400000    1.031920
178.000000   -7.300000    1.032823
179.000000   -7.200000    1.033343
180.000000   -7.100000    1.033675
181.000000   -7.000000    1.033934
182.000000   -6.900000    1.034212
183.000000   -6.800000    1.034508
184.000000   -6.700000    1.034805
185.000000   -6.600000    1.035362
186.000000   -6.500000    1.035951
187.000000   -6.400000    1.036545
188.000000   -6.300000    1.037194
189.000000   -6.200000    1.037905
190.000000   -6.100000    1.038631
191.000000   -6.000000    1.039222
192.000000   -5.900000    1.039683
193.000000   -5.800000    1.040556
194.000000   -5.700000    1.041870
195.000000   -5.600000    1.042865
196.000000   -5.500000    1.044061
197.000000   -5.400000    1.044926
198.000000   -5.300000    1.046254
199.000000   -5.200000    1.047589
200.000000   -5.100000    1.048844
201.000000   -5.000000    1.049619
202.000000   -4.900000    1.050102
203.000000   -4.800000    1.050822
204.000000   -4.700000    1.051417
205.000000   -4.600000    1.051723
206.000000   -4.500000    1.051905
207.000000   -4.400000    1.052655
208.000000   -4.300000    1.053032
209.000000   -4.200000    1.053318
210.000000   -4.100000    1.053800
211.000000   -4.000000    1.053694
212.000000   -3.900000    1.053977
213.000000   -3.800000    1.053583
214.000000   -3.700000    1.053405
215.000000   -3.600000    1.052299
216.000000   -3.500000    1.051258
217.000000   -3.400000    1.050158
218.000000   -3.300000    1.048904
219.000000   -3.200000    1.047559
220.000000   -3.100000    1.045891
221.000000   -3.000000    1.044615
222.000000   -2.900000    1.043060
223.000000   -2.800000    1.041234
224.000000   -2.700000    1.038996
225.000000   -2.600000    1.036908
226.000000   -2.500000    1.034881
227.000000   -2.400000    1.033121
228.000000   -2.300000    1.031170
229.000000   -2.200000    1.029066
230.000000   -2.100000    1.026883
231.000000   -2.000000    1.025319
232.000000   -1.900000    1.024198
233.000000   -1.800000    1.022797
234.000000   -1.700000    1.021631
235.000000   -1.600000    1.020150
236.000000   -1.500000    1.018751
237.000000   -1.400000    1.015746
238.000000   -1.300000    1.014296
239.000000   -1.200000    1.013151
240.000000   -1.100000    1.012167
241.000000   -1.000000    1.010958
242.000000   -0.900000    1.010185
243.000000   -0.800000    1.009347
244.000000   -0.700000    1.008775
245.000000   -0.600000    1.008017
246.000000   -0.500000    1.007358
247.000000   -0.400000    1.006842
248.000000   -0.300000    1.006053
249.000000   -0.200000    1.005556
250.000000   -0.100000    1.004839
251.000000    0.000000    1.004175
252.000000    0.100000    1.003364
253.000000    0.200000    1.002383
254.000000    0.300000    1.001502
255.000000    0.400000    1.000613
256.000000    0.500000    0.999431
257.000000    0.600000    0.998314
258.000000    0.700000    0.997245
259.000000    0.800000    0.996098
260.000000    0.900000    0.995259
261.000000    1.000000    0.994036
262.000000    1.100000    0.992939
263.000000    1.200000    0.992228
264.000000    1.300000    0.991304
265.000000    1.400000    0.990423
266.000000    1.500000    0.989530
267.000000    1.600000    0.989046
268.000000    1.700000    0.988294
269.000000    1.800000    0.987745
270.000000    1.900000    0.987503
271.000000    2.000000    0.987264
272.000000    2.100000    0.986882
273.000000    2.200000    0.986528
274.000000    2.300000    0.986002
275.000000    2.400000    0.985515
276.000000    2.500000    0.984761
277.000000    2.600000    0.984081
278.000000    2.700001    0.983217
279.000000    2.800000    0.982255
280.000000    2.900000    0.981519
281.000000    3.000000    0.980624
282.000000    3.100000    0.980045
283.000000    3.200001    0.979292
284.000000    3.300000    0.978689
285.000000    3.400000    0.977951
286.000000    3.500000    0.977287
287.000000    3.600000    0.976879
288.000000    3.700001    0.976149
289.000000    3.800000    0.975536
290.000000    3.900000    0.975128
291.000000    4.000000    0.974619
292.000000    4.100000    0.974367
293.000000    4.200000    0.973998
294.000000    4.300001    0.973519
295.000000    4.400001    0.973261
296.000000    4.500000    0.972748
297.000000    4.600000    0.972561
298.000000    4.700000    0.972323
299.000000    4.800001    0.971988
300.000000    4.900001    0.971479
301.000000    5.000000    0.970788
302.000000    5.100000    0.970629
303.000000    5.200000    0.970169
304.000000    5.300001    0.969873
305.000000    5.400001    0.969591
306.000000    5.500000    0.969304
307.000000    5.600000    0.969033
308.000000    5.700000    0.968853
309.000000    5.800001    0.968541
310.000000    5.900001    0.968157
311.000000    6.000000    0.967984
312.000000    6.100000    0.967517
313.000000    6.200000    0.967173
314.000000    6.300001    0.966677
315.000000    6.400001    0.966466
316.000000    6.500000    0.966187
317.000000    6.600000    0.966028
318.000000    6.700000    0.965886
319.000000    6.800001    0.965862
320.000000    6.900001    0.966095
321.000000    7.000000    0.966145
322.000000    7.100000    0.966152
323.000000    7.200000    0.965950
324.000000    7.300001    0.966075
325.000000    7.400001    0.966005
326.000000    7.500000    0.966133
327.000000    7.600000    0.966307
328.000000    7.700000    0.966270
329.000000    7.800001    0.966465
330.000000    7.900001    0.966642
331.000000    8.000001    0.966863
332.000000    8.100000    0.967010
333.000000    8.200001    0.967501
334.000000    8.300000    0.968020
335.000000    8.400001    0.968377
336.000000    8.500001    0.969041
337.000000    8.600000    0.969654
338.000000    8.700001    0.970418
339.000000    8.800000    0.970908
340.000000    8.900001    0.971398
341.000000    9.000001    0.971920
342.000000    9.100000    0.972731
343.000000    9.200001    0.973223
344.000000    9.300000    0.973977
345.000000    9.400001    0.974426
346.000000    9.500001    0.975075
347.000000    9.600000    0.975310
348.000000    9.700001    0.975858
349.000000    9.800000    0.976118
350.000000    9.900001    0.976189
351.000000   10.000001    0.976170
352.000000   10.100000    0.976248
353.000000   10.200001    0.976322
354.000000   10.300000    0.976130
355.000000   10.400001    0.976167
356.000000   10.500001    0.975767
357.000000   10.600000    0.975521
358.000000   10.700001    0.975248
359.000000   10.800000    0.974944
360.000000   10.900001    0.974523
361.000000   11.000001    0.974125
362.000000   11.100000    0.973663
363.000000   11.200001    0.973084
364.000000   11.300000    0.972501
365.000000   11.400001    0.971970
366.000000   11.500001    0.971189
367.000000   11.600000    0.970563
368.000000   11.700001    0.969898
369.000000   11.800000    0.969356
370.000000   11.900001    0.968980
371.000000   12.000001    0.968570
372.000000   12.100000    0.967968
373.000000   12.200001    0.967494
374.000000   12.300000    0.966996
375.000000   12.400001    0.966681
376.000000   12.500001    0.966242
377.000000   12.600000    0.966080
378.000000   12.700001    0.965629
379.000000   12.800000    0.965265
380.000000   12.900001    0.964850
381.000000   13.000001    0.964667
382.000000   13.100000    0.964545
383.000000   13.200001    0.964413
384.000000   13.300000    0.964415
385.000000   13.400001    0.964225
386.000000   13.500001    0.964377
387.000000   13.600000    0.964478
388.000000   13.700001    0.964435
389.000000   13.800000    0.964353
390.000000   13.900001    0.964518
391.000000   14.000001    0.964718
392.000000   14.100000    0.964874
393.000000   14.200001    0.964998
394.000000   14.300000    0.965202
395.000000   14.400001    0.965532
396.000000   14.500001    0.965931
397.000000   14.600000    0.966327
398.000000   14.700001    0.966678
399.000000   14.800000    0.967104
400.000000   14.900001    0.967473
401.000000   15.000001    0.967942
402.000000   15.100000    0.968355
403.000000   15.200001    0.968806
404.000000   15.300000    0.969368
405.000000   15.400001    0.969708
406.000000   15.500001    0.970424
407.000000   15.600000    0.971056
408.000000   15.700001    0.971624
409.000000   15.800000    0.973002
410.000000   15.900001    0.973580
411.000000   16.000000    0.974740
412.000000   16.100000    0.975913
413.000000   16.200001    0.976833
414.000000   16.300001    0.977816
415.000000   16.400002    0.979288
416.000000   16.500000    0.980456
417.000000   16.600000    0.981690
418.000000   16.700001    0.982841
419.000000   16.800001    0.984419
420.000000   16.900002    0.985514
421.000000   17.000000    0.986699
422.000000   17.100000    0.987904
423.000000   17.200001    0.988966
424.000000   17.300001    0.990041
425.000000   17.400002    0.991068
426.000000   17.500000    0.991935
427.000000   17.600000    0.993025
428.000000   17.700001    0.993912
429.000000   17.800001    0.994870
430.000000   17.900002    0.995818
431.000000   18.000000    0.996602
432.000000   18.100000    0.997500
433.000000   18.200001    0.998573
434.000000   18.300001    0.999525
435.000000   18.400002    1.000315
436.000000   18.500000    1.001264
437.000000   18.600000    1.001971
438.000000   18.700001    1.002599
439.000000   18.800001    1.003235
440.000000   18.900002    1.003893
441.000000   19.000000    1.004772
442.000000   19.100000    1.005382
443.000000   19.200001    1.005839
444.000000   19.300001    1.006506
445.000000   19.400002    1.007142
446.000000   19.500000    1.007868
447.000000   19.600000    1.008336
448.000000   19.700001    1.008808
449.000000   19.800001    1.009485
450.000000   19.900002    1.010101
451.000000   20.000000    1.010769
452.000000   20.100000    1.011150
453.000000   20.200001    1.011685
454.000000   20.300001    1.012052
455.000000   20.400002    1.012592
456.000000   20.500000    1.013120
457.000000   20.600000    1.013197
458.000000   20.700001    1.013614
459.000000   20.800001    1.013618
460.000000   20.900002    1.013409
461.000000   21.000000    1.013210
462.000000   21.100000    1.012950
463.000000   21.200001    1.012395
464.000000   21.300001    1.011756
465.000000   21.400002    1.011220
466.000000   21.500000    1.010350
467.000000   21.600000    1.009779
468.000000   21.700001    1.008818
469.000000   21.800001    1.008132
470.000000   21.900002    1.007106
471.000000   22.000000    1.006053
472.000000   22.100000    1.004884
473.000000   22.200001    1.003955
474.000000   22.300001    1.002673
475.000000   22.400002    1.001393
476.000000   22.500000    1.000043
477.000000   22.600000    0.998972
478.000000   22.700001    0.997893
479.000000   22.800001    0.996898
480.000000   22.900002    0.995666
481.000000   23.000000    0.994357
482.000000   23.100000    0.993286
483.000000   23.200001    0.992337
484.000000   23.300001    0.991162
485.000000   23.400002    0.990249
486.000000   23.500000    0.989251
487.000000   23.600000    0.988249
488.000000   23.700001    0.987219
489.000000   23.800001    0.986676
490.000000   23.900002    0.986099
491.000000   24.000000    0.985544
492.000000   24.100000    0.985167
493.000000   24.200001    0.984800
494.000000   24.300001    0.984493
495.000000   24.400002    0.984083
496.000000   24.500000    0.983591
497.000000   24.600000    0.983235
498.000000   24.700001    0.982842
499.000000   24.800001    0.982143
500.000000   24.900002    0.981563
501.000000   25.000000    0.981012
502.000000   25.100000    0.980318
503.000000   25.200001    0.979658
504.000000   25.300001    0.979080
505.000000   25.400002    0.978298
506.000000   25.500000    0.977718
507.000000   25.600000    0.977060
508.000000   25.700001    0.976534
509.000000   25.800001    0.975821
510.000000   25.900002    0.975259
511.000000   26.000000    0.974741
512.000000   26.100000    0.974302
513.000000   26.200001    0.973863
514.000000   26.300001    0.973394
515.000000   26.400002    0.972931
516.000000   26.500000    0.972447
517.000000   26.600000    0.971833
518.000000   26.700001    0.971332
519.000000   26.800001    0.970769
520.000000   26.900002    0.970308
521.000000   27.000000    0.969734
522.000000   27.100000    0.969097
523.000000   27.200001    0.968572
524.000000   27.300001    0.968199
525.000000   27.400002    0.967650
526.000000   27.500000    0.967373
527.000000   27.600000    0.967054
528.000000   27.700001    0.966814
529.000000   27.800001    0.966517
530.000000   27.900002    0.966587
531.000000   28.000000    0.966514
532.000000   28.100000    0.966533
533.000000   28.200001    0.966558
534.000000   28.300001    0.966576
535.000000   28.400002    0.966616
536.000000   28.500000    0.966847
537.000000   28.600000    0.966972
538.000000   28.700001    0.967226
539.000000   28.800001    0.967494
540.000000   28.900002    0.967535
541.000000   29.000000    0.969807
542.000000   29.100000    0.971516
543.000000   29.200001    0.971486
544.000000   29.300001    0.971521
545.000000   29.400002    0.971578
546.000000   29.500000    0.971590
547.000000   29.600000    0.971691
548.000000   29.700001    0.971754
549.000000   29.800001    0.971879
550.000000   29.900002    0.971926
551.000000   30.000000    0.972020
