   8.10003   7.87120   7.83688   7.75959   7.67137   7.52800   7.17682   6.83250
   8.09860   7.87007   7.83596   7.75864   7.67015   7.52566   7.17563   6.83117
   8.09732   7.86916   7.83475   7.75736   7.66910   7.52453   7.17331   6.82966
   8.09589   7.86806   7.83345   7.75643   7.66825   7.52319   7.17140   6.82831
   8.09437   7.86679   7.83245   7.75541   7.66706   7.52207   7.17027   6.82778
   8.09294   7.86559   7.83152   7.75439   7.66601   7.52097   7.16868   6.82699
   8.09150   7.86446   7.83044   7.75331   7.66507   7.52010   7.16018   6.82599
   8.08998   7.86333   7.82950   7.75255   7.66428   7.51932   7.15910   6.82555
   8.08855   7.86190   7.82819   7.75163   7.66344   7.51863   7.15836   6.82539
   8.08704   7.86082   7.82728   7.75072   7.66258   7.51788   7.15664   6.82487
   8.08568   7.85953   7.82645   7.74973   7.66190   7.51722   7.15563   6.82454
   8.08432   7.85850   7.82542   7.74866   7.66138   7.51671   7.15471   6.82474
   8.08289   7.85749   7.82431   7.74777   7.66089   7.51638   7.15315   6.82466
   8.08161   7.85649   7.82364   7.74700   7.66042   7.51602   7.15279   6.82510
   8.08042   7.85550   7.82282   7.74659   7.66037   7.51587   7.15287   6.82622
   8.07859   7.85466   7.82183   7.74611   7.65994   7.51579   7.15255   6.82664
   8.07715   7.85371   7.82120   7.74554   7.65973   7.51585   7.15495   6.82695
   8.07595   7.85299   7.82065   7.74534   7.65942   7.51569   7.15497   6.82734
   8.07452   7.85210   7.81996   7.74477   7.65929   7.51562   7.15454   6.82776
   8.07324   7.85146   7.81949   7.74434   7.65900   7.51578   7.15414   6.82813
   8.07237   7.85085   7.81919   7.74409   7.65893   7.51581   7.15431   6.82859
   8.07165   7.85015   7.81839   7.74361   7.65922   7.51588   7.15430   6.82913
   8.07061   7.84934   7.81749   7.74320   7.65942   7.51594   7.15462   6.82965
   8.07030   7.84876   7.81663   7.74405   7.65907   7.51592   7.15408   6.82978
   8.06934   7.84821   7.81629   7.74377   7.65900   7.51575   7.15353   6.83014
   8.06878   7.84768   7.81593   7.74339   7.65876   7.51571   7.15348   6.83028
   8.06798   7.84724   7.81563   7.74310   7.65865   7.51554   7.15428   6.83006
   8.06735   7.84651   7.81395   7.74265   7.65846   7.51545   7.15413   6.82971
   8.06671   7.84581   7.81350   7.74357   7.65823   7.51523   7.15387   6.82908
   8.06583   7.84489   7.81287   7.74303   7.65792   7.51472   7.15337   6.82880
   8.06487   7.84424   7.81225   7.74250   7.65749   7.51416   7.15299   6.82855
   8.06408   7.84336   7.81159   7.74168   7.65715   7.51352   7.15192   6.82802
   8.06344   7.84272   7.81098   7.74110   7.65645   7.51286   7.15096   6.82763
   8.06256   7.84193   7.81050   7.74055   7.65598   7.51207   7.14908   6.82654
   8.06161   7.84130   7.80996   7.73931   7.65526   7.51118   7.14846   6.82569
   8.06081   7.84049   7.80941   7.73843   7.65441   7.51023   7.14789   6.82460
   8.06009   7.83967   7.80871   7.73767   7.65346   7.50915   7.14621   6.82374
   8.05937   7.83866   7.80803   7.73670   7.65262   7.50802   7.14431   6.82273
   8.05858   7.83776   7.80734   7.73563   7.65148   7.50686   7.14272   6.82153
   8.05762   7.83678   7.80656   7.73476   7.65045   7.50561   7.14148   6.82044
   8.05698   7.83599   7.80595   7.73353   7.64966   7.50435   7.14046   6.81960
   8.05642   7.83498   7.80483   7.73249   7.64883   7.50313   7.13879   6.81888
   8.05555   7.83375   7.80346   7.73142   7.64746   7.50178   7.13677   6.81789
   8.05499   7.83246   7.80117   7.73010   7.64622   7.50050   7.13524   6.81668
   8.05395   7.83185   7.79991   7.72816   7.64503   7.49921   7.13355   6.81554
   8.05292   7.83096   7.79902   7.72690   7.64351   7.49790   7.13165   6.81440
   8.05220   7.83027   7.79817   7.72561   7.64227   7.49676   7.13006   6.81303
   8.05156   7.82907   7.79702   7.72466   7.64118   7.49559   7.12848   6.81185
   8.05108   7.82780   7.79581   7.72347   7.64014   7.49429   7.12691   6.81060
   8.05013   7.82650   7.79473   7.72230   7.63898   7.49274   7.12490   6.80972
   8.04925   7.82515   7.79368   7.72098   7.63765   7.49135   7.12319   6.80834
   8.04845   7.82479   7.79271   7.71972   7.63630   7.48979   7.12098   6.80716
   8.04765   7.82368   7.79151   7.71853   7.63513   7.48857   7.11913   6.80601
   8.04694   7.82268   7.79041   7.71740   7.63409   7.48721   7.11761   6.80462
   8.04638   7.82170   7.78954   7.71636   7.63303   7.48640   7.11612   6.80301
   8.04550   7.82067   7.78870   7.71528   7.63178   7.48518   7.11417   6.80176
   8.04447   7.81926   7.78730   7.71390   7.63066   7.48386   7.11272   6.80029
   8.04383   7.81814   7.78625   7.71242   7.62933   7.48279   7.11066   6.79887
   8.04335   7.81701   7.78512   7.71125   7.62803   7.48163   7.10878   6.79744
   8.04383   7.81605   7.78409   7.71080   7.62700   7.47983   7.10743   6.79632
   8.04303   7.81502   7.78314   7.70965   7.62614   7.47878   7.10572   6.79540
   8.04231   7.81414   7.78196   7.70841   7.62496   7.47809   7.10407   6.79426
   8.04144   7.81286   7.78084   7.70725   7.62388   7.47692   7.10220   6.79315
   8.04064   7.81183   7.77995   7.70642   7.62275   7.47582   7.10064   6.79204
   8.03976   7.81073   7.78037   7.70541   7.62173   7.47475   7.09854   6.79119
   8.03896   7.80973   7.77980   7.70448   7.62073   7.47404   7.09716   6.79016
   8.03809   7.80905   7.77904   7.70375   7.62006   7.47331   7.09697   6.78946
   8.03705   7.80817   7.77782   7.70291   7.61936   7.47254   7.09607   6.78887
   8.03554   7.80695   7.77683   7.70222   7.61880   7.47200   7.09421   6.78862
   8.03426   7.80586   7.77573   7.70169   7.61785   7.47061   7.09233   6.78813
   8.03338   7.80511   7.77490   7.70079   7.61709   7.46979   7.09132   6.78770
   8.03235   7.80491   7.77416   7.69992   7.61659   7.46942   7.09027   6.78747
   8.03155   7.80419   7.77364   7.69929   7.61602   7.46913   7.08975   6.78752
   8.03059   7.80348   7.77311   7.69882   7.61563   7.46872   7.08879   6.78749
   8.02972   7.80271   7.77235   7.69849   7.61520   7.46832   7.08884   6.78738
   8.02844   7.80174   7.77151   7.69783   7.61482   7.46808   7.08855   6.78776
   8.02701   7.80099   7.77099   7.69725   7.61453   7.46788   7.08780   6.78803
   8.02573   7.80017   7.77024   7.69663   7.61422   7.46734   7.08745   6.78837
   8.02565   7.79952   7.76936   7.69617   7.61401   7.46721   7.08749   6.78847
   8.02454   7.79909   7.76874   7.69575   7.61405   7.46786   7.08715   6.78920
   8.02334   7.79864   7.76776   7.69518   7.61375   7.46779   7.08743   6.78962
   8.02214   7.79761   7.76706   7.69466   7.61382   7.46761   7.08730   6.78993
   8.02079   7.79683   7.76623   7.69435   7.61383   7.46762   7.08736   6.79026
   8.01959   7.79609   7.76552   7.69397   7.61358   7.46765   7.08748   6.79085
   8.01840   7.79535   7.76515   7.69355   7.61388   7.46763   7.08721   6.79091
   8.01712   7.79469   7.76477   7.69335   7.61383   7.46779   7.08782   6.79115
   8.01561   7.79413   7.76422   7.69282   7.61390   7.46778   7.08813   6.79146
   8.01449   7.79345   7.76347   7.69253   7.61402   7.46796   7.08828   6.79168
   8.01330   7.79256   7.76290   7.69240   7.61386   7.46793   7.08772   6.79161
   8.01210   7.79174   7.76222   7.69202   7.61357   7.46765   7.08808   6.79175
   8.01074   7.79094   7.76251   7.69141   7.61336   7.46752   7.08859   6.79168
   8.00971   7.79025   7.76217   7.69091   7.61311   7.46734   7.08792   6.79161
   8.00867   7.78953   7.76153   7.69051   7.61286   7.46731   7.08819   6.79156
   8.00811   7.78883   7.76101   7.69030   7.61293   7.46722   7.08770   6.79167
   8.00732   7.78826   7.76043   7.69012   7.61388   7.46695   7.08724   6.79171
   8.00620   7.78745   7.76006   7.68982   7.61346   7.46668   7.08639   6.79199
   8.00524   7.78685   7.75952   7.68933   7.61313   7.46628   7.08632   6.79208
   8.00413   7.78625   7.75906   7.68861   7.61390   7.46576   7.08601   6.79183
   8.00453   7.78571   7.75848   7.68786   7.61367   7.46563   7.08555   6.79158
   8.00405   7.78489   7.75813   7.68730   7.61409   7.46521   7.08502   6.79125
   8.00333   7.78410   7.75752   7.68654   7.61391   7.46473   7.08470   6.79112
   8.00269   7.78336   7.75680   7.68589   7.61347   7.46445   7.08409   6.79094
   8.00181   7.78177   7.75616   7.68524   7.61289   7.46384   7.08362   6.79060
   8.00118   7.78103   7.75569   7.68473   7.61220   7.46325   7.08319   6.79016
   8.00038   7.78017   7.75512   7.68417   7.61048   7.46250   7.08243   6.78970
   7.99942   7.77964   7.75453   7.68328   7.60984   7.46169   7.08208   6.78891
   7.99871   7.77911   7.75403   7.68254   7.60916   7.46102   7.08143   6.78853
   7.99791   7.77856   7.75315   7.68153   7.60833   7.46012   7.08031   6.78768
   7.99815   7.77749   7.75220   7.68067   7.60750   7.45920   7.07965   6.78655
   7.99735   7.77637   7.75134   7.67961   7.60559   7.45820   7.07861   6.78583
   7.99687   7.77537   7.75045   7.67858   7.60466   7.45702   7.07739   6.78484
   7.99600   7.77426   7.74931   7.67725   7.60357   7.45578   7.07607   6.78328
   7.99544   7.77226   7.74829   7.67602   7.60301   7.45459   7.07492   6.78168
   7.99448   7.77091   7.74704   7.67470   7.60187   7.45331   7.07379   6.78011
   7.99344   7.76950   7.74579   7.67333   7.60079   7.45179   7.07236   6.77822
   7.99233   7.76813   7.74463   7.67189   7.59937   7.45027   7.07086   6.77623
   7.99105   7.76693   7.74360   7.67024   7.59807   7.44849   7.06928   6.77412
   7.98994   7.76565   7.74224   7.66861   7.59645   7.44654   7.06684   6.77227
   7.98890   7.76437   7.74105   7.66703   7.59461   7.44477   7.06385   6.76989
   7.98802   7.76240   7.73953   7.66536   7.59325   7.44265   7.06193   6.76770
   7.98731   7.76099   7.73790   7.66359   7.59143   7.44055   7.06026   6.76528
   7.98651   7.75933   7.73619   7.66165   7.58954   7.43845   7.05748   6.76300
   7.98579   7.75779   7.73464   7.65982   7.58771   7.43615   7.05477   6.76019
   7.98523   7.75605   7.73297   7.65795   7.58584   7.43402   7.05173   6.75750
   7.98452   7.75440   7.73127   7.65602   7.58416   7.43178   7.04960   6.75469
   7.98372   7.75302   7.72997   7.65421   7.58225   7.42956   7.04680   6.75230
   7.98244   7.75178   7.72841   7.65255   7.58013   7.42756   7.04407   6.74966
   7.98165   7.75052   7.72667   7.65105   7.57837   7.42513   7.04187   6.74752
   7.98109   7.74915   7.72516   7.64983   7.57659   7.42301   7.03942   6.74531
   7.98085   7.74756   7.72402   7.64843   7.57503   7.42112   7.03707   6.74325
   7.98069   7.74679   7.72270   7.64723   7.57380   7.41951   7.03469   6.74124
   7.98053   7.74567   7.72151   7.64622   7.57241   7.41773   7.03296   6.73929
   7.98053   7.74489   7.72058   7.64515   7.57133   7.41637   7.03129   6.73738
   7.98037   7.74431   7.71955   7.64445   7.56910   7.41537   7.02888   6.73591
   7.98021   7.74404   7.71862   7.64393   7.56818   7.41476   7.02685   6.73483
   7.98013   7.74381   7.71822   7.64335   7.56752   7.41398   7.02582   6.73400
   7.98005   7.74387   7.71792   7.64307   7.56708   7.41337   7.02435   6.73393
   7.97997   7.74411   7.71791   7.64320   7.56664   7.41316   7.02344   6.73435
   7.98013   7.74413   7.71797   7.64354   7.56666   7.41290   7.02303   6.73450
   7.98061   7.74436   7.71826   7.64389   7.56686   7.41314   7.02342   6.73492
   7.98085   7.74481   7.71850   7.64417   7.56781   7.41348   7.02337   6.73566
   7.98133   7.74536   7.71955   7.64462   7.56825   7.41417   7.02368   6.73583
   7.98149   7.74577   7.71985   7.64527   7.56911   7.41486   7.02443   6.73490
   7.98157   7.74651   7.72037   7.64593   7.56999   7.41590   7.02558   6.73560
   7.98181   7.74687   7.72085   7.64658   7.57071   7.41651   7.02624   6.73720
   7.98173   7.74745   7.72152   7.64731   7.57159   7.41762   7.02732   6.73886
   7.98157   7.74804   7.72214   7.64824   7.57259   7.41862   7.02845   6.74004
   7.98149   7.74893   7.72301   7.64908   7.57356   7.41967   7.02968   6.73980
   7.98125   7.74948   7.72365   7.64980   7.57433   7.41972   7.03036   6.74097
   7.98125   7.74975   7.72419   7.65041   7.57522   7.42066   7.03397   6.74222
   7.98149   7.74971   7.72479   7.65078   7.57608   7.42125   7.03491   6.74311
   7.98141   7.74980   7.72549   7.65081   7.57667   7.42159   7.03606   6.74391
   7.98109   7.74995   7.72571   7.65104   7.57710   7.42212   7.03669   6.74470
   7.98061   7.74991   7.72581   7.65117   7.57744   7.42236   7.03684   6.74490
   7.98013   7.74976   7.72599   7.65119   7.57758   7.42245   7.03746   6.74488
   7.97949   7.74950   7.72609   7.65084   7.57766   7.42233   7.03788   6.74526
   7.97902   7.74913   7.72602   7.65038   7.57740   7.42222   7.03794   6.74496
   7.97862   7.74890   7.72559   7.64980   7.57700   7.42162   7.03777   6.74422
   7.97822   7.74857   7.72530   7.64915   7.57650   7.42125   7.03765   6.74373
   7.97790   7.74815   7.72466   7.64849   7.57602   7.42061   7.03673   6.74339
   7.97758   7.74743   7.72419   7.64789   7.57535   7.41999   7.03581   6.74276
   7.97726   7.74664   7.72360   7.64718   7.57470   7.41906   7.03490   6.74239
   7.97662   7.74612   7.72295   7.64650   7.57394   7.41807   7.03481   6.74171
   7.97599   7.74531   7.72219   7.64562   7.57321   7.41726   7.03369   6.74128
   7.97543   7.74459   7.72155   7.64489   7.57240   7.41662   7.03258   6.74064
   7.97495   7.74414   7.72076   7.64438   7.57179   7.41602   7.03169   6.74033
   7.97439   7.74412   7.72027   7.64387   7.57112   7.41575   7.03115   6.74037
   7.97399   7.74366   7.71972   7.64360   7.57047   7.41535   7.03148   6.74039
   7.97375   7.74353   7.71912   7.64323   7.56987   7.41513   7.03121   6.74035
   7.97367   7.74326   7.71887   7.64303   7.56963   7.41511   7.03117   6.74063
   7.97367   7.74323   7.71905   7.64316   7.56976   7.41521   7.03174   6.74150
   7.97375   7.74314   7.71874   7.64346   7.56975   7.41528   7.03281   6.74230
   7.97359   7.74342   7.71854   7.64363   7.57004   7.41575   7.03233   6.74341
   7.97375   7.74369   7.71916   7.64460   7.57065   7.41666   7.03261   6.74469
   7.97375   7.74418   7.72056   7.64537   7.57146   7.41764   7.03409   6.74637
   7.97383   7.74493   7.72116   7.64642   7.57237   7.41903   7.03554   6.74817
   7.97415   7.74569   7.72198   7.64746   7.57363   7.42039   7.03676   6.75011
   7.97463   7.74569   7.72307   7.64877   7.57506   7.42195   7.03855   6.75197
   7.97527   7.74691   7.72404   7.65012   7.57655   7.42381   7.04100   6.75392
   7.97599   7.74798   7.72514   7.65161   7.57806   7.42592   7.04313   6.75631
   7.97662   7.74914   7.72620   7.65320   7.57975   7.42788   7.04487   6.75892
   7.97726   7.75038   7.72748   7.65506   7.58158   7.42963   7.04801   6.76065
   7.97806   7.75167   7.72873   7.65603   7.58360   7.43202   7.05080   6.76358
   7.97870   7.75317   7.73045   7.65787   7.58548   7.43420   7.05272   6.76584
   7.97941   7.75467   7.73200   7.65984   7.58749   7.43628   7.05508   6.76819
   7.98013   7.75650   7.73374   7.66180   7.58969   7.43849   7.05788   6.77107
   7.98085   7.75798   7.73538   7.66355   7.59147   7.44061   7.06059   6.77316
   7.98165   7.75943   7.73711   7.66538   7.59339   7.44266   7.06299   6.77547
   7.98252   7.76080   7.73867   7.66702   7.59553   7.44475   7.06558   6.77775
   7.98276   7.76205   7.74034   7.66862   7.59746   7.44673   7.06852   6.77979
   7.98364   7.76331   7.74186   7.67036   7.59902   7.44857   7.07066   6.78175
   7.98444   7.76577   7.74327   7.67173   7.60077   7.45027   7.07257   6.78502
   7.98507   7.76684   7.74463   7.67308   7.60243   7.45171   7.07460   6.78625
   7.98563   7.76808   7.74602   7.67441   7.60379   7.45320   7.07621   6.78796
   7.98619   7.76909   7.74659   7.67548   7.60485   7.45444   7.07780   6.78896
   7.98691   7.77082   7.74787   7.67644   7.60608   7.45555   7.07977   6.78965
   7.98739   7.77170   7.74885   7.67729   7.60727   7.45636   7.08090   6.79046
   7.98794   7.77251   7.74964   7.67797   7.60806   7.45703   7.08205   6.79141
   7.98842   7.77303   7.75030   7.67869   7.60850   7.45770   7.08309   6.79204
   7.98962   7.77358   7.75096   7.67926   7.60913   7.45820   7.08300   6.79238
   7.99010   7.77404   7.75141   7.67950   7.60953   7.45827   7.08320   6.79211
   7.99057   7.77497   7.75176   7.67972   7.60989   7.45836   7.08410   6.79222
   7.99097   7.77540   7.75208   7.67998   7.60982   7.45825   7.08429   6.79172
   7.99161   7.77581   7.75233   7.68002   7.61000   7.45806   7.08376   6.79091
   7.99201   7.77615   7.75330   7.68010   7.61011   7.45793   7.08333   6.79044
   7.99257   7.77686   7.75353   7.68007   7.60979   7.45882   7.08361   6.78985
   7.99297   7.77716   7.75396   7.68027   7.60966   7.45849   7.08335   6.78936
   7.99336   7.77739   7.75415   7.68034   7.60957   7.45826   7.08334   6.78871
   7.99400   7.77771   7.75448   7.68050   7.60958   7.45798   7.08306   6.78839
   7.99448   7.77794   7.75439   7.68069   7.60962   7.45789   7.08277   6.78813
   7.99504   7.77849   7.75470   7.68082   7.60960   7.45794   7.08206   6.78783
   7.99560   7.77893   7.75473   7.68111   7.60946   7.45788   7.08189   6.78710
   7.99615   7.78006   7.75496   7.68154   7.60965   7.45805   7.08173   6.78741
   7.99663   7.78039   7.75521   7.68203   7.60972   7.45824   7.08191   6.78702
   7.99727   7.78104   7.75574   7.68263   7.60997   7.45842   7.08234   6.78724
   7.99791   7.78192   7.75644   7.68321   7.61040   7.45941   7.08251   6.78745
   7.99855   7.78255   7.75700   7.68386   7.61096   7.45993   7.08350   6.78805
   7.99926   7.78328   7.75764   7.68467   7.61147   7.46047   7.08378   6.78881
   8.00006   7.78431   7.75841   7.68539   7.61225   7.46127   7.08468   6.78947
   8.00070   7.78533   7.75917   7.68623   7.61309   7.46216   7.08549   6.79010
   8.00166   7.78626   7.75982   7.68716   7.61404   7.46274   7.08621   6.79126
   8.00245   7.78698   7.76076   7.68777   7.61504   7.46365   7.08710   6.79205
   8.00325   7.78800   7.76164   7.68870   7.61607   7.46456   7.08852   6.79293
   8.00405   7.78915   7.76236   7.68963   7.61701   7.46540   7.08924   6.79368
   8.00508   7.79001   7.76299   7.69042   7.61785   7.46632   7.09024   6.79452
   8.00580   7.79096   7.76400   7.69127   7.61970   7.46751   7.09157   6.79575
   8.00652   7.79200   7.76475   7.69208   7.62053   7.46834   7.09319   6.79660
   8.00724   7.79260   7.76564   7.69273   7.62127   7.46910   7.09432   6.79760
   8.00795   7.79339   7.76636   7.69355   7.62194   7.47005   7.09574   6.79868
   8.00851   7.79428   7.76730   7.69423   7.62271   7.47075   7.09640   6.79923
   8.00923   7.79486   7.76789   7.69478   7.62347   7.47133   7.09711   6.79961
   8.00987   7.79550   7.76838   7.69520   7.62399   7.47194   7.09768   6.80042
   8.01035   7.79604   7.76877   7.69575   7.62423   7.47263   7.09923   6.80092
   8.01066   7.79640   7.76924   7.69615   7.62479   7.47293   7.10059   6.80154
   8.01090   7.79663   7.76943   7.69639   7.62516   7.47342   7.10095   6.80174
   8.01114   7.79686   7.76966   7.69667   7.62648   7.47378   7.10155   6.80201
   8.01130   7.79704   7.76981   7.69672   7.62678   7.47437   7.10237   6.80225
   8.01162   7.79731   7.77005   7.69652   7.62534   7.47437   7.10233   6.80209
   8.01186   7.79726   7.77008   7.69635   7.62546   7.47426   7.10281   6.80186
   8.01194   7.79751   7.76999   7.69618   7.62522   7.47403   7.10312   6.80208
   8.01194   7.79740   7.77015   7.69599   7.62510   7.47384   7.10300   6.80183
   8.01202   7.79735   7.77019   7.69567   7.62517   7.47367   7.10332   6.80132
   8.01186   7.79716   7.76977   7.69528   7.62496   7.47333   7.10294   6.80113
   8.01178   7.79705   7.76930   7.69489   7.62452   7.47293   7.10268   6.80087
   8.01146   7.79660   7.76901   7.69467   7.62413   7.47255   7.10294   6.80059
   8.01122   7.79613   7.76862   7.69419   7.62479   7.47215   7.10374   6.80024
   8.01066   7.79558   7.76836   7.69369   7.62395   7.47050   7.10321   6.80016
   8.01027   7.79526   7.76806   7.69332   7.62328   7.47025   7.10309   6.80013
   8.00995   7.79485   7.76764   7.69284   7.62296   7.46990   7.10313   6.80001
   8.00947   7.79443   7.76703   7.69241   7.62283   7.46966   7.10322   6.79959
   8.00915   7.79430   7.76666   7.69206   7.62246   7.46967   7.10331   6.79995
   8.00875   7.79419   7.76633   7.69198   7.62195   7.46970   7.10302   6.79993
   8.00819   7.79382   7.76616   7.69173   7.62209   7.46938   7.10355   6.80007
   8.00779   7.79340   7.76570   7.69148   7.62198   7.46933   7.10402   6.79973
   8.00747   7.79335   7.76550   7.69124   7.62189   7.46951   7.10417   6.79966
   8.00700   7.79315   7.76527   7.69114   7.62200   7.46938   7.10418   6.79972
   8.00684   7.79311   7.76519   7.69098   7.62356   7.46927   7.10515   6.79964
   8.00668   7.79293   7.76498   7.69090   7.62344   7.46924   7.10679   6.79958
   8.00636   7.79300   7.76484   7.69089   7.62333   7.46921   7.10707   6.79942
   8.00620   7.79285   7.76475   7.69096   7.62321   7.46931   7.10655   6.79904
   8.00572   7.79284   7.76482   7.69087   7.62337   7.46772   7.10649   6.79894
   8.00548   7.79285   7.76458   7.69079   7.62351   7.46781   7.10645   6.79905
   8.00532   7.79292   7.76425   7.69082   7.62320   7.46777   7.10668   6.79866
   8.00524   7.79310   7.76420   7.69102   7.62365   7.46778   7.10733   6.79846
   8.00516   7.79316   7.76411   7.69082   7.62343   7.46773   7.10768   6.79808
   8.00484   7.79306   7.76419   7.69044   7.62341   7.46745   7.10827   6.79737
   8.00484   7.79284   7.76423   7.69024   7.62321   7.46744   7.10836   6.79665
   8.00492   7.79266   7.76441   7.68996   7.62307   7.46636   7.10825   6.79620
   8.00508   7.79259   7.76419   7.68972   7.62280   7.46578   7.10845   6.79508
   8.00516   7.79239   7.76383   7.68948   7.62233   7.46535   7.10809   6.79436
   8.00532   7.79216   7.76319   7.68916   7.62166   7.46403   7.10794   6.79371
   8.00612   7.79204   7.76294   7.68863   7.62134   7.46342   7.10761   6.79274
   8.00612   7.79176   7.76235   7.68792   7.62075   7.46262   7.10678   6.79131
   8.00620   7.79160   7.76183   7.68730   7.61836   7.46196   7.10630   6.79022
   8.00612   7.79119   7.76131   7.68673   7.61754   7.46125   7.10591   6.78891
   8.00612   7.79071   7.76090   7.68605   7.61692   7.46011   7.10557   6.78732
   8.00612   7.79018   7.76007   7.68528   7.61600   7.45909   7.10457   6.78591
   8.00604   7.78966   7.75935   7.68442   7.61501   7.45801   7.10388   6.78465
   8.00596   7.78892   7.75873   7.68357   7.61402   7.45693   7.10289   6.78304
   8.00564   7.78834   7.75828   7.68275   7.61308   7.45590   7.10181   6.78098
   8.00556   7.78795   7.75738   7.68210   7.61222   7.45477   7.10090   6.77933
   8.00724   7.78751   7.75684   7.68120   7.61117   7.45362   7.10012   6.77744
   8.00740   7.78701   7.75631   7.68048   7.61016   7.45269   7.09943   6.77572
   8.00732   7.78668   7.75554   7.67956   7.60943   7.45161   7.09836   6.77408
   8.00747   7.78631   7.75494   7.67903   7.60845   7.45072   7.09673   6.77297
   8.00747   7.78604   7.75453   7.67828   7.60746   7.44983   7.09514   6.77143
   8.00740   7.78570   7.75403   7.67733   7.60656   7.44884   7.09394   6.76996
   8.00756   7.78530   7.75334   7.67665   7.60576   7.44773   7.09355   6.76844
   8.00771   7.78492   7.75293   7.67620   7.60487   7.44680   7.09308   6.76740
   8.00787   7.78457   7.75228   7.67588   7.60396   7.44603   7.09178   6.76594
   8.00779   7.78405   7.75149   7.67588   7.60315   7.44524   7.09117   6.76452
   8.00803   7.78368   7.75082   7.67526   7.60237   7.44440   7.09032   6.76298
   8.00803   7.78349   7.75051   7.67449   7.60156   7.44357   7.09010   6.76180
   8.00795   7.78327   7.74996   7.67393   7.60091   7.44296   7.08922   6.76092
   8.00668   7.78279   7.74956   7.67353   7.60031   7.44218   7.08842   6.75949
   8.00660   7.78225   7.74874   7.67303   7.59943   7.44116   7.08755   6.75824
   8.00644   7.78201   7.74829   7.67237   7.59835   7.44036   7.08689   6.75698
   8.00636   7.78153   7.74767   7.67174   7.59727   7.43955   7.08578   6.75544
   8.00636   7.78107   7.74711   7.67100   7.59643   7.43845   7.08484   6.75397
   8.00652   7.78037   7.74632   7.67005   7.59544   7.43726   7.08425   6.75250
   8.00660   7.78001   7.74574   7.66933   7.59450   7.43619   7.08375   6.75082
   8.00668   7.77929   7.74488   7.66851   7.59362   7.43535   7.08253   6.74939
   8.00644   7.77874   7.74383   7.66733   7.59247   7.43421   7.08227   6.74770
   8.00604   7.77823   7.74281   7.66662   7.59139   7.43287   7.08129   6.74621
   8.00548   7.77776   7.74224   7.66577   7.59019   7.43188   7.08005   6.74485
   8.00508   7.77701   7.74174   7.66476   7.58900   7.43079   7.07953   6.74358
   8.00476   7.77635   7.74089   7.66366   7.58804   7.42965   7.07901   6.74210
   8.00445   7.77557   7.74102   7.66268   7.58694   7.42836   7.07796   6.74054
   8.00405   7.77498   7.74004   7.66181   7.58565   7.42731   7.07666   6.73897
   8.00357   7.77446   7.73889   7.66109   7.58458   7.42629   7.07593   6.73758
   8.00325   7.77383   7.73786   7.66016   7.58356   7.42521   7.07494   6.73603
   8.00285   7.77314   7.73715   7.65907   7.58246   7.42410   7.07471   6.73502
   8.00229   7.77223   7.73623   7.65862   7.58131   7.42304   7.07362   6.73420
   8.00174   7.77149   7.73545   7.65772   7.58050   7.42185   7.07324   6.73303
   8.00134   7.77072   7.73457   7.65680   7.57951   7.41931   7.07345   6.73178
   8.00046   7.77008   7.73381   7.65691   7.57847   7.41839   7.07190   6.73075
   7.99950   7.76910   7.73281   7.65608   7.57749   7.41747   7.07026   6.72964
   7.99847   7.76830   7.73172   7.65502   7.57649   7.41664   7.07022   6.72800
   7.99767   7.76744   7.73080   7.65391   7.57544   7.41552   7.06956   6.72700
   7.99687   7.76645   7.72992   7.65274   7.57419   7.41434   7.06893   6.72523
   7.99608   7.76523   7.72883   7.65185   7.57305   7.41328   7.06872   6.72413
   7.99512   7.76432   7.72787   7.65072   7.57202   7.41208   7.06836   6.72267
   7.99400   7.76335   7.72654   7.64981   7.57070   7.41091   7.06725   6.72132
   7.99289   7.76249   7.72537   7.64866   7.56935   7.40989   7.06657   6.71976
   7.99153   7.76149   7.72402   7.64742   7.56795   7.40857   7.06520   6.71878
   7.99057   7.76064   7.72296   7.64631   7.56663   7.40736   7.06431   6.71732
   7.98962   7.75950   7.72206   7.64498   7.56544   7.40601   7.06350   6.71613
   7.98826   7.75814   7.72113   7.64369   7.56404   7.40481   7.06242   6.71463
   7.98675   7.75694   7.71952   7.64261   7.56267   7.40367   7.06144   6.71359
   7.98523   7.75561   7.71784   7.64131   7.56122   7.40244   7.06057   6.71242
   7.98396   7.75430   7.71653   7.63991   7.55984   7.40149   7.05987   6.71144
   7.98340   7.75275   7.71526   7.63850   7.55854   7.40030   7.05890   6.71081
   7.98220   7.75154   7.71406   7.63714   7.55742   7.39909   7.05824   6.70992
   7.98101   7.75028   7.71287   7.63579   7.55634   7.39812   7.05806   6.70906
   7.97957   7.74917   7.71160   7.63470   7.55512   7.39738   7.05753   6.70840
   7.97822   7.74811   7.71024   7.63390   7.55400   7.39652   7.05657   6.70798
   7.97686   7.74711   7.70942   7.63287   7.55316   7.39567   7.05604   6.70772
   7.97583   7.74592   7.70837   7.63203   7.55207   7.39495   7.05618   6.70771
   7.97423   7.74470   7.70730   7.63093   7.55095   7.39347   7.05650   6.70749
   7.97312   7.74353   7.70622   7.63006   7.55029   7.39297   7.05585   6.70761
   7.97192   7.74255   7.70527   7.62916   7.54961   7.39234   7.05624   6.70779
   7.97088   7.74164   7.70397   7.62872   7.54882   7.39177   7.05753   6.70780
   7.96913   7.74065   7.70310   7.62787   7.54794   7.39164   7.05772   6.70808
   7.96762   7.73973   7.70214   7.62715   7.54724   7.39113   7.05734   6.70818
   7.96626   7.73935   7.70125   7.62628   7.54647   7.39054   7.05785   6.70774
   7.96498   7.73861   7.70077   7.62556   7.54576   7.39021   7.05812   6.70754
   7.96371   7.73771   7.70021   7.62478   7.54506   7.38967   7.05806   6.70759
   7.96379   7.73678   7.69894   7.62407   7.54427   7.38896   7.05817   6.70765
   7.96267   7.73606   7.69782   7.62354   7.54357   7.38837   7.05895   6.70750
   7.96132   7.73528   7.69693   7.62287   7.54280   7.38799   7.05886   6.70730
   7.96004   7.73452   7.69601   7.62185   7.54188   7.38724   7.05874   6.70683
   7.95901   7.73361   7.69509   7.62089   7.54111   7.38630   7.05800   6.70601
   7.95821   7.73289   7.69445   7.61994   7.54042   7.38549   7.05811   6.70577
   7.95709   7.73198   7.69376   7.61922   7.53930   7.38464   7.05854   6.70500
   7.95582   7.73112   7.69271   7.61824   7.53844   7.38382   7.05792   6.70441
   7.95470   7.73033   7.69178   7.61736   7.53776   7.38314   7.05780   6.70370
   7.95366   7.72946   7.69074   7.61653   7.53672   7.38392   7.05821   6.70300
   7.95231   7.72881   7.69007   7.61579   7.53573   7.38351   7.05817   6.70231
   7.95143   7.72801   7.68910   7.61498   7.53511   7.38310   7.05803   6.70223
   7.95056   7.72720   7.68843   7.61425   7.53411   7.38246   7.05784   6.70157
   7.94976   7.72670   7.68769   7.61374   7.53434   7.38236   7.05837   6.70120
   7.94896   7.72617   7.68714   7.61329   7.53372   7.38218   7.05866   6.70082
   7.94808   7.72550   7.68621   7.61294   7.53321   7.38184   7.05850   6.70085
   7.94721   7.72507   7.68575   7.61264   7.53302   7.38236   7.05838   6.70065
   7.94641   7.72446   7.68539   7.61251   7.53269   7.38230   7.05839   6.70087
   7.94593   7.72544   7.68515   7.61245   7.53244   7.38247   7.05902   6.70127
   7.94545   7.72503   7.68458   7.61222   7.53237   7.38212   7.05866   6.70143
   7.94497   7.72489   7.68442   7.61203   7.53242   7.38227   7.05948   6.70150
   7.94442   7.72469   7.68420   7.61208   7.53227   7.38258   7.06119   6.70190
   7.94378   7.72462   7.68406   7.61199   7.53195   7.38285   7.06152   6.70211
   7.94354   7.72472   7.68408   7.61209   7.53159   7.38307   7.06177   6.70229
   7.94322   7.72480   7.68430   7.61224   7.53172   7.38340   7.06303   6.70213
   7.94282   7.72474   7.68443   7.61246   7.53166   7.38379   7.06418   6.70235
   7.94266   7.72504   7.68459   7.61333   7.53196   7.38447   7.06482   6.70301
   7.94226   7.72523   7.68488   7.61364   7.53226   7.38486   7.06580   6.70302
   7.94210   7.72520   7.68497   7.61404   7.53230   7.38512   7.06659   6.70329
   7.94179   7.72531   7.68499   7.61430   7.53217   7.38539   7.06724   6.70316
   7.94171   7.72540   7.68474   7.61445   7.53226   7.38552   7.06756   6.70313
   7.94171   7.72565   7.68485   7.61470   7.53260   7.38549   7.06835   6.70303
   7.94163   7.72580   7.68477   7.61469   7.53402   7.38550   7.06896   6.70284
   7.94179   7.72592   7.68497   7.61468   7.53405   7.38575   7.06932   6.70237
   7.94195   7.72596   7.68480   7.61457   7.53392   7.38558   7.06899   6.70213
   7.94171   7.72595   7.68477   7.61442   7.53376   7.38531   7.06920   6.70167
   7.94163   7.72563   7.68458   7.61450   7.53331   7.38499   7.06952   6.70095
   7.94171   7.72546   7.68443   7.61428   7.53274   7.38437   7.06965   6.70023
   7.94187   7.72541   7.68404   7.61392   7.53243   7.38368   7.06956   6.69948
   7.94195   7.72533   7.68383   7.61343   7.53181   7.38311   7.06932   6.69828
   7.94187   7.72503   7.68346   7.61291   7.53092   7.38239   7.06924   6.69733
   7.94171   7.72480   7.68289   7.61201   7.52999   7.38140   7.06893   6.69642
   7.94163   7.72428   7.68227   7.61126   7.52845   7.38014   7.06832   6.69492
   7.94163   7.72396   7.68181   7.61050   7.52718   7.37898   7.06695   6.69323
   7.94139   7.72321   7.68104   7.60950   7.52581   7.37768   7.06631   6.69187
   7.94123   7.72258   7.67996   7.60824   7.52451   7.37613   7.06492   6.69049
   7.94107   7.72181   7.67890   7.60725   7.52328   7.37301   7.06370   6.68891
   7.94083   7.72082   7.67794   7.60618   7.52179   7.37166   7.06281   6.68751
   7.94043   7.71997   7.67671   7.60485   7.52038   7.36994   7.06159   6.68537
   7.94027   7.71916   7.67582   7.60361   7.51908   7.36828   7.06016   6.68361
   7.93995   7.71824   7.67469   7.60233   7.51761   7.36662   7.05885   6.68163
   7.93939   7.71704   7.67332   7.60091   7.51589   7.36490   7.05701   6.67980
   7.93900   7.71586   7.67207   7.59943   7.51416   7.36321   7.05638   6.67790
   7.93860   7.71469   7.67071   7.59801   7.51264   7.36169   7.05534   6.67664
   7.93788   7.71342   7.66954   7.59665   7.51127   7.36014   7.05378   6.67517
   7.93716   7.71215   7.66802   7.59546   7.50964   7.35862   7.05232   6.67357
   7.93652   7.71107   7.66665   7.59411   7.50811   7.35766   7.05086   6.67241
   7.93605   7.71000   7.66515   7.59274   7.50683   7.35626   7.04933   6.67124
   7.93533   7.70930   7.66427   7.59154   7.50548   7.35517   7.04824   6.66995
   7.93453   7.70838   7.66356   7.59062   7.50418   7.35411   7.04798   6.66921
   7.93373   7.70752   7.66261   7.58939   7.50307   7.35314   7.04779   6.66862
   7.93310   7.70667   7.66169   7.58856   7.50217   7.35218   7.04672   6.66807
   7.93206   7.70596   7.66095   7.58776   7.50128   7.35165   7.04609   6.66772
   7.93150   7.70505   7.66011   7.58701   7.50052   7.35110   7.04605   6.66762
   7.93102   7.70436   7.65941   7.58631   7.50006   7.35161   7.04589   6.66757
   7.93015   7.70352   7.65896   7.58550   7.49971   7.35125   7.04650   6.66769
   7.92919   7.70303   7.65848   7.58512   7.49896   7.35092   7.04707   6.66801
   7.92847   7.70271   7.65781   7.58490   7.49857   7.35094   7.04756   6.66839
   7.92799   7.70199   7.65747   7.58471   7.49875   7.35101   7.04832   6.66865
   7.92736   7.70166   7.65726   7.58482   7.49865   7.35133   7.04934   6.66906
   7.92680   7.70166   7.65705   7.58497   7.49869   7.35167   7.04962   6.67006
   7.92600   7.70167   7.65703   7.58506   7.49874   7.35215   7.05048   6.67094
   7.92552   7.70162   7.65701   7.58529   7.49910   7.35272   7.05119   6.67215
   7.92465   7.70151   7.65696   7.58537   7.49951   7.35342   7.05140   6.67306
   7.92409   7.70143   7.65688   7.58570   7.49968   7.35408   7.05185   6.67351
   7.92353   7.70131   7.65692   7.58599   7.50000   7.35459   7.05348   6.67470
   7.92305   7.70130   7.65693   7.58700   7.50045   7.35512   7.05519   6.67558
   7.92233   7.70136   7.65707   7.58802   7.50088   7.35564   7.05716   6.67625
   7.92170   7.70281   7.65699   7.58837   7.50119   7.35594   7.05868   6.67735
   7.92114   7.70308   7.65708   7.58844   7.50155   7.35641   7.05960   6.67821
   7.92042   7.70329   7.65708   7.58894   7.50198   7.35696   7.06003   6.67906
   7.91978   7.70326   7.65719   7.58911   7.50207   7.35741   7.06152   6.67986
   7.91946   7.70325   7.65694   7.58941   7.50227   7.35765   7.06268   6.68043
   7.91899   7.70334   7.65694   7.58944   7.50224   7.35801   7.06381   6.68107
   7.91819   7.70307   7.65702   7.58918   7.50231   7.35809   7.06494   6.68145
   7.91747   7.70296   7.65655   7.58918   7.50232   7.35822   7.06578   6.68179
   7.91675   7.70278   7.65603   7.58951   7.50213   7.35837   7.06706   6.68213
   7.91612   7.70245   7.65592   7.58771   7.50210   7.35833   7.06798   6.68290
   7.91532   7.70209   7.65580   7.58761   7.50201   7.35831   7.06891   6.68331
   7.91460   7.70178   7.65542   7.58735   7.50170   7.35826   7.06976   6.68337
   7.91404   7.70148   7.65507   7.58643   7.50146   7.35827   7.07066   6.68345
   7.91333   7.70129   7.65470   7.58630   7.50132   7.35801   7.07102   6.68389
   7.91253   7.70090   7.65434   7.58606   7.50102   7.35787   7.07091   6.68402
   7.91197   7.70072   7.65389   7.58586   7.50076   7.35799   7.07146   6.68432
   7.91125   7.70033   7.65350   7.58535   7.50044   7.35782   7.07189   6.68438
   7.91062   7.69998   7.65231   7.58505   7.50029   7.35779   7.07209   6.68473
   7.90990   7.69960   7.65164   7.58510   7.49999   7.35769   7.07269   6.68487
   7.90926   7.69923   7.65112   7.58506   7.49979   7.35758   7.07278   6.68498
   7.90822   7.69875   7.65097   7.58471   7.49961   7.35732   7.07305   6.68509
   7.90767   7.69857   7.65060   7.58453   7.49942   7.35748   7.07371   6.68475
   7.90703   7.69823   7.65046   7.58423   7.49923   7.35730   7.07415   6.68458
   7.90671   7.69802   7.65023   7.58510   7.49910   7.35713   7.07461   6.68436
   7.90607   7.69775   7.65031   7.58491   7.49896   7.35702   7.07453   6.68429
   7.90559   7.69756   7.65015   7.58468   7.49877   7.35700   7.07456   6.68433
   7.90496   7.69744   7.65000   7.58449   7.49858   7.35690   7.07377   6.68456
   7.90456   7.69741   7.64976   7.58440   7.49830   7.35689   7.07381   6.68441
   7.90400   7.69735   7.65008   7.58431   7.49805   7.35683   7.07475   6.68414
   7.90360   7.69710   7.64997   7.58428   7.49779   7.35666   7.07510   6.68388
   7.90328   7.69709   7.65017   7.58428   7.49766   7.35647   7.07546   6.68360
   7.90320   7.69689   7.65005   7.58415   7.49748   7.35638   7.07564   6.68321
   7.90288   7.69683   7.65000   7.58402   7.49730   7.35637   7.07560   6.68302
   7.90256   7.69679   7.64993   7.58401   7.49723   7.35621   7.07549   6.68290
   7.90225   7.69699   7.64980   7.58404   7.49702   7.35609   7.07520   6.68291
   7.90217   7.69704   7.64980   7.58392   7.49682   7.35600   7.07513   6.68280
   7.90217   7.69698   7.64978   7.58396   7.49681   7.35596   7.07542   6.68270
   7.90193   7.69701   7.64961   7.58386   7.49659   7.35564   7.07532   6.68261
   7.90177   7.69708   7.64846   7.58386   7.49631   7.35542   7.07554   6.68251
   7.90256   7.69703   7.64827   7.58361   7.49611   7.35519   7.07500   6.68235
   7.90225   7.69686   7.64779   7.58353   7.49599   7.35490   7.07566   6.68198
   7.90217   7.69665   7.64756   7.58316   7.49528   7.35464   7.07537   6.68180
   7.90209   7.69649   7.64730   7.58287   7.49482   7.35425   7.07569   6.68145
   7.90256   7.69622   7.64715   7.58252   7.49445   7.35383   7.07623   6.68129
   7.90225   7.69587   7.64665   7.58206   7.49391   7.35331   7.07600   6.68074
   7.90201   7.69564   7.64640   7.58147   7.49335   7.35256   7.07563   6.68040
   7.90169   7.69526   7.64586   7.58074   7.49282   7.35183   7.07535   6.67997
   7.90121   7.69484   7.64549   7.58015   7.49214   7.35108   7.07493   6.67944
   7.90089   7.69447   7.64494   7.57938   7.49132   7.35013   7.07433   6.67877
   7.90073   7.69395   7.64434   7.57853   7.49049   7.34912   7.07376   6.67780
   7.90033   7.69317   7.64500   7.57742   7.48941   7.34795   7.07320   6.67657
   7.89993   7.69242   7.64427   7.57649   7.48784   7.34693   7.07237   6.67535
   7.89938   7.69141   7.64315   7.57536   7.48655   7.34557   7.07121   6.67401
   7.89906   7.69053   7.64212   7.57413   7.48534   7.34430   7.07007   6.67282
   7.89842   7.68941   7.64107   7.57277   7.48392   7.34285   7.06897   6.67162
   7.89778   7.68837   7.63995   7.57165   7.48263   7.34155   7.06774   6.67037
   7.89722   7.68717   7.63873   7.57031   7.48132   7.33998   7.06653   6.66879
   7.89651   7.68598   7.63751   7.56893   7.47974   7.33820   7.06525   6.66702
   7.89571   7.68456   7.63612   7.56724   7.47807   7.33632   7.06394   6.66533
   7.89499   7.68338   7.63469   7.56580   7.47638   7.33466   7.06240   6.66360
   7.89419   7.68193   7.63338   7.56428   7.47471   7.33293   7.06103   6.66190
   7.89348   7.68064   7.63190   7.56270   7.47274   7.33117   7.05933   6.66019
   7.89244   7.67912   7.63037   7.56094   7.47093   7.32938   7.05754   6.65869
   7.89156   7.67769   7.62884   7.55948   7.46916   7.32760   7.05562   6.65697
   7.89077   7.67614   7.62731   7.55782   7.46730   7.32579   7.05389   6.65542
   7.88997   7.67479   7.62562   7.55605   7.46559   7.32409   7.05224   6.65379
   7.88901   7.67356   7.62421   7.55437   7.46405   7.32258   7.05054   6.65233
   7.88837   7.67241   7.62273   7.55284   7.46223   7.32014   7.04976   6.65110
   7.88742   7.67119   7.62157   7.55132   7.46056   7.31833   7.04838   6.64980
   7.88646   7.66987   7.61997   7.54994   7.45912   7.31681   7.04740   6.64833
   7.88542   7.66854   7.61874   7.54854   7.45752   7.31545   7.04594   6.64740
   7.88447   7.66743   7.61730   7.54733   7.45610   7.31485   7.04487   6.64620
   7.88359   7.66643   7.61614   7.54603   7.45450   7.31371   7.04381   6.64557
   7.88263   7.66527   7.61492   7.54485   7.45311   7.31258   7.04260   6.64522
   7.88152   7.66415   7.61382   7.54386   7.45185   7.31162   7.04168   6.64438
   7.88072   7.66308   7.61273   7.54279   7.45077   7.31063   7.04104   6.64387
   7.87984   7.66194   7.61167   7.54177   7.44967   7.30970   7.04057   6.64326
   7.87913   7.66084   7.61063   7.54070   7.44840   7.30874   7.03974   6.64261
   7.87809   7.66002   7.60973   7.53986   7.44790   7.30795   7.03855   6.64211
   7.87713   7.65918   7.60890   7.53924   7.44688   7.30728   7.03860   6.64158
   7.87610   7.65825   7.60795   7.53847   7.44594   7.30646   7.03857   6.64058
   7.87522   7.65741   7.60731   7.53840   7.44522   7.30639   7.03716   6.63984
   7.87434   7.65681   7.60644   7.53791   7.44382   7.30584   7.03663   6.63919
   7.87347   7.65625   7.60582   7.53731   7.44304   7.30516   7.03697   6.63867
   7.87251   7.65565   7.60511   7.53674   7.44232   7.30455   7.03646   6.63774
   7.87163   7.65519   7.60454   7.53628   7.44170   7.30393   7.03639   6.63683
   7.87092   7.65472   7.60397   7.53586   7.44112   7.30343   7.03628   6.63577
   7.87012   7.65433   7.60362   7.53525   7.44000   7.30308   7.03564   6.63471
   7.86948   7.65411   7.60307   7.53498   7.43978   7.30265   7.03507   6.63402
   7.86868   7.65380   7.60282   7.53489   7.44039   7.30234   7.03447   6.63350
   7.86812   7.65356   7.60255   7.53479   7.43992   7.30197   7.03397   6.63275
   7.86749   7.65346   7.60240   7.53507   7.43969   7.30181   7.03365   6.63232
   7.86693   7.65313   7.60234   7.53495   7.43956   7.30183   7.03350   6.63200
   7.86637   7.65316   7.60239   7.53518   7.43980   7.30188   7.03323   6.63163
   7.86581   7.65329   7.60224   7.53536   7.43970   7.30180   7.03317   6.63156
   7.86533   7.65355   7.60247   7.53559   7.43969   7.30199   7.03339   6.63161
   7.86510   7.65365   7.60255   7.53565   7.43992   7.30220   7.03348   6.63162
   7.86470   7.65399   7.60279   7.53619   7.44023   7.30267   7.03368   6.63161
   7.86446   7.65447   7.60311   7.53680   7.44054   7.30319   7.03440   6.63191
   7.86422   7.65480   7.60348   7.53736   7.44154   7.30369   7.03502   6.63201
   7.86398   7.65516   7.60384   7.53787   7.44200   7.30423   7.03557   6.63248
   7.86374   7.65579   7.60437   7.53887   7.44253   7.30501   7.03590   6.63324
   7.86342   7.65655   7.60512   7.53964   7.44305   7.30574   7.03646   6.63419
   7.86318   7.65705   7.60561   7.54025   7.44254   7.30647   7.03763   6.63484
   7.86286   7.65757   7.60665   7.54102   7.44337   7.30714   7.03829   6.63551
   7.86270   7.65817   7.60727   7.54194   7.44410   7.30798   7.03901   6.63662
   7.86254   7.65872   7.60800   7.54264   7.44497   7.30886   7.04011   6.63782
   7.86231   7.65923   7.60854   7.54331   7.44573   7.30985   7.04107   6.63895
   7.86199   7.65967   7.60936   7.54405   7.44665   7.31075   7.04140   6.64013
   7.86167   7.66028   7.61001   7.54485   7.44767   7.31265   7.04267   6.64079
   7.86127   7.66080   7.61077   7.54533   7.44828   7.31349   7.04465   6.64181
   7.86103   7.66124   7.61122   7.54587   7.44906   7.31435   7.04525   6.64314
   7.86071   7.66160   7.61191   7.54685   7.44991   7.31518   7.04606   6.64397
   7.86015   7.66190   7.61217   7.54730   7.45038   7.31583   7.04767   6.64487
   7.85944   7.66208   7.61211   7.54753   7.45093   7.31647   7.04902   6.64574
   7.85904   7.66233   7.61222   7.54770   7.45153   7.31691   7.04987   6.64682
   7.85856   7.66252   7.61251   7.54804   7.45212   7.31767   7.05088   6.64750
   7.85792   7.66257   7.61241   7.54804   7.45243   7.31798   7.05195   6.64838
   7.85728   7.66243   7.61253   7.54806   7.45276   7.31834   7.05302   6.64904
   7.85672   7.66335   7.61238   7.54808   7.45305   7.31959   7.05331   6.64953
   7.85593   7.66302   7.61212   7.54804   7.45308   7.31975   7.05398   6.65020
   7.85529   7.66254   7.61194   7.54751   7.45303   7.31974   7.05485   6.65086
   7.85457   7.66209   7.61160   7.54658   7.45284   7.31983   7.05551   6.65112
   7.85362   7.66148   7.61109   7.54610   7.45283   7.31984   7.05592   6.65145
   7.85250   7.66064   7.61033   7.54572   7.45247   7.31963   7.05597   6.65161
   7.85170   7.65984   7.60974   7.54509   7.45201   7.31924   7.05633   6.65149
