    1.  -25.000000   18.136801
    2.  -24.900000   18.162800
    3.  -24.799999   18.189199
    4.  -24.700001   18.206600
    5.  -24.600000   18.228901
    6.  -24.500000   18.250299
    7.  -24.400000   18.266001
    8.  -24.299999   18.288601
    9.  -24.200001   18.306999
   10.  -24.100000   18.322001
   11.  -24.000000   18.341200
   12.  -23.900000   18.362600
   13.  -23.799999   18.376801
   14.  -23.700001   18.390800
   15.  -23.600000   18.412201
   16.  -23.500000   18.432400
   17.  -23.400000   18.448400
   18.  -23.299999   18.459200
   19.  -23.200001   18.474800
   20.  -23.100000   18.487400
   21.  -23.000000   18.500000
   22.  -22.900000   18.512800
   23.  -22.799999   18.524000
   24.  -22.700001   18.536400
   25.  -22.600000   18.548800
   26.  -22.500000   19.317801
   27.  -22.400000   19.331200
   28.  -22.299999   19.323099
   29.  -22.200001   19.340500
   30.  -22.100000   19.327900
   31.  -22.000000   19.325800
   32.  -21.900000   19.342199
   33.  -21.799999   19.332399
   34.  -21.700001   19.331499
   35.  -21.600000   19.347401
   36.  -21.500000   19.340500
   37.  -21.400000   19.346901
   38.  -21.299999   19.356600
   39.  -21.200001   19.345400
   40.  -21.100000   19.349001
   41.  -21.000000   19.349701
   42.  -20.900000   19.345301
   43.  -20.799999   19.340099
   44.  -20.700001   19.342100
   45.  -20.600000   19.334999
   46.  -20.500000   19.318600
   47.  -20.400000   19.319099
   48.  -20.299999   19.333599
   49.  -20.200001   19.314100
   50.  -20.100000   19.313400
   51.  -20.000000   19.325899
   52.  -19.900000   19.307800
   53.  -19.799999   19.309999
   54.  -19.700001   19.307600
   55.  -19.600000   19.290100
   56.  -19.500000   19.290701
   57.  -19.400000   19.301701
   58.  -19.299999   19.306601
   59.  -19.200001   19.281401
   60.  -19.100000   19.290800
   61.  -19.000000   19.283501
   62.  -18.900000   19.271999
   63.  -18.799999   19.277700
   64.  -18.700001   19.272900
   65.  -18.600000   19.259501
   66.  -18.500000   19.263201
   67.  -18.400000   19.259300
   68.  -18.299999   19.237000
   69.  -18.200001   19.240900
   70.  -18.100000   19.217100
   71.  -18.000000   19.203699
   72.  -17.900000   19.200600
   73.  -17.799999   19.205601
   74.  -17.700001   19.182699
   75.  -17.600000   19.174700
   76.  -17.500000   19.189800
   77.  -17.400000   19.163099
   78.  -17.299999   19.143801
   79.  -17.200001   19.157900
   80.  -17.100000   19.150000
   81.  -17.000000   19.118401
   82.  -16.900000   19.137400
   83.  -16.799999   19.111900
   84.  -16.700001   19.101700
   85.  -16.600000   19.122299
   86.  -16.500000   19.109800
   87.  -16.400000   19.087799
   88.  -16.299999   19.090099
   89.  -16.200001   19.112000
   90.  -16.100000   19.089899
   91.  -16.000000   19.097799
   92.  -15.900000   19.108900
   93.  -15.800000   19.103100
   94.  -15.700000   19.086201
   95.  -15.600000   19.094601
   96.  -15.500000   19.098101
   97.  -15.400000   19.071899
   98.  -15.300000   19.083900
   99.  -15.200000   19.095501
  100.  -15.100000   19.109200
  101.  -15.000000   19.093000
  102.  -14.900000   19.099001
  103.  -14.800000   19.097401
  104.  -14.700000   19.092100
  105.  -14.600000   19.089500
  106.  -14.500000   19.088499
  107.  -14.400000   19.094299
  108.  -14.300000   19.094200
  109.  -14.200000   19.089500
  110.  -14.100000   19.099001
  111.  -14.000000   19.099701
  112.  -13.900000   19.086201
  113.  -13.800000   19.103800
  114.  -13.700000   19.114100
  115.  -13.600000   19.085199
  116.  -13.500000   19.090300
  117.  -13.400000   19.102699
  118.  -13.300000   19.094900
  119.  -13.200000   19.070801
  120.  -13.100000   19.083200
  121.  -13.000000   19.081600
  122.  -12.900000   19.061100
  123.  -12.800000   19.039400
  124.  -12.700000   19.056601
  125.  -12.600000   19.050800
  126.  -12.500000   19.020700
  127.  -12.400000   19.034000
  128.  -12.300000   19.042900
  129.  -12.200000   19.025999
  130.  -12.100000   19.000601
  131.  -12.000000   19.015200
  132.  -11.900000   19.011801
  133.  -11.800000   19.000099
  134.  -11.700000   19.001200
  135.  -11.600000   18.998800
  136.  -11.500000   19.001600
  137.  -11.400000   18.993299
  138.  -11.300000   18.993299
  139.  -11.200000   18.986401
  140.  -11.100000   18.975201
  141.  -11.000000   18.982100
  142.  -10.900000   18.983500
  143.  -10.800000   18.986099
  144.  -10.700000   18.942200
  145.  -10.600000   18.947100
  146.  -10.500000   18.945200
  147.  -10.400000   18.931400
  148.  -10.300000   18.934200
  149.  -10.200000   18.933201
  150.  -10.100000   18.928101
  151.  -10.000000   18.925200
  152.   -9.900000   18.927200
  153.   -9.800000   18.924801
  154.   -9.700000   18.919100
  155.   -9.600000   18.913000
  156.   -9.500000   18.912701
  157.   -9.400000   18.908600
  158.   -9.300000   18.896299
  159.   -9.200000   18.888201
  160.   -9.100000   18.894400
  161.   -9.000000   18.892799
  162.   -8.900000   18.885900
  163.   -8.800000   18.886999
  164.   -8.700000   18.904400
  165.   -8.600000   18.877001
  166.   -8.500000   18.859301
  167.   -8.400000   18.878599
  168.   -8.300000   18.867500
  169.   -8.200000   18.862101
  170.   -8.100000   18.857401
  171.   -8.000000   18.881001
  172.   -7.900000   18.862900
  173.   -7.800000   18.855200
  174.   -7.700000   18.899099
  175.   -7.600000   18.898300
  176.   -7.500000   18.898399
  177.   -7.400000   18.893700
  178.   -7.300000   18.895399
  179.   -7.200000   18.915800
  180.   -7.100000   18.899799
  181.   -7.000000   18.899500
  182.   -6.900000   18.905100
  183.   -6.800000   18.901501
  184.   -6.700000   18.895700
  185.   -6.600000   18.896999
  186.   -6.500000   18.894100
  187.   -6.400000   18.891899
  188.   -6.300000   18.887600
  189.   -6.200000   18.895901
  190.   -6.100000   18.883600
  191.   -6.000000   18.881701
  192.   -5.900000   18.875099
  193.   -5.800000   18.881001
  194.   -5.700000   18.855000
  195.   -5.600000   18.871700
  196.   -5.500000   18.866699
  197.   -5.400000   18.836100
  198.   -5.300000   18.840099
  199.   -5.200000   18.835800
  200.   -5.100000   18.836399
  201.   -5.000000   18.795799
  202.   -4.900000   18.802200
  203.   -4.800000   18.798700
  204.   -4.700000   18.773199
  205.   -4.600000   18.779900
  206.   -4.500000   18.773100
  207.   -4.400000   18.780600
  208.   -4.300000   18.772400
  209.   -4.200000   18.745001
  210.   -4.100000   18.763700
  211.   -4.000000   18.736900
  212.   -3.900000   18.727699
  213.   -3.800000   18.750401
  214.   -3.700000   18.757401
  215.   -3.600000   18.726400
  216.   -3.500000   18.742201
  217.   -3.400000   18.750099
  218.   -3.300000   18.741501
  219.   -3.200000   18.726101
  220.   -3.100000   18.763100
  221.   -3.000000   18.745001
  222.   -2.900000   18.737400
  223.   -2.800000   18.728800
  224.   -2.700000   18.733200
  225.   -2.600000   18.732599
  226.   -2.500000   18.723700
  227.   -2.400000   18.746000
  228.   -2.300000   18.726900
  229.   -2.200000   18.727200
  230.   -2.100000   18.711300
  231.   -2.000000   18.722000
  232.   -1.900000   18.710300
  233.   -1.800000   18.702700
  234.   -1.700000   18.706100
  235.   -1.600000   18.707899
  236.   -1.500000   18.700500
  237.   -1.400000   18.691401
  238.   -1.300000   18.679001
  239.   -1.200000   18.682600
  240.   -1.100000   18.670700
  241.   -1.000000   18.685499
  242.   -0.900000   18.678200
  243.   -0.800000   18.650400
  244.   -0.700000   18.643999
  245.   -0.600000   18.656300
  246.   -0.500000   18.636700
  247.   -0.400000   18.624201
  248.   -0.300000   18.628901
  249.   -0.200000   18.629000
  250.   -0.100000   18.598900
  251.    0.000000   18.619499
  252.    0.100000   18.615200
  253.    0.200000   18.589500
  254.    0.300000   18.599701
  255.    0.400000   18.600401
  256.    0.500000   18.591499
  257.    0.600000   18.578400
  258.    0.700000   18.599300
  259.    0.800000   18.606899
  260.    0.900000   18.593599
  261.    1.000000   18.611900
  262.    1.100000   18.620501
  263.    1.200000   18.628700
  264.    1.300000   18.625200
  265.    1.400000   18.624599
  266.    1.500000   18.635500
  267.    1.600000   18.627001
  268.    1.700000   18.631701
  269.    1.800000   18.648701
  270.    1.900000   18.652201
  271.    2.000000   18.635300
  272.    2.100000   18.641701
  273.    2.200000   18.664101
  274.    2.300000   18.641800
  275.    2.400000   18.651400
  276.    2.500000   18.666700
  277.    2.600000   18.677200
  278.    2.700000   18.659300
  279.    2.800000   18.671499
  280.    2.900000   18.688801
  281.    3.000000   18.674299
  282.    3.100000   18.681601
  283.    3.200000   18.714300
  284.    3.300000   18.726999
  285.    3.400000   18.728300
  286.    3.500000   18.719999
  287.    3.600000   18.730801
  288.    3.700000   18.734200
  289.    3.800000   18.733601
  290.    3.900000   18.730200
  291.    4.000000   18.722000
  292.    4.100000   18.711800
  293.    4.200000   18.702900
  294.    4.300000   18.712200
  295.    4.400000   18.712299
  296.    4.500000   18.718201
  297.    4.600000   18.696800
  298.    4.700000   18.703501
  299.    4.800000   18.710699
  300.    4.900000   18.686600
  301.    5.000000   18.695700
  302.    5.100000   18.692101
  303.    5.200000   18.699100
  304.    5.300000   18.726700
  305.    5.400000   18.705999
  306.    5.500000   18.710501
  307.    5.600000   18.713800
  308.    5.700000   18.739901
  309.    5.800000   18.709200
  310.    5.900000   18.707001
  311.    6.000000   18.722500
  312.    6.100000   18.729200
  313.    6.200000   18.727699
  314.    6.300000   18.703800
  315.    6.400000   18.708900
  316.    6.500000   18.743601
  317.    6.600000   18.749500
  318.    6.700000   18.752701
  319.    6.800000   18.736700
  320.    6.900000   18.771500
  321.    7.000000   18.783899
  322.    7.100000   18.785200
  323.    7.200000   18.792700
  324.    7.300000   18.801600
  325.    7.400000   18.816500
  326.    7.500000   18.825399
  327.    7.600000   18.838499
  328.    7.700000   18.850500
  329.    7.800000   18.847099
  330.    7.900000   18.882401
  331.    8.000000   18.875000
  332.    8.100000   18.902201
  333.    8.200000   18.891399
  334.    8.300000   18.891399
  335.    8.400000   18.906900
  336.    8.500000   18.914499
  337.    8.600000   18.910500
  338.    8.700000   18.906200
  339.    8.800000   18.934200
  340.    8.900000   18.927900
  341.    9.000000   18.920799
  342.    9.100000   18.920200
  343.    9.200000   18.924601
  344.    9.300000   18.949900
  345.    9.400000   18.934799
  346.    9.500000   18.932400
  347.    9.600000   18.934601
  348.    9.700000   18.932100
  349.    9.800000   18.934500
  350.    9.900000   18.931601
  351.   10.000000   18.932800
  352.   10.100000   18.959600
  353.   10.200000   18.943899
  354.   10.300000   18.937901
  355.   10.400000   18.931900
  356.   10.500000   18.939600
  357.   10.600000   18.955799
  358.   10.700000   18.936600
  359.   10.800000   18.949200
  360.   10.900000   18.958200
  361.   11.000000   18.979900
  362.   11.100000   18.945400
  363.   11.200000   18.956600
  364.   11.300000   18.956100
  365.   11.400000   18.985201
  366.   11.500000   18.957600
  367.   11.600000   18.960199
  368.   11.700000   18.972700
  369.   11.800000   18.975201
  370.   11.900000   18.967899
  371.   12.000000   18.976299
  372.   12.100000   18.971300
  373.   12.200000   18.978500
  374.   12.300000   18.970501
  375.   12.400000   18.963100
  376.   12.500000   18.959101
  377.   12.600000   18.952400
  378.   12.700000   18.961599
  379.   12.800000   18.977100
  380.   12.900000   18.953501
  381.   13.000000   18.949400
  382.   13.100000   18.942301
  383.   13.200000   18.969299
  384.   13.300000   18.969101
  385.   13.400000   18.951000
  386.   13.500000   18.933901
  387.   13.600000   18.938999
  388.   13.700000   18.926100
  389.   13.800000   18.912001
  390.   13.900000   18.893101
  391.   14.000000   18.900101
  392.   14.100000   18.892599
  393.   14.200000   18.895000
  394.   14.300000   18.891600
  395.   14.400000   18.871401
  396.   14.500000   18.896500
  397.   14.600000   18.894300
  398.   14.700000   18.859600
  399.   14.800000   18.861000
  400.   14.900000   18.886101
  401.   15.000000   18.876101
  402.   15.100000   18.863100
  403.   15.200000   18.847200
  404.   15.300000   18.841299
  405.   15.400000   18.870100
  406.   15.500000   18.864799
  407.   15.600000   18.871401
  408.   15.700000   18.838900
  409.   15.800000   18.839600
  410.   15.900000   18.855301
  411.   16.000000   18.851000
  412.   16.100000   18.851801
  413.   16.200001   18.820200
  414.   16.299999   18.829599
  415.   16.400000   18.843000
  416.   16.500000   18.845200
  417.   16.600000   18.835199
  418.   16.700001   18.833700
  419.   16.799999   18.838699
  420.   16.900000   18.835699
  421.   17.000000   18.821501
  422.   17.100000   18.823799
  423.   17.200001   18.819000
  424.   17.299999   18.818800
  425.   17.400000   18.822001
  426.   17.500000   18.822100
  427.   17.600000   18.802500
  428.   17.700001   18.828501
  429.   17.799999   18.819099
  430.   17.900000   18.814699
  431.   18.000000   18.809000
  432.   18.100000   18.821100
  433.   18.200001   18.818600
  434.   18.299999   18.822599
  435.   18.400000   18.810499
  436.   18.500000   18.814400
  437.   18.600000   18.802200
  438.   18.700001   18.822001
  439.   18.799999   18.823799
  440.   18.900000   18.816200
  441.   19.000000   18.814301
  442.   19.100000   18.815399
  443.   19.200001   18.842300
  444.   19.299999   18.846001
  445.   19.400000   18.824301
  446.   19.500000   18.825600
  447.   19.600000   18.830799
  448.   19.700001   18.867201
  449.   19.799999   18.860201
  450.   19.900000   18.871401
  451.   20.000000   18.874901
  452.   20.100000   18.910801
  453.   20.200001   18.904900
  454.   20.299999   18.906799
  455.   20.400000   18.918301
  456.   20.500000   18.916700
  457.   20.600000   18.953300
  458.   20.700001   18.936701
  459.   20.799999   18.938101
  460.   20.900000   18.950199
  461.   21.000000   18.980499
  462.   21.100000   18.967100
  463.   21.200001   18.970699
  464.   21.299999   18.982700
  465.   21.400000   18.997101
  466.   21.500000   19.013399
  467.   21.600000   18.997601
  468.   21.700001   19.003300
  469.   21.799999   19.015301
  470.   21.900000   19.037701
  471.   22.000000   19.026800
  472.   22.100000   19.030300
  473.   22.200001   19.027700
  474.   22.299999   19.025801
  475.   22.400000   19.066799
  476.   22.500000   19.070801
  477.   22.600000   19.042000
  478.   22.700001   19.047199
  479.   22.799999   19.058500
  480.   22.900000   19.063299
  481.   23.000000   19.042999
  482.   23.100000   19.039700
  483.   23.200001   19.063801
  484.   23.299999   19.076700
  485.   23.400000   19.045900
  486.   23.500000   19.053699
  487.   23.600000   19.055000
  488.   23.700001   19.089701
  489.   23.799999   19.073601
  490.   23.900000   19.076300
  491.   24.000000   19.072201
  492.   24.100000   19.107700
  493.   24.200001   19.089199
  494.   24.299999   19.096100
  495.   24.400000   19.099899
  496.   24.500000   19.103201
  497.   24.600000   19.114000
  498.   24.700001   19.118500
  499.   24.799999   19.120501
  500.   24.900000   19.137300
  501.   25.000000   19.131901
  502.   25.100000   19.146799
  503.   25.200001   19.154900
  504.   25.299999   19.162300
  505.   25.400000   19.134800
  506.   25.500000   19.150400
  507.   25.600000   19.185301
  508.   25.700001   19.189699
  509.   25.799999   19.173000
  510.   25.900000   19.187799
  511.   26.000000   19.221399
  512.   26.100000   19.223301
  513.   26.200001   19.204500
  514.   26.299999   19.205500
  515.   26.400000   19.229099
  516.   26.500000   19.220301
  517.   26.600000   19.229500
  518.   26.700001   19.225700
  519.   26.799999   19.257200
  520.   26.900000   19.248600
  521.   27.000000   19.252701
  522.   27.100000   19.250500
  523.   27.200001   19.283600
  524.   27.299999   19.270901
  525.   27.400000   19.275299
  526.   27.500000   19.284500
  527.   27.600000   19.307301
  528.   27.700001   19.297800
  529.   27.799999   19.302099
  530.   27.900000   19.292700
  531.   28.000000   19.330601
  532.   28.100000   19.308701
  533.   28.200001   19.320499
  534.   28.299999   19.326200
  535.   28.400000   19.353901
  536.   28.500000   16.732500
  537.   28.600000   16.709900
  538.   28.700001   16.678801
  539.   28.799999   16.662399
  540.   28.900000   16.629200
  541.   29.000000   16.601299
  542.   29.100000   16.576401
  543.   29.200001   16.551901
  544.   29.299999   16.518600
  545.   29.400000   16.496401
  546.   29.500000   16.466200
  547.   29.600000   16.430099
  548.   29.700001   16.399000
  549.   29.799999   16.366501
  550.   29.900000   16.334999
  551.   30.000000   16.301300
