  1.000000  -25.000000    1.016534
  2.000000  -24.900000    1.016619
  3.000000  -24.799999    1.016869
  4.000000  -24.700001    1.016452
  5.000000  -24.600000    1.016295
  6.000000  -24.500000    1.016014
  7.000000  -24.400000    1.016011
  8.000000  -24.299999    1.015977
  9.000000  -24.200001    1.015792
 10.000000  -24.100000    1.015483
 11.000000  -24.000000    1.015353
 12.000000  -23.900000    1.015353
 13.000000  -23.799999    1.015279
 14.000000  -23.700001    1.014986
 15.000000  -23.600000    1.014924
 16.000000  -23.500000    1.014747
 17.000000  -23.400000    1.014593
 18.000000  -23.299999    1.014588
 19.000000  -23.200001    1.014473
 20.000000  -23.100000    1.014473
 21.000000  -23.000000    1.014049
 22.000000  -22.900000    1.013574
 23.000000  -22.799999    1.013638
 24.000000  -22.700001    1.013698
 25.000000  -22.600000    1.013767
 26.000000  -22.500000    1.012792
 27.000000  -22.400000    1.012785
 28.000000  -22.299999    1.012818
 29.000000  -22.200001    1.012767
 30.000000  -22.100000    1.012718
 31.000000  -22.000000    1.012383
 32.000000  -21.900000    1.012199
 33.000000  -21.799999    1.012078
 34.000000  -21.700001    1.012183
 35.000000  -21.600000    1.012152
 36.000000  -21.500000    1.012081
 37.000000  -21.400000    1.012239
 38.000000  -21.299999    1.011856
 39.000000  -21.200001    1.011614
 40.000000  -21.100000    1.011852
 41.000000  -21.000000    1.011727
 42.000000  -20.900000    1.011603
 43.000000  -20.799999    1.011280
 44.000000  -20.700001    1.011409
 45.000000  -20.600000    1.011262
 46.000000  -20.500000    1.010949
 47.000000  -20.400000    1.010939
 48.000000  -20.299999    1.010804
 49.000000  -20.200001    1.010656
 50.000000  -20.100000    1.010582
 51.000000  -20.000000    1.010769
 52.000000  -19.900000    1.010429
 53.000000  -19.799999    1.010634
 54.000000  -19.700001    1.010553
 55.000000  -19.600000    1.009962
 56.000000  -19.500000    1.010183
 57.000000  -19.400000    1.010242
 58.000000  -19.299999    1.009676
 59.000000  -19.200001    1.009527
 60.000000  -19.100000    1.009461
 61.000000  -19.000000    1.009075
 62.000000  -18.900000    1.009011
 63.000000  -18.799999    1.008844
 64.000000  -18.700001    1.008752
 65.000000  -18.600000    1.008389
 66.000000  -18.500000    1.008315
 67.000000  -18.400000    1.008007
 68.000000  -18.299999    1.007779
 69.000000  -18.200001    1.007566
 70.000000  -18.100000    1.006954
 71.000000  -18.000000    1.006986
 72.000000  -17.900000    1.006572
 73.000000  -17.799999    1.006739
 74.000000  -17.700001    1.006435
 75.000000  -17.600000    1.006415
 76.000000  -17.500000    1.006159
 77.000000  -17.400000    1.006105
 78.000000  -17.299999    1.005892
 79.000000  -17.200001    1.005641
 80.000000  -17.100000    1.005360
 81.000000  -17.000000    1.005053
 82.000000  -16.900000    1.005105
 83.000000  -16.799999    1.004640
 84.000000  -16.700001    1.004318
 85.000000  -16.600000    1.004754
 86.000000  -16.500000    1.004243
 87.000000  -16.400000    1.003910
 88.000000  -16.299999    1.004351
 89.000000  -16.200001    1.004026
 90.000000  -16.100000    1.004037
 91.000000  -16.000000    1.004277
 92.000000  -15.900000    1.004240
 93.000000  -15.800000    1.004083
 94.000000  -15.700000    1.003882
 95.000000  -15.599999    1.004149
 96.000000  -15.500000    1.003918
 97.000000  -15.400000    1.003606
 98.000000  -15.300000    1.003922
 99.000000  -15.200000    1.003958
100.000000  -15.099999    1.004546
101.000000  -15.000000    1.003950
102.000000  -14.900000    1.004155
103.000000  -14.800000    1.003792
104.000000  -14.700000    1.003770
105.000000  -14.599999    1.003593
106.000000  -14.500000    1.003643
107.000000  -14.400000    1.003184
108.000000  -14.300000    1.003103
109.000000  -14.200000    1.003131
110.000000  -14.099999    1.003160
111.000000  -14.000000    1.002900
112.000000  -13.900000    1.002908
113.000000  -13.800000    1.003100
114.000000  -13.700000    1.003119
115.000000  -13.599999    1.002670
116.000000  -13.500000    1.003072
117.000000  -13.400000    1.003004
118.000000  -13.300000    1.002819
119.000000  -13.200000    1.002773
120.000000  -13.099999    1.002945
121.000000  -13.000000    1.002958
122.000000  -12.900000    1.002526
123.000000  -12.800000    1.002786
124.000000  -12.700000    1.002825
125.000000  -12.599999    1.002718
126.000000  -12.500000    1.002610
127.000000  -12.400000    1.002770
128.000000  -12.300000    1.002534
129.000000  -12.200000    1.002461
130.000000  -12.099999    1.002017
131.000000  -12.000000    1.002305
132.000000  -11.900000    1.001690
133.000000  -11.800000    1.001768
134.000000  -11.700000    1.001717
135.000000  -11.599999    1.001694
136.000000  -11.500000    1.001776
137.000000  -11.400000    1.001605
138.000000  -11.300000    1.001605
139.000000  -11.200000    1.001648
140.000000  -11.099999    1.001672
141.000000  -11.000000    1.001484
142.000000  -10.900000    1.001400
143.000000  -10.800000    1.001338
144.000000  -10.700000    1.000795
145.000000  -10.599999    1.000703
146.000000  -10.500000    1.000465
147.000000  -10.400000    1.000238
148.000000  -10.300000    1.000057
149.000000  -10.200000    1.000141
150.000000  -10.099999    0.999960
151.000000  -10.000000    0.999774
152.000000   -9.900000    0.999854
153.000000   -9.800000    0.999405
154.000000   -9.700000    0.999521
155.000000   -9.599999    0.999156
156.000000   -9.500000    0.999265
157.000000   -9.400000    0.999131
158.000000   -9.300000    0.999288
159.000000   -9.200000    0.999256
160.000000   -9.099999    0.999014
161.000000   -9.000000    0.998969
162.000000   -8.900000    0.999400
163.000000   -8.800000    0.999423
164.000000   -8.700000    0.999317
165.000000   -8.599999    0.999113
166.000000   -8.500000    0.999099
167.000000   -8.400000    0.999423
168.000000   -8.300000    0.999013
169.000000   -8.200000    0.998819
170.000000   -8.099999    0.998931
171.000000   -8.000000    0.999242
172.000000   -7.900000    0.999218
173.000000   -7.800000    0.999371
174.000000   -7.700000    0.999915
175.000000   -7.600000    1.000072
176.000000   -7.500000    1.000229
177.000000   -7.400000    1.000318
178.000000   -7.300000    1.000379
179.000000   -7.200000    1.000288
180.000000   -7.100000    0.999846
181.000000   -7.000000    0.999779
182.000000   -6.900000    0.999760
183.000000   -6.800000    0.999646
184.000000   -6.700000    0.999394
185.000000   -6.600000    0.999106
186.000000   -6.500000    0.998931
187.000000   -6.400000    0.998741
188.000000   -6.300000    0.998412
189.000000   -6.200000    0.998094
190.000000   -6.100000    0.998018
191.000000   -6.000000    0.997830
192.000000   -5.900000    0.997561
193.000000   -5.800000    0.997253
194.000000   -5.700000    0.997122
195.000000   -5.600000    0.996988
196.000000   -5.500000    0.996547
197.000000   -5.400000    0.996088
198.000000   -5.300000    0.996387
199.000000   -5.200000    0.996373
200.000000   -5.100000    0.995955
201.000000   -5.000000    0.995605
202.000000   -4.900000    0.995330
203.000000   -4.800000    0.995018
204.000000   -4.700000    0.994759
205.000000   -4.600000    0.994575
206.000000   -4.500000    0.994410
207.000000   -4.400000    0.994494
208.000000   -4.300000    0.994238
209.000000   -4.200000    0.994024
210.000000   -4.100000    0.994032
211.000000   -4.000000    0.993694
212.000000   -3.900000    0.993695
213.000000   -3.800000    0.993970
214.000000   -3.700000    0.994036
215.000000   -3.600000    0.993962
216.000000   -3.500000    0.993977
217.000000   -3.400000    0.994075
218.000000   -3.300000    0.993851
219.000000   -3.200000    0.993889
220.000000   -3.100000    0.994373
221.000000   -3.000000    0.994094
222.000000   -2.900000    0.993998
223.000000   -2.800000    0.994000
224.000000   -2.700000    0.993811
225.000000   -2.600000    0.993957
226.000000   -2.500000    0.994128
227.000000   -2.400000    0.994477
228.000000   -2.300000    0.993899
229.000000   -2.200000    0.993820
230.000000   -2.100000    0.993643
231.000000   -2.000000    0.993660
232.000000   -1.900000    0.993332
233.000000   -1.800000    0.993305
234.000000   -1.700000    0.993154
235.000000   -1.600000    0.993045
236.000000   -1.500000    0.992585
237.000000   -1.400000    0.992700
238.000000   -1.300000    0.992648
239.000000   -1.200000    0.992584
240.000000   -1.100000    0.992445
241.000000   -1.000000    0.992562
242.000000   -0.900000    0.992412
243.000000   -0.800000    0.991842
244.000000   -0.700000    0.991782
245.000000   -0.600000    0.991924
246.000000   -0.500000    0.991600
247.000000   -0.400000    0.990931
248.000000   -0.300000    0.991119
249.000000   -0.200000    0.990919
250.000000   -0.100000    0.990485
251.000000    0.000000    0.990395
252.000000    0.100000    0.990271
253.000000    0.200000    0.990166
254.000000    0.300000    0.990147
255.000000    0.400000    0.989836
256.000000    0.500000    0.989813
257.000000    0.600000    0.989714
258.000000    0.700000    0.989922
259.000000    0.800000    0.989831
260.000000    0.900000    0.989627
261.000000    1.000000    0.989759
262.000000    1.100000    0.990019
263.000000    1.200000    0.989990
264.000000    1.300000    0.990399
265.000000    1.400000    0.990228
266.000000    1.500000    0.990612
267.000000    1.600000    0.990149
268.000000    1.700000    0.990328
269.000000    1.800000    0.990333
270.000000    1.900000    0.990320
271.000000    2.000000    0.990137
272.000000    2.100000    0.990019
273.000000    2.200000    0.990148
274.000000    2.300000    0.989729
275.000000    2.400000    0.989929
276.000000    2.500000    0.989670
277.000000    2.600000    0.990027
278.000000    2.700001    0.989677
279.000000    2.800000    0.989886
280.000000    2.900000    0.989604
281.000000    3.000000    0.989828
282.000000    3.100000    0.989973
283.000000    3.200001    0.989487
284.000000    3.300000    0.989689
285.000000    3.400000    0.989629
286.000000    3.500000    0.989365
287.000000    3.600000    0.988716
288.000000    3.700001    0.988840
289.000000    3.800000    0.988737
290.000000    3.900000    0.989009
291.000000    4.000000    0.988362
292.000000    4.100000    0.988167
293.000000    4.200000    0.988217
294.000000    4.300001    0.987346
295.000000    4.400001    0.987602
296.000000    4.500000    0.986981
297.000000    4.600000    0.986813
298.000000    4.700000    0.986383
299.000000    4.800001    0.986065
300.000000    4.900001    0.985932
301.000000    5.000000    0.986154
302.000000    5.100000    0.986078
303.000000    5.200000    0.986299
304.000000    5.300001    0.986344
305.000000    5.400001    0.986010
306.000000    5.500000    0.986944
307.000000    5.600000    0.986665
308.000000    5.700000    0.986906
309.000000    5.800001    0.986447
310.000000    5.900001    0.986893
311.000000    6.000000    0.986653
312.000000    6.100000    0.986433
313.000000    6.200000    0.986796
314.000000    6.300001    0.986682
315.000000    6.400001    0.986725
316.000000    6.500000    0.986875
317.000000    6.600000    0.987641
318.000000    6.700000    0.988066
319.000000    6.800001    0.988133
320.000000    6.900001    0.988358
321.000000    7.000000    0.988899
322.000000    7.100000    0.989231
323.000000    7.200000    0.989195
324.000000    7.300001    0.989835
325.000000    7.400001    0.989848
326.000000    7.500000    0.990362
327.000000    7.600000    0.990848
328.000000    7.700000    0.991434
329.000000    7.800001    0.991798
330.000000    7.900001    0.991977
331.000000    8.000001    0.992108
332.000000    8.100000    0.992569
333.000000    8.200001    0.992793
334.000000    8.300000    0.992853
335.000000    8.400001    0.993511
336.000000    8.500001    0.993301
337.000000    8.600000    0.993785
338.000000    8.700001    0.993657
339.000000    8.800000    0.994183
340.000000    8.900001    0.994148
341.000000    9.000001    0.994205
342.000000    9.100000    0.994680
343.000000    9.200001    0.994860
344.000000    9.300000    0.995253
345.000000    9.400001    0.995105
346.000000    9.500001    0.995302
347.000000    9.600000    0.995055
348.000000    9.700001    0.994802
349.000000    9.800000    0.994772
350.000000    9.900001    0.995121
351.000000   10.000001    0.995447
352.000000   10.100000    0.995557
353.000000   10.200001    0.995532
354.000000   10.300000    0.995805
355.000000   10.400001    0.995968
356.000000   10.500001    0.996462
357.000000   10.600000    0.996562
358.000000   10.700001    0.996152
359.000000   10.800000    0.996932
360.000000   10.900001    0.997451
361.000000   11.000001    0.997454
362.000000   11.100000    0.997113
363.000000   11.200001    0.997432
364.000000   11.300000    0.997698
365.000000   11.400001    0.997872
366.000000   11.500001    0.997647
367.000000   11.600000    0.997826
368.000000   11.700001    0.998397
369.000000   11.800000    0.998425
370.000000   11.900001    0.998535
371.000000   12.000001    0.998705
372.000000   12.100000    0.998779
373.000000   12.200001    0.998854
374.000000   12.300000    0.998648
375.000000   12.400001    0.998612
376.000000   12.500001    0.998702
377.000000   12.600000    0.998888
378.000000   12.700001    0.998891
379.000000   12.800000    0.998756
380.000000   12.900001    0.998660
381.000000   13.000001    0.998802
382.000000   13.100000    0.998575
383.000000   13.200001    0.998551
384.000000   13.300000    0.998575
385.000000   13.400001    0.998613
386.000000   13.500001    0.997755
387.000000   13.600000    0.997440
388.000000   13.700001    0.997743
389.000000   13.800000    0.997389
390.000000   13.900001    0.996856
391.000000   14.000001    0.996393
392.000000   14.100000    0.995669
393.000000   14.200001    0.995576
394.000000   14.300000    0.995655
395.000000   14.400001    0.995137
396.000000   14.500001    0.994947
397.000000   14.600000    0.994796
398.000000   14.700001    0.994318
399.000000   14.800000    0.994421
400.000000   14.900001    0.994042
401.000000   15.000001    0.993836
402.000000   15.100000    0.993593
403.000000   15.200001    0.993806
404.000000   15.300000    0.993546
405.000000   15.400001    0.993989
406.000000   15.500001    0.993667
407.000000   15.600000    0.993247
408.000000   15.700001    0.993205
409.000000   15.800000    0.993332
410.000000   15.900001    0.993001
411.000000   16.000000    0.992016
412.000000   16.100000    0.992069
413.000000   16.200001    0.991930
414.000000   16.300001    0.991665
415.000000   16.400002    0.991518
416.000000   16.500000    0.991497
417.000000   16.600000    0.991544
418.000000   16.700001    0.991479
419.000000   16.800001    0.991131
420.000000   16.900002    0.991079
421.000000   17.000000    0.991276
422.000000   17.100000    0.991839
423.000000   17.200001    0.991672
424.000000   17.300001    0.991498
425.000000   17.400002    0.991573
426.000000   17.500000    0.991894
427.000000   17.600000    0.991651
428.000000   17.700001    0.991563
429.000000   17.800001    0.991463
430.000000   17.900002    0.991378
431.000000   18.000000    0.991406
432.000000   18.100000    0.991239
433.000000   18.200001    0.990963
434.000000   18.300001    0.991083
435.000000   18.400002    0.991106
436.000000   18.500000    0.991209
437.000000   18.600000    0.991447
438.000000   18.700001    0.991577
439.000000   18.800001    0.991718
440.000000   18.900002    0.991806
441.000000   19.000000    0.992549
442.000000   19.100000    0.992639
443.000000   19.200001    0.992706
444.000000   19.300001    0.992623
445.000000   19.400002    0.992562
446.000000   19.500000    0.993290
447.000000   19.600000    0.993315
448.000000   19.700001    0.993399
449.000000   19.800001    0.993439
450.000000   19.900002    0.994069
451.000000   20.000000    0.994516
452.000000   20.100000    0.994629
453.000000   20.200001    0.994756
454.000000   20.300001    0.995182
455.000000   20.400002    0.995711
456.000000   20.500000    0.995803
457.000000   20.600000    0.996549
458.000000   20.700001    0.996906
459.000000   20.800001    0.996983
460.000000   20.900002    0.997862
461.000000   21.000000    0.998247
462.000000   21.100000    0.998829
463.000000   21.200001    0.999205
464.000000   21.300001    1.000033
465.000000   21.400002    0.999856
466.000000   21.500000    1.000402
467.000000   21.600000    1.000646
468.000000   21.700001    1.000988
469.000000   21.800001    1.001642
470.000000   21.900002    1.001792
471.000000   22.000000    1.001875
472.000000   22.100000    1.002360
473.000000   22.200001    1.002821
474.000000   22.300001    1.003559
475.000000   22.400002    1.003892
476.000000   22.500000    1.004049
477.000000   22.600000    1.003958
478.000000   22.700001    1.004446
479.000000   22.800001    1.004839
480.000000   22.900002    1.004732
481.000000   23.000000    1.004942
482.000000   23.100000    1.005523
483.000000   23.200001    1.005839
484.000000   23.300001    1.006031
485.000000   23.400002    1.005731
486.000000   23.500000    1.006362
487.000000   23.600000    1.006648
488.000000   23.700001    1.006696
489.000000   23.800001    1.006882
490.000000   23.900002    1.006933
491.000000   24.000000    1.007611
492.000000   24.100000    1.007467
493.000000   24.200001    1.007600
494.000000   24.300001    1.007832
495.000000   24.400002    1.008062
496.000000   24.500000    1.007998
497.000000   24.600000    1.008454
498.000000   24.700001    1.008430
499.000000   24.800001    1.008476
500.000000   24.900002    1.008479
501.000000   25.000000    1.008651
502.000000   25.100000    1.009382
503.000000   25.200001    1.008750
504.000000   25.300001    1.008658
505.000000   25.400002    1.008762
506.000000   25.500000    1.009449
507.000000   25.600000    1.009876
508.000000   25.700001    1.009559
509.000000   25.800001    1.009995
510.000000   25.900002    1.010466
511.000000   26.000000    1.010431
512.000000   26.100000    1.010609
513.000000   26.200001    1.010854
514.000000   26.300001    1.010759
515.000000   26.400002    1.011191
516.000000   26.500000    1.010902
517.000000   26.600000    1.011153
518.000000   26.700001    1.011486
519.000000   26.800001    1.011505
520.000000   26.900002    1.011546
521.000000   27.000000    1.012025
522.000000   27.100000    1.012189
523.000000   27.200001    1.012164
524.000000   27.300001    1.012060
525.000000   27.400002    1.012804
526.000000   27.500000    1.012867
527.000000   27.600000    1.012974
528.000000   27.700001    1.013479
529.000000   27.800001    1.013493
530.000000   27.900002    1.013817
531.000000   28.000000    1.014539
532.000000   28.100000    1.014124
533.000000   28.200001    1.015122
534.000000   28.300001    1.015441
535.000000   28.400002    1.015947
536.000000   28.500000    1.016123
537.000000   28.600000    1.016423
538.000000   28.700001    1.017405
539.000000   28.800001    1.017115
540.000000   28.900002    1.016821
541.000000   29.000000    1.014428
542.000000   29.100000    1.016286
543.000000   29.200001    1.015998
544.000000   29.300001    1.015766
545.000000   29.400002    1.016708
546.000000   29.500000    1.016444
547.000000   29.600000    1.016038
548.000000   29.700001    1.016978
549.000000   29.800001    1.016846
550.000000   29.900002    1.016465
551.000000   30.000000    1.015947
