    1.  -25.000000   14.636500
    2.  -24.900000   14.657300
    3.  -24.799999   14.680300
    4.  -24.700001   14.701700
    5.  -24.600000   14.701700
    6.  -24.500000   14.731700
    7.  -24.400000   14.741100
    8.  -24.299999   14.733600
    9.  -24.200001   14.732800
   10.  -24.100000   14.734300
   11.  -24.000000   14.753900
   12.  -23.900000   14.739900
   13.  -23.799999   14.736300
   14.  -23.700001   14.731300
   15.  -23.600000   14.745700
   16.  -23.500000   14.741200
   17.  -23.400000   14.724700
   18.  -23.299999   14.719000
   19.  -23.200001   14.710800
   20.  -23.100000   14.723700
   21.  -23.000000   14.706300
   22.  -22.900000   14.699100
   23.  -22.799999   14.694200
   24.  -22.700001   14.684100
   25.  -22.600000   14.696900
   26.  -22.500000   15.050200
   27.  -22.400000   14.930100
   28.  -22.299999   14.871600
   29.  -22.200001   14.826300
   30.  -22.100000   14.768700
   31.  -22.000000   14.710500
   32.  -21.900000   14.663800
   33.  -21.799999   14.603700
   34.  -21.700001   14.546000
   35.  -21.600000   14.525700
   36.  -21.500000   14.485700
   37.  -21.400000   14.453800
   38.  -21.299999   14.447000
   39.  -21.200001   14.424200
   40.  -21.100000   14.450100
   41.  -21.000000   14.384600
   42.  -20.900000   14.401200
   43.  -20.799999   14.385700
   44.  -20.700001   14.383700
   45.  -20.600000   14.390200
   46.  -20.500000   14.383800
   47.  -20.400000   14.399000
   48.  -20.299999   14.415400
   49.  -20.200001   14.431100
   50.  -20.100000   14.382000
   51.  -20.000000   14.457400
   52.  -19.900000   14.448100
   53.  -19.799999   14.449800
   54.  -19.700001   14.462000
   55.  -19.600000   14.459900
   56.  -19.500000   14.487400
   57.  -19.400000   14.487200
   58.  -19.299999   14.480100
   59.  -19.200001   14.537100
   60.  -19.100000   14.542300
   61.  -19.000000   14.520700
   62.  -18.900000   14.506300
   63.  -18.799999   14.494100
   64.  -18.700001   14.511200
   65.  -18.600000   14.577400
   66.  -18.500000   14.541600
   67.  -18.400000   14.524000
   68.  -18.299999   14.527100
   69.  -18.200001   14.518300
   70.  -18.100000   14.526300
   71.  -18.000000   14.535200
   72.  -17.900000   14.514600
   73.  -17.799999   14.493900
   74.  -17.700001   14.547200
   75.  -17.600000   14.499300
   76.  -17.500000   14.488100
   77.  -17.400000   14.465600
   78.  -17.299999   14.426500
   79.  -17.200001   14.469200
   80.  -17.100000   14.477300
   81.  -17.000000   14.403600
   82.  -16.900000   14.398700
   83.  -16.799999   14.379000
   84.  -16.700001   14.426600
   85.  -16.600000   14.380000
   86.  -16.500000   14.365400
   87.  -16.400000   14.343300
   88.  -16.299999   14.399600
   89.  -16.200001   14.359100
   90.  -16.100000   14.331600
   91.  -16.000000   14.333400
   92.  -15.900000   14.324800
   93.  -15.800000   14.393300
   94.  -15.700000   14.371300
   95.  -15.600000   14.306100
   96.  -15.500000   14.297200
   97.  -15.400000   14.357100
   98.  -15.300000   14.366600
   99.  -15.200000   14.381900
  100.  -15.100000   14.301500
  101.  -15.000000   14.311200
  102.  -14.900000   14.384100
  103.  -14.800000   14.403200
  104.  -14.700000   14.329800
  105.  -14.600000   14.325800
  106.  -14.500000   14.392100
  107.  -14.400000   14.411700
  108.  -14.300000   14.430200
  109.  -14.200000   14.367500
  110.  -14.100000   14.372300
  111.  -14.000000   14.437500
  112.  -13.900000   14.454600
  113.  -13.800000   14.448100
  114.  -13.700000   14.411500
  115.  -13.600000   14.464300
  116.  -13.500000   14.467000
  117.  -13.400000   14.473800
  118.  -13.300000   14.468000
  119.  -13.200000   14.462200
  120.  -13.100000   14.474000
  121.  -13.000000   14.453100
  122.  -12.900000   14.462500
  123.  -12.800000   14.468400
  124.  -12.700000   14.463800
  125.  -12.600000   14.454200
  126.  -12.500000   14.457900
  127.  -12.400000   14.459100
  128.  -12.300000   14.437600
  129.  -12.200000   14.439900
  130.  -12.100000   14.453500
  131.  -12.000000   14.495600
  132.  -11.900000   14.436700
  133.  -11.800000   14.430600
  134.  -11.700000   14.424800
  135.  -11.600000   14.477600
  136.  -11.500000   14.426000
  137.  -11.400000   14.418600
  138.  -11.300000   14.393100
  139.  -11.200000   14.455900
  140.  -11.100000   14.426900
  141.  -11.000000   14.383400
  142.  -10.900000   14.362600
  143.  -10.800000   14.372400
  144.  -10.700000   14.408600
  145.  -10.600000   14.330000
  146.  -10.500000   14.314500
  147.  -10.400000   14.316700
  148.  -10.300000   14.317800
  149.  -10.200000   14.278700
  150.  -10.100000   14.276500
  151.  -10.000000   14.264500
  152.   -9.900000   14.311100
  153.   -9.800000   14.216700
  154.   -9.700000   14.204100
  155.   -9.600000   14.193700
  156.   -9.500000   14.239600
  157.   -9.400000   14.149600
  158.   -9.300000   14.150400
  159.   -9.200000   14.113200
  160.   -9.100000   14.156700
  161.   -9.000000   14.059800
  162.   -8.900000   14.035300
  163.   -8.800000   14.012100
  164.   -8.700000   14.077900
  165.   -8.600000   13.974700
  166.   -8.500000   13.923400
  167.   -8.400000   13.927900
  168.   -8.300000   13.993400
  169.   -8.200000   13.895600
  170.   -8.100000   13.893400
  171.   -8.000000   13.874500
  172.   -7.900000   13.882200
  173.   -7.800000   13.934800
  174.   -7.700000   13.844200
  175.   -7.600000   13.853900
  176.   -7.500000   13.850200
  177.   -7.400000   13.887000
  178.   -7.300000   13.807700
  179.   -7.200000   13.812600
  180.   -7.100000   13.797600
  181.   -7.000000   13.880900
  182.   -6.900000   13.800900
  183.   -6.800000   13.837600
  184.   -6.700000   13.831900
  185.   -6.600000   13.906200
  186.   -6.500000   13.863100
  187.   -6.400000   13.884800
  188.   -6.300000   13.874900
  189.   -6.200000   13.902000
  190.   -6.100000   13.907400
  191.   -6.000000   13.945800
  192.   -5.900000   13.951600
  193.   -5.800000   13.985900
  194.   -5.700000   14.011700
  195.   -5.600000   14.031900
  196.   -5.500000   14.056500
  197.   -5.400000   14.071900
  198.   -5.300000   14.101900
  199.   -5.200000   14.121800
  200.   -5.100000   14.143700
  201.   -5.000000   14.156300
  202.   -4.900000   14.221600
  203.   -4.800000   14.151600
  204.   -4.700000   14.200400
  205.   -4.600000   14.208600
  206.   -4.500000   14.232400
  207.   -4.400000   14.245300
  208.   -4.300000   14.274300
  209.   -4.200000   14.290200
  210.   -4.100000   14.314900
  211.   -4.000000   14.314000
  212.   -3.900000   14.323200
  213.   -3.800000   14.332200
  214.   -3.700000   14.346500
  215.   -3.600000   14.287200
  216.   -3.500000   14.329400
  217.   -3.400000   14.340800
  218.   -3.300000   14.350400
  219.   -3.200000   14.337100
  220.   -3.100000   14.290500
  221.   -3.000000   14.334400
  222.   -2.900000   14.338700
  223.   -2.800000   14.320800
  224.   -2.700000   14.252200
  225.   -2.600000   14.306300
  226.   -2.500000   14.304800
  227.   -2.400000   14.299600
  228.   -2.300000   14.214700
  229.   -2.200000   14.217000
  230.   -2.100000   14.250100
  231.   -2.000000   14.232700
  232.   -1.900000   14.163100
  233.   -1.800000   14.175300
  234.   -1.700000   14.196000
  235.   -1.600000   14.182800
  236.   -1.500000   14.171900
  237.   -1.400000   14.116000
  238.   -1.300000   14.148300
  239.   -1.200000   14.147300
  240.   -1.100000   14.114000
  241.   -1.000000   14.059600
  242.   -0.900000   14.109700
  243.   -0.800000   14.090600
  244.   -0.700000   14.087400
  245.   -0.600000   14.087300
  246.   -0.500000   14.034100
  247.   -0.400000   14.080400
  248.   -0.300000   14.060700
  249.   -0.200000   14.074600
  250.   -0.100000   14.063400
  251.    0.000000   14.071900
  252.    0.100000   14.062200
  253.    0.200000   14.085200
  254.    0.300000   14.059800
  255.    0.400000   14.077800
  256.    0.500000   14.102000
  257.    0.600000   14.088100
  258.    0.700000   14.085800
  259.    0.800000   14.157700
  260.    0.900000   14.112200
  261.    1.000000   14.133200
  262.    1.100000   14.152000
  263.    1.200000   14.152900
  264.    1.300000   14.169800
  265.    1.400000   14.180600
  266.    1.500000   14.191700
  267.    1.600000   14.192200
  268.    1.700000   14.204100
  269.    1.800000   14.221900
  270.    1.900000   14.233900
  271.    2.000000   14.234500
  272.    2.100000   14.190800
  273.    2.200000   14.248100
  274.    2.300000   14.247700
  275.    2.400000   14.248300
  276.    2.500000   14.242500
  277.    2.600000   14.248600
  278.    2.700000   14.259300
  279.    2.800000   14.265200
  280.    2.900000   14.252700
  281.    3.000000   14.251100
  282.    3.100000   14.261800
  283.    3.200000   14.247900
  284.    3.300000   14.256900
  285.    3.400000   14.238900
  286.    3.500000   14.219200
  287.    3.600000   14.224000
  288.    3.700000   14.211900
  289.    3.800000   14.199300
  290.    3.900000   14.192000
  291.    4.000000   14.186100
  292.    4.100000   14.175500
  293.    4.200000   14.170800
  294.    4.300000   14.167000
  295.    4.400000   14.162400
  296.    4.500000   14.145700
  297.    4.600000   14.191400
  298.    4.700000   14.137100
  299.    4.800000   14.121100
  300.    4.900000   14.123600
  301.    5.000000   14.107400
  302.    5.100000   14.159600
  303.    5.200000   14.112900
  304.    5.300000   14.108200
  305.    5.400000   14.109300
  306.    5.500000   14.170400
  307.    5.600000   14.128200
  308.    5.700000   14.126700
  309.    5.800000   14.125000
  310.    5.900000   14.205600
  311.    6.000000   14.167000
  312.    6.100000   14.143000
  313.    6.200000   14.220700
  314.    6.300000   14.229100
  315.    6.400000   14.198000
  316.    6.500000   14.193900
  317.    6.600000   14.262600
  318.    6.700000   14.282200
  319.    6.800000   14.239900
  320.    6.900000   14.234000
  321.    7.000000   14.296200
  322.    7.100000   14.290600
  323.    7.200000   14.303500
  324.    7.300000   14.230300
  325.    7.400000   14.298300
  326.    7.500000   14.315600
  327.    7.600000   14.282700
  328.    7.700000   14.268700
  329.    7.800000   14.318800
  330.    7.900000   14.334400
  331.    8.000000   14.352300
  332.    8.100000   14.347500
  333.    8.200000   14.330200
  334.    8.300000   14.347800
  335.    8.400000   14.363400
  336.    8.500000   14.356800
  337.    8.600000   14.324600
  338.    8.700000   14.338600
  339.    8.800000   14.343500
  340.    8.900000   14.315200
  341.    9.000000   14.295800
  342.    9.100000   14.326100
  343.    9.200000   14.261300
  344.    9.300000   14.290300
  345.    9.400000   14.282000
  346.    9.500000   14.284600
  347.    9.600000   14.233400
  348.    9.700000   14.266700
  349.    9.800000   14.262300
  350.    9.900000   14.287100
  351.   10.000000   14.226900
  352.   10.100000   14.267700
  353.   10.200000   14.277600
  354.   10.300000   14.291300
  355.   10.400000   14.288700
  356.   10.500000   14.268500
  357.   10.600000   14.250800
  358.   10.700000   14.273100
  359.   10.800000   14.297800
  360.   10.900000   14.278700
  361.   11.000000   14.281100
  362.   11.100000   14.242200
  363.   11.200000   14.325700
  364.   11.300000   14.324700
  365.   11.400000   14.322100
  366.   11.500000   14.287800
  367.   11.600000   14.368900
  368.   11.700000   14.367600
  369.   11.800000   14.360500
  370.   11.900000   14.389600
  371.   12.000000   14.404400
  372.   12.100000   14.410900
  373.   12.200000   14.397800
  374.   12.300000   14.443400
  375.   12.400000   14.441900
  376.   12.500000   14.460100
  377.   12.600000   14.450100
  378.   12.700000   14.485100
  379.   12.800000   14.479300
  380.   12.900000   14.474000
  381.   13.000000   14.518600
  382.   13.100000   14.486700
  383.   13.200000   14.478500
  384.   13.300000   14.449400
  385.   13.400000   14.442300
  386.   13.500000   14.460600
  387.   13.600000   14.466800
  388.   13.700000   14.442200
  389.   13.800000   14.404900
  390.   13.900000   14.420500
  391.   14.000000   14.391000
  392.   14.100000   14.384100
  393.   14.200000   14.361900
  394.   14.300000   14.361400
  395.   14.400000   14.328400
  396.   14.500000   14.361600
  397.   14.600000   14.303300
  398.   14.700000   14.283300
  399.   14.800000   14.289400
  400.   14.900000   14.273100
  401.   15.000000   14.269200
  402.   15.100000   14.237800
  403.   15.200000   14.300300
  404.   15.300000   14.222100
  405.   15.400000   14.219500
  406.   15.500000   14.194100
  407.   15.600000   14.249900
  408.   15.700000   14.177500
  409.   15.800000   14.165900
  410.   15.900000   14.203700
  411.   16.000000   14.159000
  412.   16.100000   14.155600
  413.   16.200001   14.135400
  414.   16.299999   14.218200
  415.   16.400000   14.168100
  416.   16.500000   14.141300
  417.   16.600000   14.125800
  418.   16.700001   14.189700
  419.   16.799999   14.159700
  420.   16.900000   14.124100
  421.   17.000000   14.200900
  422.   17.100000   14.195200
  423.   17.200001   14.145100
  424.   17.299999   14.113400
  425.   17.400000   14.131700
  426.   17.500000   14.143100
  427.   17.600000   14.139100
  428.   17.700001   14.125200
  429.   17.799999   14.177000
  430.   17.900000   14.132000
  431.   18.000000   14.139700
  432.   18.100000   14.142200
  433.   18.200001   14.147400
  434.   18.299999   14.143400
  435.   18.400000   14.152300
  436.   18.500000   14.144100
  437.   18.600000   14.145800
  438.   18.700001   14.166800
  439.   18.799999   14.176600
  440.   18.900000   14.176800
  441.   19.000000   14.193700
  442.   19.100000   14.208800
  443.   19.200001   14.222600
  444.   19.299999   14.220200
  445.   19.400000   14.238800
  446.   19.500000   14.254300
  447.   19.600000   14.278100
  448.   19.700001   14.267500
  449.   19.799999   14.282700
  450.   19.900000   14.308500
  451.   20.000000   14.292100
  452.   20.100000   14.306300
  453.   20.200001   14.310100
  454.   20.299999   14.325000
  455.   20.400000   14.367200
  456.   20.500000   14.293200
  457.   20.600000   14.288400
  458.   20.700001   14.297000
  459.   20.799999   14.269000
  460.   20.900000   14.252500
  461.   21.000000   14.237600
  462.   21.100000   14.235600
  463.   21.200001   14.215300
  464.   21.299999   14.201000
  465.   21.400000   14.184900
  466.   21.500000   14.199700
  467.   21.600000   14.175700
  468.   21.700001   14.154700
  469.   21.799999   14.151900
  470.   21.900000   14.169400
  471.   22.000000   14.143600
  472.   22.100000   14.123400
  473.   22.200001   14.112100
  474.   22.299999   14.111200
  475.   22.400000   14.115400
  476.   22.500000   14.107100
  477.   22.600000   14.165100
  478.   22.700001   14.140900
  479.   22.799999   14.144500
  480.   22.900000   14.131400
  481.   23.000000   14.164600
  482.   23.100000   14.159800
  483.   23.200001   14.184800
  484.   23.299999   14.187300
  485.   23.400000   14.202700
  486.   23.500000   14.246900
  487.   23.600000   14.245400
  488.   23.700001   14.287300
  489.   23.799999   14.312800
  490.   23.900000   14.342200
  491.   24.000000   14.359400
  492.   24.100000   14.372100
  493.   24.200001   14.401000
  494.   24.299999   14.399900
  495.   24.400000   14.423800
  496.   24.500000   14.413600
  497.   24.600000   14.444100
  498.   24.700001   14.429600
  499.   24.799999   14.432300
  500.   24.900000   14.380700
  501.   25.000000   14.442900
  502.   25.100000   14.439800
  503.   25.200001   14.446900
  504.   25.299999   14.394600
  505.   25.400000   14.428400
  506.   25.500000   14.422400
  507.   25.600000   14.353800
  508.   25.700001   14.341300
  509.   25.799999   14.367600
  510.   25.900000   14.367000
  511.   26.000000   14.287500
  512.   26.100000   14.284500
  513.   26.200001   14.302300
  514.   26.299999   14.313500
  515.   26.400000   14.235200
  516.   26.500000   14.223800
  517.   26.600000   14.267300
  518.   26.700001   14.258300
  519.   26.799999   14.180800
  520.   26.900000   14.172300
  521.   27.000000   14.146400
  522.   27.100000   14.195800
  523.   27.200001   14.126900
  524.   27.299999   14.143500
  525.   27.400000   14.172200
  526.   27.500000   14.192000
  527.   27.600000   14.104200
  528.   27.700001   14.129400
  529.   27.799999   14.132800
  530.   27.900000   14.183600
  531.   28.000000   14.120800
  532.   28.100000   14.139500
  533.   28.200001   14.138700
  534.   28.299999   14.203300
  535.   28.400000   14.146300
  536.   28.500000   11.707600
  537.   28.600000   11.681900
  538.   28.700001   11.666400
  539.   28.799999   11.637000
  540.   28.900000   11.617400
  541.   29.000000   11.602600
  542.   29.100000   11.584600
  543.   29.200001   11.554300
  544.   29.299999   11.524500
  545.   29.400000   11.515300
  546.   29.500000   11.488700
  547.   29.600000   11.461500
  548.   29.700001   11.428100
  549.   29.799999   11.417800
  550.   29.900000   11.389500
  551.   30.000000   11.370100
