  8.04100     8.03532     8.03704     7.97837     7.98062     7.97158     7.79331     7.71387
  8.04100     8.03517     8.03780     7.97898     7.98083     7.97121     7.79366     7.71445
  8.04100     8.03580     8.03906     7.97999     7.98142     7.97159     7.79457     7.71536
  8.04100     8.03624     8.03947     7.98053     7.98213     7.97177     7.79385     7.71617
  8.04100     8.03686     8.03995     7.98137     7.98253     7.97159     7.79507     7.71745
  8.04100     8.03690     8.04031     7.98162     7.98295     7.97139     7.79643     7.71768
  8.04100     8.03661     8.04109     7.98216     7.98319     7.97096     7.79682     7.71836
  8.04100     8.03611     8.04094     7.98196     7.98295     7.97046     7.79817     7.71794
  8.04100     8.03618     8.04117     7.98248     7.98331     7.97037     7.80589     7.71820
  8.04100     8.03537     8.04094     7.98255     7.98316     7.96973     7.80338     7.71805
  8.04100     8.03579     8.04136     7.98348     7.98390     7.97029     7.80410     7.71855
  8.04100     8.03546     8.04117     7.98365     7.98405     7.97017     7.80442     7.71803
  8.04100     8.03547     8.04193     7.98418     7.98471     7.96682     7.80405     7.71868
  8.04100     8.03503     8.04253     7.98486     7.98502     7.96656     7.80353     7.71785
  8.04100     8.03495     8.04235     7.98532     7.98521     7.96621     7.80583     7.71780
  8.04100     8.03476     8.04289     7.98620     7.98575     7.96578     7.80575     7.71803
  8.04100     8.03485     8.04358     7.98765     7.98656     7.96555     7.80622     7.71895
  8.04100     8.03462     8.04432     7.98856     7.98686     7.96451     7.80604     7.71812
  8.04100     8.03549     8.04592     7.98999     7.98791     7.96469     7.81923     7.71931
  8.04100     8.03639     8.04756     7.99211     7.98918     7.96507     7.81955     7.71991
  8.04100     8.03739     8.04870     7.99391     7.99043     7.96516     7.82070     7.72048
  8.04100     8.03796     8.05074     7.99534     7.99104     7.96470     7.82049     7.72119
  8.04100     8.03863     8.05247     7.99739     7.99201     7.96225     7.82275     7.72232
  8.04100     8.03885     8.05413     7.99910     7.99315     7.96223     7.82288     7.72247
  8.04100     8.03934     8.05677     8.00042     7.99435     7.96212     7.82448     7.72303
  8.04100     8.04024     8.05873     8.00233     7.99542     7.96255     7.82611     7.72325
  8.04100     8.04106     8.06048     8.00394     7.99688     7.96323     7.82818     7.72374
  8.04100     8.04103     8.06131     8.00528     7.99755     7.96312     7.82841     7.72298
  8.04100     8.04060     8.06155     8.00513     7.99750     7.96217     7.83832     7.72127
  8.04100     8.03993     8.06117     8.00523     7.99718     7.96129     7.83776     7.72011
  8.04100     8.03971     8.06065     8.00523     7.99714     7.96086     7.83825     7.71917
  8.04100     8.03967     8.06033     8.00505     7.99682     7.96030     7.83752     7.71737
  8.04100     8.03964     8.06052     8.00395     7.99688     7.96030     7.83803     7.71667
  8.04100     8.03891     8.06068     8.00409     7.99643     7.95975     7.83836     7.71509
  8.04100     8.03788     8.05822     8.00349     7.99614     7.95929     7.83742     7.71282
  8.04100     8.03731     8.05762     8.00257     7.99565     7.95901     7.83640     7.71088
  8.04100     8.03651     8.05654     8.00159     7.99533     7.95854     7.83601     7.70854
  8.04100     8.03482     8.05472     8.00024     7.99403     7.95710     7.83381     7.70611
  8.04100     8.03424     8.05363     7.99853     7.99340     7.95632     7.83292     7.70344
  8.04100     8.03371     8.05251     7.99769     7.99299     7.95603     7.83224     7.70156
  8.04100     8.03359     8.05139     7.99710     7.99222     7.95546     7.83084     7.69954
  8.04100     8.03267     8.04973     7.99552     7.99122     7.95436     7.82950     7.69756
  8.04100     8.03180     8.04810     7.99558     7.99016     7.95357     7.82847     7.69501
  8.04100     8.03129     8.04675     7.99487     7.98937     7.95341     7.82921     7.69281
  8.04100     8.02878     8.04546     7.99396     7.98842     7.95268     7.82826     7.69063
  8.04100     8.02776     8.04382     7.99407     7.98707     7.95257     7.82641     7.68852
  8.04100     8.02644     8.04237     7.99252     7.98599     7.95203     7.82563     7.68638
  8.04100     8.02511     8.04114     7.99183     7.98487     7.95126     7.82606     7.68476
  8.04100     8.02395     8.03954     7.99027     7.98382     7.95076     7.82374     7.68355
  8.04100     8.02292     8.03780     7.98834     7.98254     7.95032     7.82358     7.68199
  8.04100     8.02314     8.03569     7.98668     7.98131     7.95018     7.82271     7.68023
  8.04100     8.02218     8.03362     7.98519     7.97966     7.94968     7.82283     7.67864
  8.04100     8.02097     8.03194     7.98619     7.97864     7.94915     7.82122     7.67736
  8.04100     8.01959     8.03035     7.98491     7.97740     7.94848     7.82026     7.67641
  8.04100     8.01838     8.02846     7.98368     7.97624     7.94672     7.81894     7.67464
  8.04100     8.01737     8.02677     7.98391     7.97484     7.94679     7.81855     7.67345
  8.04100     8.01610     8.02546     7.98262     7.97394     7.94648     7.81751     7.67262
  8.04100     8.01500     8.02369     7.98111     7.97254     7.94554     7.81762     7.67160
  8.04100     8.01419     8.02293     7.98040     7.97190     7.94569     7.81749     7.67159
  8.04100     8.01315     8.02171     7.97915     7.97107     7.94533     7.81773     7.67133
  8.04100     8.01316     8.02044     7.97807     7.97041     7.94497     7.81702     7.67100
  8.04100     8.01253     8.01913     7.97664     7.96931     7.94457     7.81699     7.67124
  8.04100     8.01181     8.01777     7.97570     7.96866     7.94433     7.81726     7.67140
  8.04100     8.01099     8.01689     7.97461     7.96853     7.94438     7.81775     7.67197
  8.04100     8.01059     8.01630     7.97436     7.96817     7.94469     7.81836     7.67278
  8.04100     8.01024     8.01559     7.97378     7.96779     7.94482     7.81911     7.67298
  8.04100     8.00958     8.01490     7.97333     7.96725     7.94464     7.81934     7.67377
  8.04100     8.00879     8.01370     7.97249     7.96635     7.94458     7.81954     7.67324
  8.04100     8.00786     8.01272     7.97221     7.96553     7.94483     7.81947     7.67331
  8.04100     8.00720     8.01132     7.97099     7.96445     7.94457     7.81921     7.67341
  8.04100     8.00659     8.00996     7.97001     7.96399     7.94486     7.81906     7.67392
  8.04100     8.00599     8.00912     7.96883     7.96349     7.94513     7.81869     7.67360
  8.04100     8.00531     8.00858     7.96779     7.96274     7.94501     7.81899     7.67371
  8.04100     8.00432     8.00763     7.96682     7.96183     7.94467     7.81806     7.67256
  8.04100     8.00314     8.00640     7.96576     7.96082     7.94420     7.81732     7.67192
  8.04100     8.00234     8.00482     7.96436     7.95965     7.94385     7.81619     7.67020
  8.04100     8.00154     8.00355     7.96338     7.95773     7.94333     7.81637     7.66954
  8.04100     8.00028     8.00203     7.96190     7.95702     7.94273     7.81500     7.66811
  8.04100     7.99977     8.00110     7.96138     7.95632     7.94287     7.81560     7.66747
  8.04100     7.99905     7.99972     7.96057     7.95519     7.94254     7.81387     7.66650
  8.04100     7.99806     7.99865     7.95962     7.95431     7.94183     7.81373     7.66516
  8.04100     7.99724     7.99818     7.95869     7.95356     7.94154     7.81195     7.66358
  8.04100     7.99715     7.99774     7.95875     7.95300     7.94134     7.81176     7.66301
  8.04100     7.99940     8.00010     7.96109     7.95517     7.94342     7.81378     7.66357
  8.04100     7.99903     8.00061     7.96114     7.95533     7.94302     7.81440     7.66331
  8.04100     7.99911     8.00133     7.96123     7.95562     7.94285     7.81448     7.66302
  8.04100     7.99929     8.00171     7.96225     7.95616     7.94248     7.81642     7.66240
  8.04100     7.99943     8.00208     7.96322     7.95668     7.94205     7.81636     7.66283
  8.04100     7.99965     8.00289     7.96448     7.95742     7.94238     7.81644     7.66349
  8.04100     8.00006     8.00363     7.96569     7.95775     7.94272     7.81558     7.66321
  8.04100     8.00090     8.00471     7.96703     7.95834     7.94273     7.81578     7.66384
  8.04100     8.00110     8.00599     7.96819     7.95925     7.94303     7.81598     7.66451
  8.04100     8.00161     8.00721     7.96964     7.96036     7.94297     7.81730     7.66544
  8.04100     8.00416     8.00707     7.97312     7.96321     7.94465     7.82028     7.66750
  8.04100     8.00411     8.00789     7.97392     7.96380     7.94437     7.82166     7.66786
  8.04100     8.00426     8.00894     7.97399     7.96439     7.94376     7.82280     7.66834
  8.04100     8.00433     8.00929     7.97426     7.96441     7.94303     7.82403     7.66813
  8.04100     8.00428     8.00972     7.97477     7.96469     7.94302     7.82388     7.66852
  8.04100     8.00461     8.01080     7.97553     7.96553     7.94339     7.82381     7.66929
  8.04100     8.00482     8.01114     7.97584     7.96565     7.94325     7.82397     7.66933
  8.04100     8.00542     8.01109     7.97645     7.96579     7.94328     7.82419     7.66937
  8.04100     8.00530     8.01113     7.97690     7.96594     7.94286     7.82538     7.67052
  8.04100     8.00565     8.01188     7.97737     7.96652     7.94284     7.82591     7.67128
  8.04100     8.00560     8.01299     7.98015     7.96709     7.94272     7.82619     7.67263
  8.04100     8.00615     8.01413     7.98142     7.96816     7.94341     7.82697     7.67342
  8.04100     8.00539     8.01267     7.98120     7.96777     7.94275     7.82857     7.67306
  8.04100     8.00565     8.01313     7.98102     7.96803     7.94312     7.82816     7.67342
  8.04100     8.00530     8.01319     7.98162     7.96779     7.94301     7.82840     7.67384
  8.04100     8.00337     8.01129     7.97988     7.96612     7.94101     7.82692     7.67215
  8.04100     8.00327     8.01170     7.98003     7.96655     7.94097     7.82754     7.67332
  8.04100     8.00212     8.01156     7.97994     7.96660     7.94108     7.82675     7.67400
  8.04100     8.00183     8.01097     7.98046     7.96661     7.94117     7.82790     7.67499
  8.04100     8.00139     8.01066     7.97977     7.96652     7.94063     7.82777     7.67511
  8.04100     8.00094     8.01030     7.98042     7.96635     7.94026     7.82840     7.67549
  8.04100     8.00096     8.01062     7.98071     7.96651     7.94037     7.82799     7.67594
  8.04100     8.00102     8.01303     7.98058     7.96660     7.94049     7.82891     7.67626
  8.04100     8.00142     8.01315     7.98012     7.96677     7.94058     7.82970     7.67686
  8.04100     8.00119     8.01349     7.98012     7.96704     7.94105     7.83050     7.67789
  8.04100     7.99828     8.01028     7.97701     7.96374     7.93830     7.82671     7.67523
  8.04100     7.99771     8.00923     7.97628     7.96308     7.93754     7.82686     7.67500
  8.04100     8.00025     8.00875     7.97545     7.96266     7.93703     7.82646     7.67507
  8.04100     7.99931     8.00797     7.97501     7.96190     7.93651     7.82551     7.67392
  8.04100     7.99875     8.00761     7.97494     7.96156     7.93670     7.82555     7.67369
  8.04100     7.99831     8.00720     7.97453     7.96119     7.93673     7.82598     7.67298
  8.04100     7.99865     8.00716     7.97435     7.96130     7.93716     7.82529     7.67321
  8.04100     7.99845     8.00643     7.97413     7.96086     7.93668     7.82522     7.67193
  8.04100     7.99823     8.00562     7.97317     7.96034     7.93639     7.82515     7.67147
  8.04100     7.99764     8.00504     7.97237     7.95984     7.93607     7.82458     7.67073
  8.04100     7.99722     8.00411     7.97192     7.95922     7.93566     7.82308     7.67036
  8.04100     7.99603     8.00284     7.97078     7.95799     7.93509     7.82145     7.66915
  8.04100     7.99548     8.00247     7.96987     7.95767     7.93500     7.82153     7.66874
  8.04100     7.99530     8.00236     7.96992     7.95760     7.93486     7.82057     7.66808
  8.04100     7.99492     8.00229     7.96991     7.95704     7.93455     7.82084     7.66829
  8.04100     7.99433     8.00221     7.96951     7.95651     7.93367     7.82001     7.66726
  8.04100     7.99406     8.00164     7.96917     7.95660     7.93267     7.81981     7.66689
  8.04100     7.99364     8.00122     7.96889     7.95655     7.93229     7.81887     7.66640
  8.04100     7.99325     8.00102     7.96856     7.95642     7.93189     7.81909     7.66584
  8.04100     7.99286     8.00088     7.96868     7.95683     7.93156     7.81936     7.66608
  8.04100     7.99290     8.00086     7.96940     7.95749     7.93172     7.82007     7.66728
  8.04100     7.99335     8.00170     7.97104     7.95836     7.93069     7.81933     7.66813
  8.04100     7.99282     8.00170     7.97131     7.95836     7.93005     7.81968     7.66885
  8.04100     7.99291     8.00250     7.97246     7.95935     7.93008     7.82048     7.67479
  8.04100     7.99313     8.00334     7.97387     7.96021     7.93009     7.82225     7.67652
  8.04100     7.99186     8.00299     7.97379     7.95979     7.92908     7.82123     7.67649
  8.04100     7.99274     8.00432     7.97556     7.96143     7.92995     7.82408     7.67822
  8.04100     7.99376     8.00599     7.97725     7.96313     7.93036     7.82589     7.68011
  8.04100     7.99489     8.00786     7.97952     7.96499     7.93119     7.82863     7.68238
  8.04100     7.99585     8.00686     7.98194     7.96726     7.93270     7.83106     7.68451
  8.04100     7.99719     8.00878     7.98418     7.96956     7.93354     7.83450     7.68715
  8.04100     7.99500     8.00721     7.98327     7.96821     7.93129     7.83133     7.68684
  8.04100     7.99559     8.00863     7.98572     7.96991     7.93220     7.83322     7.68941
  8.04100     7.99688     8.01049     7.98820     7.97215     7.93326     7.83577     7.69273
  8.04100     7.99818     8.01256     7.99062     7.97414     7.93393     7.83809     7.69501
  8.04100     7.99810     8.01377     7.99202     7.97518     7.93193     7.83847     7.69650
  8.04100     7.99980     8.01623     7.99510     7.97762     7.93364     7.84239     7.69852
  8.04100     8.00195     8.01860     7.99740     7.98002     7.93520     7.84513     7.70179
  8.04100     8.00344     8.02081     8.00005     7.98256     7.93762     7.84746     7.70453
  8.04100     8.00466     8.02065     8.00231     7.98444     7.93896     7.84900     7.70674
  8.04100     8.00589     8.02211     8.00418     7.98585     7.93982     7.85191     7.70824
  8.04100     8.00683     8.02350     8.00550     7.98718     7.94049     7.85315     7.71027
  8.04100     8.00782     8.02482     8.00719     7.98846     7.94117     7.85395     7.71151
  8.04100     8.00886     8.02639     8.00856     7.99002     7.94200     7.85521     7.71247
  8.04100     8.01010     8.02782     8.00811     7.99154     7.94300     7.85737     7.71318
  8.04100     8.01037     8.02871     8.00877     7.99237     7.94306     7.85807     7.71367
  8.04100     8.01053     8.02972     8.01045     7.99330     7.94332     7.85875     7.71452
  8.04100     8.01152     8.03063     8.01103     7.99346     7.94388     7.85954     7.71511
  8.04100     8.01218     8.03150     8.01135     7.99385     7.94457     7.86010     7.71457
  8.04100     8.01292     8.03227     8.01189     7.99399     7.94528     7.86074     7.71515
  8.04100     8.01353     8.03275     8.01215     7.99427     7.94595     7.86032     7.71497
  8.04100     8.01376     8.03300     8.01179     7.99406     7.94632     7.86062     7.71442
  8.04100     8.01394     8.03276     8.01056     7.99335     7.94637     7.85832     7.71312
  8.04100     8.01390     8.03230     8.00955     7.99244     7.94585     7.85845     7.71215
  8.04100     8.01367     8.03159     8.00637     7.99110     7.94538     7.85771     7.71021
  8.04100     8.01309     8.03023     8.00457     7.98946     7.94417     7.85601     7.70735
  8.04100     8.01247     8.02898     8.00283     7.98795     7.94341     7.85502     7.70488
  8.04100     8.01208     8.02763     8.00080     7.98601     7.94269     7.85352     7.70236
  8.04100     8.01092     8.02570     7.99863     7.98394     7.94174     7.84918     7.69905
  8.04100     8.01018     8.02393     7.99676     7.98206     7.94062     7.84783     7.69668
  8.04100     8.00860     8.02159     7.99435     7.97957     7.94020     7.84395     7.69355
  8.04100     8.00754     8.01965     7.99167     7.97712     7.93909     7.84062     7.68996
  8.04100     8.00536     8.01697     7.98791     7.97401     7.93661     7.83907     7.68591
  8.04100     8.00361     8.01445     7.98544     7.97143     7.93477     7.83675     7.68249
  8.04100     8.00221     8.01214     7.98316     7.96909     7.93334     7.83358     7.67930
  8.04100     8.00048     8.00984     7.98026     7.96667     7.93145     7.83154     7.67554
  8.04100     7.99889     8.00772     7.97792     7.96484     7.92960     7.82810     7.67258
  8.04100     7.99844     8.00603     7.97654     7.96330     7.92878     7.82588     7.67012
  8.04100     7.99742     8.00456     7.97460     7.96143     7.92839     7.82360     7.66728
  8.04100     7.99723     8.00358     7.97354     7.96022     7.92791     7.82297     7.66543
  8.04100     7.99679     8.00277     7.97266     7.95921     7.92721     7.82166     7.66432
  8.04100     7.99635     8.00204     7.97204     7.95837     7.92654     7.81928     7.66293
  8.04100     7.99543     8.00122     7.97043     7.95872     7.92618     7.81793     7.66199
  8.04100     7.99516     8.00087     7.96993     7.95816     7.92624     7.81793     7.66040
  8.04100     7.99475     8.00042     7.96964     7.95779     7.92584     7.81662     7.65999
  8.04100     7.99417     7.99983     7.96889     7.95697     7.92524     7.81477     7.65905
  8.04100     7.99215     7.99919     7.96769     7.95683     7.92466     7.81468     7.65789
  8.04100     7.99154     7.99863     7.96703     7.95627     7.92386     7.81386     7.65597
  8.04100     7.99046     7.99735     7.96600     7.95497     7.92283     7.81198     7.65521
  8.04100     7.99023     7.99651     7.96528     7.95443     7.92253     7.81117     7.65445
  8.04100     7.98980     7.99581     7.96427     7.95395     7.92205     7.81087     7.65318
  8.04100     7.98954     7.99561     7.96392     7.95324     7.92157     7.80968     7.65253
  8.04100     7.98936     7.99501     7.96321     7.95246     7.92139     7.80905     7.65278
  8.04100     7.98966     7.99528     7.96303     7.95294     7.92167     7.80858     7.65271
  8.04100     7.98951     7.99519     7.96262     7.95202     7.92105     7.80874     7.65207
  8.04100     7.98917     7.99392     7.96180     7.95107     7.92039     7.80730     7.65114
  8.04100     7.98899     7.99314     7.96082     7.94995     7.91984     7.80747     7.65046
  8.04100     7.98914     7.99340     7.96082     7.95007     7.91969     7.80668     7.65063
  8.04100     7.98897     7.99366     7.96121     7.95013     7.91974     7.80696     7.65084
  8.04100     7.98916     7.99403     7.96176     7.95040     7.92005     7.80635     7.65166
  8.04100     7.98955     7.99420     7.96188     7.95082     7.92031     7.80694     7.65213
  8.04100     7.99005     7.99435     7.96259     7.95124     7.92047     7.80706     7.65242
  8.04100     7.98875     7.99282     7.96127     7.94949     7.91896     7.80625     7.65089
  8.04100     7.98926     7.99355     7.96183     7.94976     7.91917     7.80706     7.65152
  8.04100     7.98903     7.99398     7.96179     7.95021     7.91903     7.80905     7.65137
  8.04100     7.98919     7.99459     7.96253     7.95083     7.91930     7.80950     7.65187
  8.04100     7.99004     7.99520     7.96355     7.95111     7.91961     7.81032     7.65257
  8.04100     7.99108     7.99658     7.96463     7.95221     7.92052     7.81071     7.65359
  8.04100     7.99151     7.99707     7.96532     7.95270     7.92113     7.81142     7.65397
  8.04100     7.99199     7.99780     7.96658     7.95333     7.92153     7.81194     7.65519
  8.04100     7.99260     7.99851     7.96716     7.95397     7.92198     7.81260     7.65529
  8.04100     7.99329     7.99941     7.96814     7.95492     7.92251     7.81359     7.65616
  8.04100     7.99403     7.99993     7.96920     7.95547     7.92240     7.81411     7.65592
  8.04100     7.99479     8.00081     7.97001     7.95628     7.92323     7.81394     7.65671
  8.04100     7.99544     8.00183     7.97028     7.95686     7.92343     7.81506     7.65645
  8.04100     7.99518     8.00190     7.97050     7.95664     7.92320     7.81437     7.65610
  8.04100     7.99535     8.00210     7.97086     7.95701     7.92316     7.81408     7.65538
  8.04100     7.99643     8.00342     7.97181     7.95778     7.92426     7.81463     7.65585
  8.04100     7.99665     8.00329     7.97204     7.95814     7.92421     7.81365     7.65538
  8.04100     7.99703     8.00359     7.97298     7.95862     7.92429     7.81463     7.65539
  8.04100     7.99788     8.00410     7.97310     7.95878     7.92442     7.81463     7.65489
  8.04100     7.99863     8.00490     7.97349     7.95918     7.92480     7.81509     7.65563
  8.04100     7.99874     8.00498     7.97368     7.95920     7.92468     7.81458     7.65455
  8.04100     7.99943     8.00574     7.97402     7.95960     7.92724     7.81466     7.65384
  8.04100     7.99966     8.00579     7.97394     7.95932     7.92709     7.81359     7.65353
  8.04100     7.99964     8.00607     7.97423     7.95910     7.92698     7.81308     7.65243
  8.04100     7.99959     8.00575     7.97460     7.95878     7.92648     7.81208     7.65166
  8.04100     7.99962     8.00604     7.97453     7.95831     7.92628     7.81227     7.65110
  8.04100     7.99949     8.00531     7.97387     7.95748     7.92569     7.81012     7.65000
  8.04100     8.00265     8.00829     7.97721     7.96079     7.92886     7.81352     7.65259
  8.04100     8.00329     8.00832     7.97750     7.96069     7.92867     7.81356     7.65142
  8.04100     8.00412     8.00930     7.97747     7.96061     7.92874     7.81291     7.65079
  8.04100     8.00420     8.00929     7.97731     7.96022     7.92836     7.81210     7.65007
  8.04100     8.00387     8.00947     7.97698     7.96030     7.92750     7.81258     7.64821
  8.04100     8.00378     8.01051     7.97639     7.95968     7.92670     7.81075     7.64659
  8.04100     8.00333     8.01003     7.97575     7.95897     7.92610     7.80987     7.64572
  8.04100     8.00325     8.00926     7.97528     7.95853     7.92576     7.80822     7.64695
  8.04100     8.00318     8.00862     7.97470     7.95782     7.92534     7.80760     7.64648
  8.04100     8.00268     8.00752     7.97435     7.95672     7.92476     7.80613     7.64598
  8.04100     8.00363     8.00757     7.97527     7.95758     7.92584     7.80665     7.64611
  8.04100     8.00379     8.00698     7.97472     7.95686     7.92549     7.80584     7.64512
  8.04100     8.00443     8.00707     7.97439     7.95599     7.92524     7.80548     7.64409
  8.04100     8.00429     8.00675     7.97346     7.95537     7.92461     7.80436     7.64344
  8.04100     8.00424     8.00687     7.97315     7.95536     7.92442     7.80535     7.64312
  8.04100     8.00460     8.00966     7.97275     7.95529     7.92390     7.80548     7.64333
  8.04100     8.00482     8.01021     7.97311     7.95555     7.92408     7.80661     7.64349
  8.04100     8.00495     8.01037     7.97363     7.95616     7.92445     7.80590     7.64751
  8.04100     8.00738     8.01097     7.97440     7.95677     7.92532     7.80535     7.64832
  8.04100     8.00736     8.01082     7.97456     7.95650     7.92512     7.80429     7.64801
  8.04100     8.00691     8.01007     7.97423     7.95608     7.92481     7.80331     7.64766
  8.04100     8.00692     8.01004     7.97437     7.95599     7.92488     7.80241     7.64862
  8.04100     8.00773     8.01050     7.97486     7.95640     7.92522     7.80431     7.64859
  8.04100     8.00809     8.01058     7.97499     7.95654     7.92511     7.80576     7.64897
  8.04100     8.00826     8.01112     7.97496     7.95694     7.92496     7.80720     7.64992
  8.04100     8.00902     8.01195     7.97564     7.95759     7.92525     7.80877     7.65057
  8.04100     8.00986     8.01252     7.97631     7.95802     7.92562     7.80902     7.65084
  8.04100     8.01022     8.01311     7.97669     7.95824     7.92570     7.80842     7.65374
  8.04100     8.01279     8.01431     7.97754     7.95944     7.92637     7.80737     7.65442
  8.04100     8.01345     8.01524     7.97879     7.95994     7.92689     7.80867     7.65532
  8.04100     8.01438     8.01619     7.98034     7.96093     7.92758     7.80954     7.65636
  8.04100     8.01522     8.01759     7.98161     7.96206     7.92834     7.81116     7.65759
  8.04100     8.01673     8.01942     7.98333     7.96354     7.92903     7.81192     7.65952
  8.04100     8.01797     8.02080     7.98473     7.96449     7.92926     7.81359     7.66035
  8.04100     8.01920     8.02252     7.98623     7.96576     7.93012     7.81327     7.66105
  8.04100     8.02250     8.02411     7.98710     7.96691     7.93252     7.81491     7.66205
  8.04100     8.02406     8.02577     7.98813     7.96791     7.93312     7.81553     7.66299
  8.04100     8.02487     8.02668     7.98898     7.96778     7.93366     7.81671     7.66303
  8.04100     8.02611     8.02793     7.99020     7.96861     7.93466     7.81665     7.66413
  8.04100     8.02679     8.02861     7.99075     7.96921     7.93475     7.81681     7.66419
  8.04100     8.02707     8.02879     7.99147     7.96946     7.93486     7.81617     7.66459
  8.04100     8.02754     8.02908     7.99167     7.96947     7.93502     7.81675     7.66430
  8.04100     8.02821     8.02941     7.99152     7.96949     7.93478     7.81585     7.66410
  8.04100     8.02885     8.02977     7.99185     7.96934     7.93453     7.81612     7.66321
  8.04100     8.02911     8.03010     7.99192     7.96887     7.93417     7.81559     7.66199
  8.04100     8.02809     8.03039     7.99167     7.96878     7.93094     7.81542     7.66132
  8.04100     8.02906     8.03063     7.99159     7.96898     7.93107     7.81425     7.66048
  8.04100     8.02931     8.03043     7.99128     7.96838     7.93113     7.81367     7.65887
  8.04100     8.02957     8.02997     7.99078     7.96759     7.93089     7.81287     7.65733
  8.04100     8.02923     8.02929     7.98950     7.96658     7.93025     7.81104     7.65471
  8.04100     8.02850     8.02848     7.98862     7.96552     7.92980     7.80964     7.65311
  8.04100     8.02775     8.02741     7.98753     7.96395     7.92888     7.80769     7.64949
  8.04100     8.02749     8.02706     7.98648     7.96277     7.92805     7.80477     7.64690
  8.04100     8.02684     8.02612     7.98514     7.96153     7.92755     7.80292     7.64447
  8.04100     8.02654     8.02515     7.98389     7.96034     7.92682     7.80199     7.64150
  8.04100     8.02653     8.02443     7.98231     7.95890     7.92642     7.80025     7.63849
  8.04100     8.02646     8.02331     7.98048     7.95794     7.92614     7.79876     7.63575
  8.04100     8.02562     8.02158     7.97874     7.95600     7.92513     7.79553     7.62324
  8.04100     8.02577     8.02012     7.97708     7.95429     7.92441     7.79274     7.62079
  8.04100     8.02448     8.01868     7.97475     7.95238     7.92359     7.78925     7.61735
  8.04100     8.02368     8.01717     7.97283     7.95061     7.92254     7.78733     7.61405
  8.04100     8.02327     8.01459     7.97162     7.94913     7.92191     7.78573     7.61089
  8.04100     8.02229     8.01346     7.96972     7.94720     7.92082     7.78472     7.60733
  8.04100     8.02161     8.00939     7.96768     7.94535     7.91984     7.78184     7.60416
  8.04100     8.02134     8.00785     7.96614     7.94404     7.91882     7.77897     7.60094
  8.04100     8.02033     8.00627     7.96396     7.94189     7.91763     7.77572     7.59593
  8.04100     8.01928     8.00523     7.96187     7.94025     7.91654     7.77469     7.59248
  8.04100     8.01803     8.00399     7.96002     7.93891     7.91552     7.77168     7.58632
  8.04100     8.01666     8.00336     7.95920     7.93791     7.91498     7.77128     7.58467
  8.04100     8.01499     8.00150     7.95701     7.93589     7.91305     7.76933     7.58173
  8.04100     8.01479     8.00093     7.95594     7.93468     7.91196     7.76596     7.57913
  8.04100     8.01446     8.00083     7.95510     7.93381     7.91092     7.76301     7.57770
  8.04100     8.01499     8.00110     7.95499     7.93357     7.91181     7.76327     7.57623
  8.04100     8.01566     8.00255     7.95498     7.93358     7.91174     7.76229     7.57549
  8.04100     8.01639     8.00285     7.95586     7.93339     7.91168     7.76100     7.57457
  8.04100     8.01754     8.00397     7.95693     7.93444     7.91133     7.76250     7.57369
  8.04100     8.01899     8.00595     7.95944     7.93505     7.91200     7.76448     7.57412
  8.04100     8.01968     8.00737     7.96001     7.93572     7.91217     7.76407     7.57464
  8.04100     8.02175     8.00947     7.95822     7.93659     7.91347     7.76471     7.57525
  8.04100     8.02265     8.01022     7.95933     7.93690     7.91309     7.76449     7.57601
  8.04100     8.02374     8.01180     7.95999     7.93701     7.91339     7.76472     7.57529
  8.04100     8.02518     8.01386     7.96131     7.93993     7.91387     7.76494     7.57578
  8.04100     8.02705     8.01591     7.96305     7.94094     7.91527     7.76627     7.57685
  8.04100     8.02856     8.01762     7.96487     7.94220     7.91597     7.76736     7.57748
  8.04100     8.03050     8.01888     7.96538     7.94253     7.91620     7.76727     7.57702
  8.04100     8.03197     8.01986     7.96678     7.94430     7.91663     7.76824     7.58566
  8.04100     8.03329     8.02152     7.96713     7.94491     7.91709     7.76956     7.58638
  8.04100     8.03352     8.02290     7.96825     7.94512     7.91699     7.76965     7.58624
  8.04100     8.03546     8.02420     7.97035     7.94576     7.91705     7.76910     7.58592
  8.04100     8.03695     8.02538     7.97099     7.94606     7.91719     7.76950     7.58603
  8.04100     8.03785     8.02663     7.97113     7.94608     7.91769     7.76974     7.58580
  8.04100     8.03918     8.02807     7.97157     7.94710     7.91838     7.77026     7.58511
  8.04100     8.04049     8.02934     7.97220     7.94791     7.91836     7.77000     7.58528
  8.04100     8.04056     8.02957     7.97256     7.94840     7.91807     7.77033     7.58503
  8.04100     8.04125     8.03058     7.97305     7.94866     7.91848     7.76968     7.58496
  8.04100     8.04260     8.03155     7.97361     7.94958     7.91836     7.77072     7.58137
  8.04100     8.04435     8.03351     7.97528     7.95049     7.91945     7.77107     7.58117
  8.04100     8.04487     8.03497     7.97671     7.95119     7.91879     7.77217     7.58076
  8.04100     8.04687     8.03687     7.97713     7.95210     7.91941     7.77303     7.58081
  8.04100     8.04915     8.03817     7.97834     7.95334     7.92044     7.77321     7.58071
  8.04100     8.05129     8.03915     7.97936     7.95397     7.92107     7.77242     7.58161
  8.04100     8.05291     8.04056     7.98029     7.95447     7.92146     7.77424     7.58157
  8.04100     8.05317     8.04148     7.98041     7.95456     7.92140     7.77419     7.58085
  8.04100     8.05365     8.04158     7.98049     7.95427     7.92131     7.77390     7.57950
  8.04100     8.05384     8.04159     7.97991     7.95368     7.92156     7.77470     7.57797
  8.04100     8.05368     8.04119     7.97958     7.95225     7.92088     7.77436     7.57620
  8.04100     8.05367     8.04141     7.97930     7.95200     7.92083     7.77159     7.57443
  8.04100     8.05394     8.04093     7.97920     7.95083     7.92023     7.77006     7.57243
  8.04100     8.05445     8.04055     7.97780     7.95165     7.91984     7.76827     7.57101
  8.04100     8.05467     8.04004     7.97696     7.95109     7.91999     7.76724     7.56853
  8.04100     8.05536     8.03952     7.97629     7.95103     7.91954     7.76714     7.56631
  8.04100     8.05542     8.03880     7.97546     7.95042     7.91907     7.76684     7.56444
  8.04100     8.05449     8.03804     7.97464     7.94955     7.91821     7.76558     7.56260
  8.04100     8.05448     8.03764     7.97348     7.94844     7.91733     7.76327     7.56023
  8.04100     8.05406     8.03687     7.97223     7.94772     7.91664     7.76116     7.55720
  8.04100     8.05403     8.03595     7.97238     7.94615     7.91607     7.75951     7.55433
  8.04100     8.05434     8.03568     7.97125     7.94510     7.91620     7.75845     7.55143
  8.04100     8.05480     8.03476     7.97098     7.94370     7.91637     7.75707     7.54898
  8.04100     8.05483     8.03443     7.97030     7.94384     7.91609     7.75583     7.54662
  8.04100     8.05585     8.03464     7.96998     7.94338     7.91599     7.75547     7.54543
  8.04100     8.05616     8.03476     7.96981     7.94373     7.91576     7.75365     7.54289
  8.04100     8.05610     8.03501     7.96972     7.94308     7.91523     7.75219     7.54095
  8.04100     8.05713     8.03614     7.96995     7.94313     7.91523     7.75210     7.53992
  8.04100     8.05787     8.03589     7.96953     7.94245     7.91509     7.75044     7.53824
  8.04100     8.05709     8.03531     7.96855     7.94157     7.91367     7.74882     7.53527
  8.04100     8.05667     8.03508     7.96843     7.94005     7.91247     7.74707     7.53015
  8.04100     8.05638     8.03485     7.96728     7.93875     7.91166     7.74530     7.52817
  8.04100     8.05663     8.03484     7.96668     7.93790     7.91084     7.74398     7.52633
  8.04100     8.05678     8.03477     7.96618     7.93778     7.91015     7.74257     7.52494
  8.04100     8.05809     8.03596     7.96595     7.93773     7.90995     7.74166     7.52479
  8.04100     8.05826     8.03609     7.96568     7.93712     7.90959     7.74168     7.52340
  8.04100     8.05892     8.03648     7.96556     7.93651     7.90927     7.74027     7.52279
  8.04100     8.05934     8.03697     7.96500     7.93582     7.90925     7.74014     7.52179
  8.04100     8.05996     8.03634     7.96427     7.93516     7.90823     7.73888     7.52039
  8.04100     8.05997     8.03535     7.96284     7.93401     7.90734     7.73762     7.51856
  8.04100     8.05981     8.03480     7.96168     7.93336     7.90676     7.73556     7.51739
  8.04100     8.05963     8.03442     7.96123     7.93242     7.90629     7.73428     7.51541
  8.04100     8.05994     8.03367     7.96015     7.93143     7.90582     7.73335     7.51474
  8.04100     8.06009     8.03289     7.95908     7.92889     7.90571     7.73285     7.51300
  8.04100     8.06091     8.03273     7.95852     7.92860     7.90638     7.73279     7.51230
  8.04100     8.06073     8.03154     7.95759     7.92719     7.90649     7.73266     7.51051
  8.04100     8.06111     8.03073     7.95632     7.92618     7.90648     7.73272     7.50840
  8.04100     8.05749     8.02650     7.95153     7.92207     7.90327     7.72806     7.50285
  8.04100     8.05733     8.02564     7.95009     7.92102     7.90327     7.72797     7.50149
  8.04100     8.05664     8.02371     7.94783     7.91886     7.90264     7.72669     7.49899
  8.04100     8.05561     8.02256     7.94565     7.91729     7.90214     7.72535     7.49628
  8.04100     8.05432     8.02066     7.94366     7.91554     7.90233     7.72373     7.49405
  8.04100     8.05376     8.01878     7.94180     7.91438     7.90218     7.72205     7.49232
  8.04100     8.05262     8.01640     7.93911     7.90987     7.90158     7.72057     7.48939
  8.04100     8.05164     8.01501     7.93739     7.90852     7.90108     7.71644     7.48692
  8.04100     8.04969     8.01288     7.93557     7.90631     7.89987     7.71478     7.48450
  8.04100     8.04936     8.01167     7.93375     7.90472     7.89938     7.71348     7.48229
  8.04100     8.04932     8.01169     7.93305     7.90408     7.89972     7.71149     7.48071
  8.04100     8.05221     8.01437     7.93514     7.90644     7.90228     7.71393     7.48216
  8.04100     8.05158     8.01317     7.93363     7.90466     7.90129     7.71192     7.47976
  8.04100     8.05097     8.01249     7.93211     7.90326     7.90055     7.71028     7.47785
  8.04100     8.05042     8.01187     7.93138     7.90189     7.89952     7.70860     7.47661
  8.04100     8.05128     8.01216     7.93132     7.90141     7.89931     7.70742     7.47610
  8.04100     8.05219     8.01184     7.93067     7.90081     7.89880     7.70664     7.47585
  8.04100     8.05353     8.01242     7.93118     7.90146     7.89929     7.70704     7.47552
  8.04100     8.05483     8.01349     7.93202     7.90177     7.89939     7.70579     7.47596
  8.04100     8.05638     8.01526     7.93303     7.90202     7.89965     7.70700     7.47577
  8.04100     8.05752     8.01684     7.93403     7.90204     7.89916     7.70633     7.47574
  8.04100     8.05867     8.01845     7.93527     7.90258     7.89886     7.70648     7.47549
  8.04100     8.06015     8.02021     7.93726     7.90319     7.89880     7.70648     7.47585
  8.04100     8.06213     8.02231     7.93875     7.90420     7.89902     7.70758     7.47648
  8.04100     8.06406     8.02450     7.94027     7.90530     7.89901     7.70845     7.47815
  8.04100     8.06597     8.02708     7.94269     7.90666     7.89947     7.70879     7.47892
  8.04100     8.06795     8.02964     7.94427     7.90757     7.89913     7.70981     7.47966
  8.04100     8.06969     8.03213     7.94590     7.90856     7.89876     7.71136     7.47950
  8.04100     8.07145     8.03471     7.94792     7.90967     7.89903     7.71058     7.48360
  8.04100     8.07317     8.03675     7.94899     7.91024     7.89916     7.70977     7.48295
  8.04100     8.07521     8.03864     7.95052     7.91058     7.89919     7.70975     7.48317
  8.04100     8.07761     8.04150     7.95290     7.91232     7.89981     7.71214     7.48501
  8.04100     8.07920     8.04329     7.95431     7.91348     7.89992     7.71236     7.48554
  8.04100     8.08169     8.04582     7.95580     7.91401     7.90051     7.71440     7.48649
  8.04100     8.08351     8.04717     7.95721     7.91450     7.90052     7.71464     7.48751
  8.04100     8.08542     8.04928     7.95917     7.91778     7.90167     7.71558     7.48759
  8.04100     8.08746     8.05123     7.96053     7.91874     7.90213     7.71533     7.48754
  8.04100     8.09028     8.05355     7.96267     7.92027     7.90295     7.71644     7.48890
  8.04100     8.09222     8.05555     7.96594     7.92164     7.90351     7.71683     7.49014
  8.04100     8.09487     8.05796     7.96835     7.92316     7.90409     7.71905     7.49156
  8.04100     8.09732     8.05981     7.96977     7.92438     7.90489     7.72197     7.49207
  8.04100     8.09935     8.06210     7.97146     7.92554     7.90603     7.72533     7.49326
  8.04100     8.10063     8.06368     7.97260     7.92628     7.90658     7.72671     7.49444
  8.04100     8.10217     8.06532     7.97470     7.92699     7.90782     7.72627     7.49581
  8.04100     8.10336     8.06630     7.97548     7.92775     7.90845     7.72632     7.49644
  8.04100     8.10419     8.06744     7.97652     7.93060     7.90926     7.72588     7.49791
  8.04100     8.10513     8.06827     7.97718     7.93079     7.90921     7.72442     7.49833
  8.04100     8.10607     8.06887     7.97853     7.93196     7.90960     7.72582     7.49904
  8.04100     8.10688     8.06929     7.97905     7.93431     7.90992     7.72773     7.50047
  8.04100     8.10753     8.06978     7.97882     7.93418     7.90941     7.72897     7.50105
  8.04100     8.10830     8.07035     7.97869     7.93447     7.90922     7.72998     7.50106
  8.04100     8.10556     8.07071     7.97885     7.93401     7.90941     7.72911     7.50257
  8.04100     8.10571     8.07043     7.97812     7.93341     7.90944     7.72874     7.50243
  8.04100     8.10507     8.07113     7.97834     7.93342     7.90948     7.72849     7.50319
  8.04100     8.10609     8.07135     7.97838     7.93339     7.91036     7.72846     7.50432
  8.04100     8.10654     8.07115     7.97869     7.93329     7.90860     7.72944     7.50557
  8.04100     8.10662     8.07142     7.97838     7.93312     7.90890     7.73083     7.50623
  8.04100     8.10717     8.07171     7.97919     7.93325     7.90934     7.73077     7.50664
  8.04100     8.10886     8.07165     7.97903     7.93297     7.91014     7.73087     7.50728
  8.04100     8.10898     8.07186     7.97880     7.93266     7.91033     7.73158     7.50774
  8.04100     8.10882     8.07138     7.97733     7.93205     7.91023     7.73200     7.50699
  8.04100     8.10724     8.07079     7.97700     7.93170     7.91084     7.73051     7.50678
  8.04100     8.10656     8.06996     7.97579     7.93061     7.91105     7.73052     7.50592
  8.04100     8.10703     8.06920     7.97231     7.93042     7.91134     7.73130     7.50553
  8.04100     8.10622     8.06737     7.97033     7.92921     7.91125     7.73055     7.50361
  8.04100     8.10528     8.06559     7.96924     7.92784     7.91282     7.72800     7.50227
  8.04100     8.10470     8.06341     7.96691     7.92644     7.91311     7.72678     7.50042
  8.04100     8.10372     8.06142     7.96476     7.92529     7.91288     7.72518     7.49811
  8.04100     8.10256     8.05953     7.96265     7.92361     7.91263     7.72312     7.48734
  8.04100     8.10117     8.05747     7.96052     7.92153     7.91141     7.72049     7.48505
  8.04100     8.10005     8.05546     7.95746     7.91940     7.91087     7.71793     7.48185
  8.04100     8.09952     8.05435     7.95551     7.91801     7.91095     7.71634     7.47944
  8.04100     8.09802     8.05241     7.95318     7.91649     7.91062     7.71367     7.47646
  8.04100     8.09702     8.05009     7.95200     7.91441     7.90991     7.71165     7.47421
  8.04100     8.09541     8.04737     7.94901     7.91133     7.90815     7.70794     7.47128
  8.04100     8.09454     8.04563     7.94837     7.90986     7.90711     7.70446     7.46817
  8.04100     8.09322     8.04402     7.94673     7.90769     7.90603     7.70202     7.46628
  8.04100     8.09318     8.04325     7.94605     7.90648     7.90595     7.70095     7.46497
  8.04100     8.09359     8.04238     7.94495     7.90505     7.90570     7.69836     7.46381
  8.04100     8.09398     8.04201     7.94469     7.90464     7.90588     7.69754     7.46202
  8.04100     8.09420     8.04173     7.94348     7.90328     7.90510     7.69751     7.46041
  8.04100     8.09460     8.04181     7.94280     7.90287     7.90514     7.69819     7.45877
  8.04100     8.09450     8.04363     7.94235     7.90233     7.90478     7.69741     7.45730
  8.04100     8.09530     8.04366     7.94181     7.90240     7.90515     7.69612     7.45603
  8.04100     8.09646     8.04514     7.94283     7.90281     7.90642     7.69655     7.45585
  8.04100     8.09738     8.04571     7.94251     7.90290     7.90661     7.69623     7.45440
  8.04100     8.09776     8.04536     7.94263     7.90217     7.90702     7.69392     7.45307
  8.04100     8.09809     8.04518     7.94304     7.90157     7.90704     7.69412     7.45109
  8.04100     8.09616     8.04382     7.94115     7.89897     7.90623     7.69230     7.44707
  8.04100     8.09681     8.04415     7.94117     7.89902     7.90613     7.69214     7.44505
  8.04100     8.09625     8.04582     7.93980     7.89803     7.90536     7.68899     7.44243
  8.04100     8.09598     8.04556     7.93887     7.89719     7.90506     7.68717     7.44036
  8.04100     8.09586     8.04265     7.93825     7.89811     7.90445     7.68772     7.43809
  8.04100     8.09605     8.04184     7.93677     7.89749     7.90371     7.68592     7.43494
  8.04100     8.09296     8.03867     7.93292     7.89363     7.90082     7.68072     7.42979
  8.04100     8.09273     8.03843     7.93246     7.89202     7.89971     7.67836     7.42705
  8.04100     8.09233     8.03769     7.93110     7.89030     7.89874     7.67528     7.42369
  8.04100     8.09246     8.03715     7.93132     7.88949     7.89826     7.67257     7.42133
  8.04100     8.09162     8.03638     7.93035     7.88793     7.89424     7.67114     7.41834
  8.04100     8.09222     8.03693     7.93050     7.88768     7.89393     7.67040     7.41581
  8.04100     8.09254     8.03637     7.93087     7.88710     7.89314     7.66864     7.41422
  8.04100     8.09329     8.03765     7.93152     7.88704     7.89308     7.66806     7.41281
  8.04100     8.09374     8.03920     7.93207     7.88767     7.89232     7.66723     7.41123
  8.04100     8.09456     8.04059     7.93295     7.88795     7.89174     7.66695     7.41067
  8.04100     8.09464     8.04087     7.93346     7.88717     7.88993     7.66476     7.40833
  8.04100     8.09711     8.04315     7.93497     7.88715     7.88957     7.66422     7.40719
  8.04100     8.09852     8.04517     7.93672     7.88703     7.88925     7.66506     7.40685
  8.04100     8.10034     8.04758     7.93862     7.88751     7.88849     7.66512     7.40627
  8.04100     8.10185     8.04998     7.94051     7.88828     7.88879     7.66514     7.40610
  8.04100     8.10413     8.05280     7.94330     7.88958     7.88881     7.66555     7.40671
  8.04100     8.10611     8.05532     7.94635     7.89100     7.88879     7.66760     7.40679
  8.04100     8.10805     8.05845     7.94875     7.89224     7.88870     7.66702     7.40784
  8.04100     8.10961     8.06141     7.95060     7.89311     7.88802     7.66619     7.40705
  8.04100     8.11233     8.06426     7.95322     7.89427     7.88764     7.66754     7.40760
  8.04100     8.11469     8.06653     7.95543     7.89555     7.88736     7.66804     7.40834
  8.04100     8.11716     8.06908     7.95770     7.89648     7.88717     7.66685     7.40791
  8.04100     8.11979     8.07199     7.96019     7.89825     7.88759     7.66981     7.40855
  8.04100     8.12413     8.07459     7.96261     7.90013     7.88759     7.67054     7.40954
  8.04100     8.12512     8.07638     7.96438     7.90143     7.88714     7.66986     7.40937
  8.04100     8.12732     8.07868     7.96647     7.90261     7.88719     7.66970     7.40921
  8.04100     8.12906     8.08103     7.96830     7.90363     7.88745     7.67114     7.40848
  8.04100     8.13088     8.08313     7.97027     7.90489     7.88841     7.67221     7.40828
  8.04100     8.13377     8.08812     7.97360     7.90808     7.89056     7.67403     7.40838
  8.04100     8.13608     8.09023     7.97515     7.90873     7.89133     7.67526     7.40742
  8.04100     8.13744     8.09186     7.97615     7.90947     7.89216     7.67522     7.40624
  8.04100     8.13993     8.09282     7.97705     7.90996     7.89250     7.67428     7.40551
  8.04100     8.14069     8.09328     7.97715     7.91007     7.89236     7.67475     7.40402
  8.04100     8.14201     8.09337     7.97716     7.90956     7.89153     7.67407     7.40151
  8.04100     8.14139     8.09278     7.97678     7.90886     7.89077     7.67375     7.39830
  8.04100     8.14223     8.09342     7.97693     7.90889     7.89081     7.67410     7.39662
  8.04100     8.14229     8.09370     7.97649     7.90839     7.89023     7.67128     7.39356
  8.04100     8.14137     8.09340     7.97610     7.90750     7.88898     7.66883     7.39035
  8.04100     8.13965     8.09250     7.97379     7.90514     7.88672     7.66656     7.38613
  8.04100     8.13992     8.09271     7.97328     7.90425     7.88660     7.66334     7.38318
  8.04100     8.13911     8.09218     7.97259     7.90344     7.88510     7.66178     7.38029
  8.04100     8.13985     8.09133     7.97252     7.90284     7.88389     7.66252     7.37745
  8.04100     8.14011     8.09125     7.97226     7.90226     7.88322     7.66182     7.37583
  8.04100     8.14038     8.09087     7.97161     7.90169     7.88224     7.66041     7.37394
  8.04100     8.14019     8.09223     7.97143     7.90156     7.88132     7.65960     7.37209
  8.04100     8.14046     8.09239     7.97165     7.90161     7.88142     7.65843     7.36955
  8.04100     8.14048     8.09211     7.97083     7.90081     7.88114     7.65659     7.36812
  8.04100     8.14084     8.09206     7.97071     7.90052     7.88128     7.65550     7.36641
  8.04100     8.14075     8.09189     7.97079     7.89998     7.88074     7.65493     7.36508
  8.04100     8.14126     8.08903     7.97068     7.90016     7.88077     7.65398     7.36436
  8.04100     8.14089     8.08876     7.97019     7.89922     7.87993     7.65320     7.36310
  8.04100     8.14159     8.08886     7.97020     7.89884     7.87988     7.65298     7.36119
  8.04100     8.14205     8.08906     7.97072     7.89910     7.88008     7.65213     7.36165
  8.04100     8.14205     8.08859     7.97039     7.89908     7.87978     7.65204     7.36036
  8.04100     8.14105     8.08757     7.96924     7.89776     7.87893     7.65059     7.35849
  8.04100     8.14020     8.08658     7.96853     7.89539     7.87816     7.64947     7.35677
  8.04100     8.13908     8.08557     7.96688     7.89400     7.87690     7.64850     7.35518
  8.04100     8.13744     8.08406     7.96550     7.89311     7.87590     7.64717     7.35349
  8.04100     8.13604     8.08252     7.96399     7.89151     7.87478     7.64547     7.35268
  8.04100     8.13527     8.07976     7.96303     7.89105     7.87447     7.64548     7.35247
  8.04100     8.13307     8.07756     7.96094     7.88838     7.87212     7.64213     7.35164
  8.04100     8.13234     8.07695     7.96022     7.88753     7.87148     7.64145     7.35155
  8.04100     8.13201     8.07680     7.95968     7.88707     7.87133     7.64180     7.35254
  8.04100     8.13216     8.07654     7.95930     7.88735     7.87145     7.64257     7.35306
  8.04100     8.13187     8.07558     7.95845     7.88649     7.87055     7.64145     7.35289
  8.04100     8.13010     8.07370     7.95666     7.88604     7.86915     7.63999     7.35237
  8.04100     8.12674     8.07316     7.95640     7.88627     7.86909     7.64069     7.35260
  8.04100     8.12630     8.07287     7.95627     7.88792     7.86910     7.64076     7.35312
  8.04100     8.12609     8.07237     7.95597     7.88707     7.86886     7.64113     7.35398
  8.04100     8.12680     8.07242     7.95626     7.88722     7.86960     7.64273     7.35498
  8.04100     8.12789     8.07296     7.95685     7.88781     7.87072     7.64315     7.35583
  8.04100     8.12782     8.07249     7.95648     7.88719     7.87169     7.64264     7.35613
  8.04100     8.12814     8.07300     7.95617     7.88690     7.87226     7.64420     7.35581
  8.04100     8.12835     8.07316     7.95612     7.88751     7.87310     7.64523     7.35603
  8.04100     8.12840     8.07316     7.95571     7.88698     7.87344     7.64551     7.35592
  8.04100     8.12747     8.07239     7.95479     7.88551     7.87300     7.64440     7.35576
  8.04100     8.12830     8.07197     7.95429     7.88494     7.87298     7.64389     7.35466
  8.04100     8.12728     8.07034     7.95273     7.88468     7.87276     7.64292     7.35414
