  17.56460      .1265511E-01  .1499740E-03 
  17.60760      .1222171E-01  .3936510E-03 
  17.70630      .1166030E-01  .2546999E-03 
  17.79310      .1245589E-01  .1306680E-03 
  17.82640      .1157786E-01  .1300488E-03 
  17.84650      .1123013E-01  .2018380E-03 
  17.87920      .1095673E-01  .1366191E-03 
  18.35620      .1191397E-01  .4720247E-03 
  18.43120      .1187356E-01  .2319389E-03 
  18.46180      .1202255E-01  .1288381E-03 
  18.57430      .1209734E-01  .1618703E-03 
  18.61530      .1183052E-01  .2185331E-03 
  18.80490      .1240915E-01  .1505731E-03 
  18.81320      .1121074E-01  .1521312E-03 
  18.85140      .1090186E-01  .1298449E-03 
  18.88330      .1134481E-01  .1264965E-03 
  18.91810      .1125211E-01  .9230922E-04 
  19.35140      .1218798E-01  .1526279E-03 
  19.41250      .1295726E-01  .2331390E-03 
  19.52640      .1315378E-01  .1501217E-03 
  19.55760      .1232020E-01  .1524116E-03 
  19.57850      .1223351E-01  .1582172E-03 
  19.60140      .1456198E-01  .3937399E-03 
  19.65490      .1213673E-01  .1247876E-03 
  19.67710      .1201218E-01  .2284166E-03 
  19.88680      .1196071E-01  .1458079E-03 
  19.95760      .1228647E-01  .8298996E-04 
  20.00280      .1234060E-01  .1338989E-03 
  20.03060      .1240471E-01  .2040731E-03 
  20.33680      .1312782E-01  .2785843E-03 
  20.42920      .1224391E-01  .1293921E-03 
  20.49930      .1225826E-01  .1475928E-03 
  20.54240      .1206553E-01  .1618588E-03 
  20.81180      .1193183E-01  .1285193E-03 
  21.52010      .1201290E-01  .1226803E-03 
  21.63610      .1210864E-01  .1946139E-03 
  21.71460      .1279429E-01  .2385471E-03 
  21.97500      .1205196E-01  .1434727E-03 
  22.06180      .1260358E-01  .1222291E-03 
  22.34860      .1226801E-01  .1372340E-03 
  22.41870      .1232676E-01  .1513050E-03 
  22.44510      .1240876E-01  .1585806E-03 
  22.47500      .1246304E-01  .3494522E-03 
  22.49030      .1215605E-01  .1445776E-03 
  22.52850      .1180104E-01  .1071098E-03 
  22.76740      .1237121E-01  .1434860E-03 
  22.86460      .1164449E-01  .1011220E-03 
  22.96880      .1130523E-01  .2245402E-03 
  23.06940      .1170884E-01  .2231815E-03 
  23.40490      .1151310E-01  .1201515E-03 
  34.03330      .1188937E-01  .1338405E-03 
  34.07640      .1198893E-01  .1312935E-03 
  34.27500      .1212477E-01  .1717755E-03 
  35.98680      .1187451E-01  .2076958E-03 
  36.03820      .1239751E-01  .3730636E-03 
  36.06530      .1207253E-01  .2128050E-03 
  36.09790      .1228372E-01  .1682281E-03 
  36.26740      .1215611E-01  .1136617E-03 
  36.38330      .1228665E-01  .1205082E-03 
  36.66110      .1247580E-01  .1398398E-03 
  36.70970      .1194897E-01  .2535153E-03 
  36.81600      .1207926E-01  .1252568E-03 
  36.92920      .1212740E-01  .1072689E-03 
  37.01460      .1242801E-01  .1342800E-03 
  37.15830      .1211302E-01  .1195882E-03 
  37.18890      .1240689E-01  .1287442E-03 
  37.26530      .1210343E-01  .4283077E-03 
  37.37010      .1203785E-01  .1253700E-03 
  37.56390      .1171589E-01  .2210291E-03 
  37.64240      .1221967E-01  .2024964E-03 
  37.83610      .1189146E-01  .5411281E-03 
  37.89240      .1212521E-01  .1295380E-03 
  37.96180      .1225865E-01  .1426139E-03 
  38.03060      .1207280E-01  .1321765E-03 
  38.10760      .1234411E-01  .2338756E-03 
  38.23820      .1199689E-01  .1785596E-03 
  38.33330      .1239497E-01  .1639870E-03 
  38.38060      .1207665E-01  .1779330E-03 
  38.41670      .1249851E-01  .1703768E-03 
  38.46530      .1222766E-01  .1605419E-03 
  38.55280      .1263920E-01  .1642259E-03 
  38.60350      .1192741E-01  .1773206E-03 
  38.65760      .1199029E-01  .1422868E-03 
  38.83060      .1236488E-01  .1270400E-03 
  39.02360      .1262551E-01  .2080482E-03 
  39.07990      .1231697E-01  .1316696E-03 
  39.16040      .1238461E-01  .1323960E-03 
  39.23190      .1217798E-01  .1496265E-03 
  39.29100      .1235248E-01  .1785968E-03 
  39.37990      .1118378E-01  .4625650E-03 
  39.42080      .1240702E-01  .1870577E-03 
  39.42290      .1214154E-01  .1787732E-03 
  39.77570      .1263268E-01  .6264782E-03 
  39.80000      .1213339E-01  .3291007E-03 
  39.80760      .1190247E-01  .1227982E-03 
  39.85140      .1204839E-01  .1391282E-03 
  39.94720      .1221141E-01  .1228491E-03 
  40.01110      .1212072E-01  .1025843E-03 
  40.59100      .1212256E-01  .1082440E-03 
  40.67990      .1165317E-01  .3182218E-03 
  40.81600      .1225178E-01  .1365681E-03 
  41.06530      .1194096E-01  .1177370E-03 
  45.21110      .1184771E-01  .1369886E-03 
  45.41460      .1208118E-01  .1471395E-03 
  45.46040      .1227003E-01  .1674774E-03 
  45.54440      .1200349E-01  .2153335E-03 
  45.57010      .1180978E-01  .1234398E-03 
  46.10210      .1169250E-01  .2343245E-03 
  46.13890      .1198503E-01  .1289470E-03 
  46.38400      .1170396E-01  .1421941E-03 
  46.42920      .1195077E-01  .1543871E-03 
  46.46880      .1202998E-01  .1387263E-03 
  46.50630      .1155393E-01  .1174666E-03 
  46.76670      .1191658E-01  .1493901E-03 
  46.80620      .1218356E-01  .1610620E-03 
  46.83610      .1166572E-01  .1548273E-03 
  46.87710      .1190819E-01  .4171955E-03 
  46.88750      .1181182E-01  .1123992E-03 
  46.97220      .1167680E-01  .1629805E-03 
  47.02290      .1179283E-01  .1485589E-03 
  47.06600      .1186629E-01  .1745800E-03 
  47.12920      .1165098E-01  .1340366E-03 
  47.37220      .1169694E-01  .9559958E-04 
  47.48750      .1164266E-01  .1371693E-03 
  47.52920      .1183977E-01  .1864119E-03 
  47.57500      .1172384E-01  .2462059E-03 
  47.60350      .1240578E-01  .2737048E-03 
  47.98400      .1164542E-01  .9591514E-04 
  48.06600      .1159947E-01  .1114865E-03 
  48.11940      .1075825E-01  .2780423E-03 
  48.14100      .1163881E-01  .1447792E-03 
  48.18470      .1171735E-01  .1337791E-03 
  48.23330      .1175028E-01  .1499541E-03 
  48.75900      .1147513E-01  .1236660E-03 
  48.92780      .1139474E-01  .1215466E-03

