 4  2 17  5898  5903  157.0   65.5  0.30  153.5   67.4  0.30  0.8  0.274  -1.0    -1  -1.00  1  0  0  -9   66.6 
 4  2 17  5916  5921   23.0   68.2  0.30   21.5   67.5  0.30  0.3  0.239  -1.0    -1  -1.00  1  0  0  -9   68.0 
 4  2 17  5904  5909  146.5   65.0  0.40  142.4   68.7  0.40  0.9  0.271  -1.0    -1  -1.00  1  0  0  -9   64.4 
 4  2 17  5910  5915   37.0   69.1  0.40   35.4   67.7  0.40  0.3  0.236  -1.0    -1  -1.00  1  0  0  -9   68.4 
 4  7 13  5948  5953   23.5  -70.0  0.30   20.0  -68.3  0.30  4.2  0.156  -1.0    -1  -1.00  0  0  0  -9  -68.8 
 4  7 13  5956  5961  158.5  -64.2  0.30  153.3  -66.9  0.30  4.3  0.264  -1.0    -1  -1.00  0  0  0  -9  -63.8 
 4 10 14  6007  6017   20.0  -68.5  0.12   17.8  -67.6  0.12  1.7  0.494  60.0   600  15.70  0  1  1   9   68.1 
 4 10 14  6022  6029  157.0  -65.6  0.17  155.2  -66.5  0.17  0.9  0.494  60.0   600  15.70  0  1  1  -9  -65.0 
 4 16 21  6059  6064   22.0  -70.8  0.17   19.5  -69.6  0.17  0.7  0.522  88.0   600  14.80  0  1  1  -9  -71.2 
 4 16 21  6067  6074  160.5  -67.1  0.20  158.2  -68.1  0.20  1.7  0.546  88.0   600  14.80  0  1  1  -9  -66.5 
 4 19 20  6089  6094   22.0   71.7  0.20   19.4   70.5  0.20  2.1  0.515  88.0   600  15.10  1  1  1   9  -72.3 
 4 19 20  6097  6102  161.0   67.9  0.20  158.2   69.2  0.20  0.3  0.547  88.0   600  15.10  1  1  1   9  -68.2 
 4 21 22  6110  6115   22.0  -72.5  0.20   19.3  -71.2  0.20  0.4  0.498  90.0   600  15.00  0  1  1   9   72.7 
 4 21 22  6119  6124  161.0  -68.4  0.20  158.4  -69.6  0.20  1.0  0.514  90.0   600  15.00  0  1  1  -9  -68.3 
 4 23 23  6134  6139   22.0   70.4  0.20   19.2   69.1  0.20  0.7  0.508  92.0   600  15.00  1  1  1  -9   70.8 
 4 23 23  6142  6147  160.5   66.8  0.20  158.1   67.9  0.20  0.7  0.516  92.0   600  15.00  1  1  1  -9   66.3 
 4 26 19  6158  6165   22.0  -69.8  0.20   19.1  -68.5  0.20  2.5  0.549  94.0   500  16.30  0  1  1  -9  -68.3 
 4 26 19  6169  6174  160.7  -65.5  0.20  158.4  -66.5  0.20  2.3  0.425  94.0   500  16.00  0  1  1   9   64.4 
 4 30  9  6185  6190   22.0   72.0  0.20   19.1   70.6  0.20  0.7  0.499  75.0   500  15.60  1  0  1  -9   71.5 
 4 30  9  6194  6199  160.7   69.1  0.20  158.5   69.1  0.20  0.3  0.489  75.0   500  15.60  1  0  1   9  -67.9 
 4 30 22  6205  6210   22.0   73.0  0.20   19.1   71.6  0.20  0.5  0.511  75.0   400  15.50  1  0  0  -9   73.0 
 4 30 22  6214  6219  160.7   68.6  0.20  157.7   70.0  0.20  0.6  0.519  75.0   400  15.50  1  1  1   9  -68.3 
 5  3 22  6222  6227   22.0  -74.8  0.25   19.3  -73.5  0.25  1.5  0.396  75.0   500  15.10  0  1  1   9   73.9 
 5  3 22  6230  6237  160.7  -71.2  0.25  158.4  -72.3  0.25  0.9  0.402  75.0   500  15.10  0  1  1   9   72.2 
 5  5  9  6249  6254   22.0   74.7  0.23   19.3   73.4  0.23  1.6  0.539  75.0   280  16.50  1  0  0  -9   75.0 
 5  5  9  6257  6262  160.7   71.9  0.23  158.3   73.0  0.23  0.6  0.425  75.0   280  16.25  1  0  0  -9   71.7 
 5  7 12  6268  6273   22.0  -74.9  0.26   19.8  -73.8  0.26  0.8  0.340  74.0   500  15.10  0  0  0  -9  -75.1 
 5  7 12  6276  6281  160.7  -71.6  0.27  158.3  -72.7  0.27  1.0  0.352  74.0   500  15.10  0  0  0  -9  -71.5 
 5 10 18  6287  6296   22.0  -75.1  0.23   19.8  -73.8  0.23  0.7  0.327  74.0   500  15.70  0  1  1  -9  -75.0 
 5 10 18  6299  6304  160.7  -71.4  0.30  158.0  -72.7  0.30  1.4  0.310  74.0   500  15.70  0  0  0  -9  -73.1 
 5 14 23  6359  6364   22.0   69.9  0.22   19.1   68.6  0.22  2.3  0.550  74.0   490  15.45  1  0  1  -9   69.2 
 5 14 23  6367  6372  160.7   68.0  0.24  158.0   66.9  0.24  1.4  0.389  74.0   430  15.45  1  1  1  -9   66.5 
 5 16 15  6378  6383   22.0   67.8  0.24   19.3   66.6  0.24  0.5  0.385  75.0   600  16.25  1  1  0  -9   67.3 
 5 16 15  6386  6391  160.7   64.6  0.24  158.5   65.5  0.24  1.1  0.332  75.0   600  16.25  1  0  0  -9   64.0 
 5 17 19  6420  6425   22.0   70.5  0.22   19.0   69.1  0.22  1.6  0.424  75.0   500  15.50  1  1  1  -9   70.5 
 5 17 19  6428  6433  160.7   67.6  0.24  158.4   68.6  0.24  1.2  0.401  75.0   500  15.50  1  1  1  -9   67.5 
 5 18 21  6452  6457   22.0  -71.2  0.23   18.9  -69.8  0.23  2.2  0.400  75.0   500  15.00  0  1  1  -9  -70.6 
 5 18 21  6460  6467  160.7  -68.2  0.25  158.2  -69.3  0.25  1.2  0.397  75.0   500  15.00  0  1  1  -9  -67.0 
 5 20  9  6501  6506   22.0   71.1  0.22   18.8   69.6  0.22  1.0  0.410  75.0   500  15.00  1  0  0   9  -71.8 
 5 20  9  6510  6515  160.7   68.1  0.22  158.2   69.2  0.25  0.6  0.392  75.0   500  15.00  1  1  1  -9   68.1 
 5 20 11  6527  6532   22.0   68.9  0.21   18.8   67.5  0.21  0.7  0.452  75.0   500  15.25  1  1  0  -9   69.3 
 5 20 11  6519  6524  160.7   65.6  0.24  158.2   66.6  0.24  0.5  0.381  75.0   500  15.00  1  0  0  -9   65.8 
 5 22 20  6538  6543   22.0   69.9  0.25   18.8   68.5  0.25  0.7  0.415  75.0   500  16.10  1  1  1  -9   70.3 
 5 22 20  6546  6551  160.7   66.9  0.26  158.4   68.2  0.26  1.2  0.388  75.0   500  16.10  1  1  1  -9   65.8 
 5 25  9  6558  6565   22.0  -69.0  0.28   18.9  -67.6  0.28  0.3  0.319  75.0   500  15.99  0  1  1  -9  -68.9 
 5 25  9  6568  6573  160.7  -64.9  0.30  158.3  -65.9  0.30  1.6  0.339  75.0   500  15.99  0  1  1  -9  -63.7 
 5 26  9  6648  6653   22.0   68.0  0.19   19.1   66.7  0.28  1.3  0.501  75.0   500  17.30  1  1  1  -9   68.2 
 5 26  9  6656  6661  160.7   64.0  0.24  158.3   65.0  0.24  1.4  0.420  75.0   500  17.30  1  1  1  -9   63.3 
 5 27  9  6885  6890   22.0   72.3  0.22   18.6   70.7  0.22  0.7  0.441  75.0   500  15.40  1  1  1   9  -72.1 
 5 27  9  6893  6898  160.7   68.8  0.24  157.6   70.2  0.24  1.5  0.445  75.0   500  15.40  1  1  1   9  -69.4 
