      1       0.000000         0.0499630
      2       0.000011         3.0225955
      3       0.000022         5.8705044
      4       0.000032         8.6025695
      5       0.000043        11.2274762
      6       0.000054        13.7529417
      7       0.000064        16.1859218
      8       0.000075        18.5326937
      9       0.000086        20.7989391
     10       0.000096        22.9898159
     11       0.000107        25.1100160
     12       0.000118        27.1638207
     13       0.000128        29.1551433
     14       0.000139        31.0875709
     15       0.000150        32.9643971
     16       0.000160        34.7886534
     17       0.000171        36.5631352
     18       0.000182        38.2904251
     19       0.000192        39.9729138
     20       0.000203        41.6128180
     21       0.000214        43.2121966
     22       0.000224        44.7729654
     23       0.000235        46.2969094
     24       0.000246        47.7856945
     25       0.000256        49.2408779
     26       0.000267        47.6889910
     27       0.000278        46.2313529
     28       0.000288        44.8602111
     29       0.000299        43.5680780
     30       0.000310        42.3483532
     31       0.000320        41.1951353
     32       0.000331        40.1031418
     33       0.000342        39.0676307
     34       0.000352        38.0843328
     35       0.000363        37.1493971
     36       0.000374        36.2593391
     37       0.000384        35.4110010
     38       0.000395        34.6015125
     39       0.000406        33.8282611
     40       0.000416        33.0888623
     41       0.000427        32.3811368
     42       0.000438        31.7030880
     43       0.000448        31.0528840
     44       0.000459        30.4288405
     45       0.000470        29.8294069
     46       0.000480        29.2531526
     47       0.000491        28.6987560
     48       0.000502        28.1649946
     49       0.000512        27.6507353
     50       0.000523        27.1549266
     51       0.000534        26.6765916
     52       0.000544        26.2148213
     53       0.000555        25.7687685
     54       0.000566        25.3376434
     55       0.000576        24.9207080
     56       0.000587        24.5172724
     57       0.000598        24.1266907
     58       0.000608        23.7483577
     59       0.000619        23.3817057
     60       0.000630        23.0262015
     61       0.000640        22.6813440
     62       0.000651        22.3466616
     63       0.000662        22.0217105
     64       0.000672        21.7060719
     65       0.000683        21.3993511
     66       0.000694        21.1011754
     67       0.000704        20.8111923
     68       0.000715        20.5290687
     69       0.000726        20.2544893
     70       0.000736        19.9871554
     71       0.000747        19.7267839
     72       0.000758        19.4731062
     73       0.000768        19.2258676
     74       0.000779        18.9848258
     75       0.000790        18.7497507
     76       0.000800        18.5204236
     77       0.000811        18.2966361
     78       0.000822        18.0781898
     79       0.000832        17.8648959
     80       0.000843        17.6565742
     81       0.000854        17.4530527
     82       0.000864        17.2541676
     83       0.000875        17.0597620
     84       0.000886        16.8696865
     85       0.000896        16.6837979
     86       0.000907        16.5019595
     87       0.000918        16.3240402
     88       0.000928        16.1499147
     89       0.000939        15.9794630
     90       0.000950        15.8125700
     91       0.000960        15.6491255
     92       0.000971        15.4890237
     93       0.000982        15.3321630
     94       0.000992        15.1784460
     95       0.001003        15.0277793
     96       0.001014        14.8800728
     97       0.001024        14.7352402
     98       0.001035        14.5931985
     99       0.001046        14.4538677
    100       0.001056        14.3171711
    101       0.001067        14.1830345
    102       0.001078        14.0513868
    103       0.001088        13.9221592
    104       0.001099        13.7952858
    105       0.001110        13.6707028
    106       0.001120        13.5483486
    107       0.001131        13.4281641
    108       0.001142        13.3100920
    109       0.001152        13.1940771
    110       0.001163        13.0800662
    111       0.001174        12.9680077
    112       0.001184        12.8578519
    113       0.001195        12.7495508
    114       0.001206        12.6430579
    115       0.001216        12.5383284
    116       0.001227        12.4353188
    117       0.001238        12.3339870
    118       0.001248        12.2342924
    119       0.001259        12.1361957
    120       0.001270        12.0396588
    121       0.001280        11.9446447
    122       0.001291        11.8511177
    123       0.001302        11.7590431
    124       0.001312        11.6683875
    125       0.001323        11.5791182
    126       0.001334        11.4912036
    127       0.001344        11.4046133
    128       0.001355        11.3193174
    129       0.001366        11.2352872
    130       0.001376        11.1524947
    131       0.001387        11.0709128
    132       0.001398        10.9905151
    133       0.001408        10.9112760
    134       0.001419        10.8331707
    135       0.001430        10.7561749
    136       0.001440        10.6802653
    137       0.001451        10.6054189
    138       0.001462        10.5316137
    139       0.001472        10.4588280
    140       0.001483        10.3870409
    141       0.001494        10.3162319
    142       0.001504        10.2463812
    143       0.001515        10.1774695
    144       0.001526        10.1094780
    145       0.001536        10.0423883
    146       0.001547         9.9761826
    147       0.001558         9.9108437
    148       0.001568         9.8463545
    149       0.001579         9.7826986
    150       0.001590         9.7198599
    151       0.001600         9.6578229
    152       0.001611         9.5965722
    153       0.001622         9.5360931
    154       0.001632         9.4763710
    155       0.001643         9.4173918
    156       0.001654         9.3591417
    157       0.001664         9.3016073
    158       0.001675         9.2447755
    159       0.001686         9.1886335
    160       0.001696         9.1331688
    161       0.001707         9.0783693
    162       0.001718         9.0242229
    163       0.001728         8.9707182
    164       0.001739         8.9178438
    165       0.001750         8.8655886
    166       0.001760         8.8139418
    167       0.001771         8.7628928
    168       0.001782         8.7124314
    169       0.001792         8.6625474
    170       0.001803         8.6132310
    171       0.001814         8.5644725
    172       0.001824         8.5162625
    173       0.001835         8.4685919
    174       0.001846         8.4214516
    175       0.001856         8.3748328
    176       0.001867         8.3287270
    177       0.001878         8.2831256
    178       0.001888         8.2380205
    179       0.001899         8.1934037
    180       0.001910         8.1492671
    181       0.001920         8.1056032
    182       0.001931         8.0624043
    183       0.001942         8.0196631
    184       0.001952         7.9773723
    185       0.001963         7.9355249
    186       0.001974         7.8941139
    187       0.001984         7.8531325
    188       0.001995         7.8125741
    189       0.002006         7.7724321
    190       0.002016         7.7327002
    191       0.002027         7.6933722
    192       0.002038         7.6544419
    193       0.002048         7.6159032
    194       0.002059         7.5777504
    195       0.002070         7.5399776
    196       0.002080         7.5025792
    197       0.002091         7.4655497
    198       0.002102         7.4288836
    199       0.002112         7.3925756
    200       0.002123         7.3566205
    201       0.002134         7.3210132
    202       0.002144         7.2857486
    203       0.002155         7.2508219
    204       0.002166         7.2162281
    205       0.002176         7.1819626
    206       0.002187         7.1480206
    207       0.002198         7.1143978
    208       0.002208         7.0810894
    209       0.002219         7.0480913
    210       0.002230         7.0153990
    211       0.002240         6.9830083
    212       0.002251         6.9509151
    213       0.002262         6.9191152
    214       0.002272         6.8876048
    215       0.002283         6.8563798
    216       0.002294         6.8254364
    217       0.002304         6.7947708
    218       0.002315         6.7643793
    219       0.002326         6.7342581
    220       0.002336         6.7044038
    221       0.002347         6.6748128
    222       0.002358         6.6454817
    223       0.002368         6.6164069
    224       0.002379         6.5875852
    225       0.002390         6.5590133
    226       0.002400         6.5306879
    227       0.002411         6.5026059
    228       0.002422         6.4747642
    229       0.002432         6.4471596
    230       0.002443         6.4197892
    231       0.002454         6.3926500
    232       0.002464         6.3657390
    233       0.002475         6.3390535
    234       0.002486         6.3125905
    235       0.002496         6.2863474
    236       0.002507         6.2603213
    237       0.002518         6.2345097
    238       0.002528         6.2089098
    239       0.002539         6.1835191
    240       0.002550         6.1583350
    241       0.002560         6.1333550
    242       0.002571         6.1085766
    243       0.002582         6.0839975
    244       0.002592         6.0596151
    245       0.002603         6.0354272
    246       0.002614         6.0114314
    247       0.002624         5.9876255
    248       0.002635         5.9640072
    249       0.002646         5.9405744
    250       0.002656         5.9173247
    251       0.002667         5.8942561
    252       0.002678         5.8713665
    253       0.002688         5.8486539
    254       0.002699         5.8261160
    255       0.002710         5.8037511
    256       0.002720         5.7815570
    257       0.002731         5.7595318
    258       0.002742         5.7376736
    259       0.002752         5.7159805
    260       0.002763         5.6944507
    261       0.002774         5.6730823
    262       0.002784         5.6518735
    263       0.002795         5.6308225
    264       0.002806         5.6099275
    265       0.002816         5.5891869
    266       0.002827         5.5685989
    267       0.002838         5.5481619
    268       0.002848         5.5278742
    269       0.002859         5.5077341
    270       0.002870         5.4877401
    271       0.002880         5.4678906
    272       0.002891         5.4481840
    273       0.002902         5.4286187
    274       0.002912         5.4091934
    275       0.002923         5.3899064
    276       0.002934         5.3707563
    277       0.002944         5.3517416
    278       0.002955         5.3328609
    279       0.002966         5.3141129
    280       0.002976         5.2954961
    281       0.002987         5.2770090
    282       0.002998         5.2586505
    283       0.003008         5.2404191
    284       0.003019         5.2223136
    285       0.003030         5.2043326
    286       0.003040         5.1864748
    287       0.003051         5.1687390
    288       0.003062         5.1511240
    289       0.003072         5.1336285
    290       0.003083         5.1162513
    291       0.003094         5.0989912
    292       0.003104         5.0818470
    293       0.003115         5.0648176
    294       0.003126         5.0479017
    295       0.003136         5.0310984
    296       0.003147         5.0144065
    297       0.003158         4.9978248
    298       0.003168         4.9813522
    299       0.003179         4.9649878
    300       0.003190         4.9487304
    301       0.003200         4.9325790
    302       0.003211         4.9165325
    303       0.003222         4.9005900
    304       0.003232         4.8847504
    305       0.003243         4.8690127
    306       0.003254         4.8533760
    307       0.003264         4.8378393
    308       0.003275         4.8224016
    309       0.003286         4.8070620
    310       0.003296         4.7918196
    311       0.003307         4.7766733
    312       0.003318         4.7616225
    313       0.003328         4.7466660
    314       0.003339         4.7318031
    315       0.003350         4.7170328
    316       0.003360         4.7023544
    317       0.003371         4.6877669
    318       0.003382         4.6732695
    319       0.003392         4.6588614
    320       0.003403         4.6445417
    321       0.003414         4.6303097
    322       0.003424         4.6161646
    323       0.003435         4.6021054
    324       0.003446         4.5881316
    325       0.003456         4.5742422
    326       0.003467         4.5604366
    327       0.003478         4.5467139
    328       0.003488         4.5330734
    329       0.003499         4.5195145
    330       0.003510         4.5060363
    331       0.003520         4.4926381
    332       0.003531         4.4793193
    333       0.003542         4.4660791
    334       0.003552         4.4529169
    335       0.003563         4.4398319
    336       0.003574         4.4268234
    337       0.003584         4.4138909
    338       0.003595         4.4010336
    339       0.003606         4.3882509
    340       0.003616         4.3755421
    341       0.003627         4.3629066
    342       0.003638         4.3503438
    343       0.003648         4.3378530
    344       0.003659         4.3254336
    345       0.003670         4.3130851
    346       0.003680         4.3008067
    347       0.003691         4.2885980
    348       0.003702         4.2764583
    349       0.003712         4.2643870
    350       0.003723         4.2523836
    351       0.003734         4.2404475
    352       0.003744         4.2285781
    353       0.003755         4.2167748
    354       0.003766         4.2050372
    355       0.003776         4.1933646
    356       0.003787         4.1817566
    357       0.003798         4.1702126
    358       0.003808         4.1587320
    359       0.003819         4.1473144
    360       0.003830         4.1359592
    361       0.003840         4.1246659
    362       0.003851         4.1134340
    363       0.003862         4.1022631
    364       0.003872         4.0911526
    365       0.003883         4.0801020
    366       0.003894         4.0691108
    367       0.003904         4.0581786
    368       0.003915         4.0473050
    369       0.003926         4.0364893
    370       0.003936         4.0257312
    371       0.003947         4.0150302
    372       0.003958         4.0043859
    373       0.003968         3.9937978
    374       0.003979         3.9832654
    375       0.003990         3.9727883
    376       0.004000         3.9623662
    377       0.004011         3.9519985
    378       0.004022         3.9416848
    379       0.004032         3.9314247
    380       0.004043         3.9212178
    381       0.004054         3.9110637
    382       0.004064         3.9009620
    383       0.004075         3.8909122
    384       0.004086         3.8809140
    385       0.004096         3.8709670
    386       0.004107         3.8610708
    387       0.004118         3.8512249
    388       0.004128         3.8414290
    389       0.004139         3.8316828
    390       0.004150         3.8219859
    391       0.004160         3.8123378
    392       0.004171         3.8027382
    393       0.004182         3.7931867
    394       0.004192         3.7836831
    395       0.004203         3.7742269
    396       0.004214         3.7648177
    397       0.004224         3.7554553
    398       0.004235         3.7461392
    399       0.004246         3.7368692
    400       0.004256         3.7276448
    401       0.004267         3.7184658
    402       0.004278         3.7093319
    403       0.004288         3.7002426
    404       0.004299         3.6911977
    405       0.004310         3.6821968
    406       0.004320         3.6732396
    407       0.004331         3.6643259
    408       0.004342         3.6554552
    409       0.004352         3.6466273
    410       0.004363         3.6378419
    411       0.004374         3.6290986
    412       0.004384         3.6203972
    413       0.004395         3.6117373
    414       0.004406         3.6031187
    415       0.004416         3.5945410
    416       0.004427         3.5860041
    417       0.004438         3.5775075
    418       0.004448         3.5690510
    419       0.004459         3.5606343
    420       0.004470         3.5522572
    421       0.004480         3.5439193
    422       0.004491         3.5356204
    423       0.004502         3.5273602
    424       0.004512         3.5191385
    425       0.004523         3.5109549
    426       0.004534         3.5028092
    427       0.004544         3.4947012
    428       0.004555         3.4866306
    429       0.004566         3.4785971
    430       0.004576         3.4706004
    431       0.004587         3.4626404
    432       0.004598         3.4547167
    433       0.004608         3.4468292
    434       0.004619         3.4389775
    435       0.004630         3.4311614
    436       0.004640         3.4233808
    437       0.004651         3.4156353
    438       0.004662         3.4079246
    439       0.004672         3.4002487
    440       0.004683         3.3926072
    441       0.004694         3.3849999
    442       0.004704         3.3774266
    443       0.004715         3.3698870
    444       0.004726         3.3623810
    445       0.004736         3.3549082
    446       0.004747         3.3474686
    447       0.004758         3.3400618
    448       0.004768         3.3326876
    449       0.004779         3.3253459
    450       0.004790         3.3180364
    451       0.004800         3.3107589
    452       0.004811         3.3035132
    453       0.004822         3.2962991
    454       0.004832         3.2891163
    455       0.004843         3.2819648
    456       0.004854         3.2748442
    457       0.004864         3.2677544
    458       0.004875         3.2606951
    459       0.004886         3.2536663
    460       0.004896         3.2466676
    461       0.004907         3.2396989
    462       0.004918         3.2327600
    463       0.004928         3.2258507
    464       0.004939         3.2189708
    465       0.004950         3.2121202
    466       0.004960         3.2052986
    467       0.004971         3.1985058
    468       0.004982         3.1917417
    469       0.004992         3.1850061
    470       0.005003         3.1782989
    471       0.005014         3.1716197
    472       0.005024         3.1649686
    473       0.005035         3.1583452
    474       0.005046         3.1517494
    475       0.005056         3.1451810
    476       0.005067         3.1386400
    477       0.005078         3.1321260
    478       0.005088         3.1256389
    479       0.005099         3.1191786
    480       0.005110         3.1127450
    481       0.005120         3.1063377
    482       0.005131         3.0999567
    483       0.005142         3.0936018
    484       0.005152         3.0872729
    485       0.005163         3.0809698
    486       0.005174         3.0746923
    487       0.005184         3.0684403
    488       0.005195         3.0622136
    489       0.005206         3.0560120
    490       0.005216         3.0498355
    491       0.005227         3.0436839
    492       0.005238         3.0375570
    493       0.005248         3.0314546
    494       0.005259         3.0253767
    495       0.005270         3.0193230
    496       0.005280         3.0132934
    497       0.005291         3.0072879
    498       0.005302         3.0013062
    499       0.005312         2.9953482
    500       0.005323         2.9894137
    501       0.005334         2.9835027
    502       0.005344         2.9776149
    503       0.005355         2.9717503
    504       0.005366         2.9659087
    505       0.005376         2.9600900
    506       0.005387         2.9542940
    507       0.005398         2.9485207
    508       0.005408         2.9427698
    509       0.005419         2.9370412
    510       0.005430         2.9313349
    511       0.005440         2.9256506
    512       0.005451         2.9199883
    513       0.005462         2.9143478
    514       0.005472         2.9087290
    515       0.005483         2.9031318
    516       0.005494         2.8975561
    517       0.005504         2.8920017
    518       0.005515         2.8864685
    519       0.005526         2.8809564
    520       0.005536         2.8754652
    521       0.005547         2.8699949
    522       0.005558         2.8645454
    523       0.005568         2.8591164
    524       0.005579         2.8537080
    525       0.005590         2.8483199
    526       0.005600         2.8429521
    527       0.005611         2.8376044
    528       0.005622         2.8322768
    529       0.005632         2.8269691
    530       0.005643         2.8216812
    531       0.005654         2.8164130
    532       0.005664         2.8111644
    533       0.005675         2.8059353
    534       0.005686         2.8007255
    535       0.005696         2.7955351
    536       0.005707         2.7903638
    537       0.005718         2.7852115
    538       0.005728         2.7800782
    539       0.005739         2.7749637
    540       0.005750         2.7698680
    541       0.005760         2.7647909
    542       0.005771         2.7597324
    543       0.005782         2.7546923
    544       0.005792         2.7496705
    545       0.005803         2.7446670
    546       0.005814         2.7396816
    547       0.005824         2.7347142
    548       0.005835         2.7297648
    549       0.005846         2.7248332
    550       0.005856         2.7199194
    551       0.005867         2.7150232
    552       0.005878         2.7101446
    553       0.005888         2.7052834
    554       0.005899         2.7004396
    555       0.005910         2.6956131
    556       0.005920         2.6908038
    557       0.005931         2.6860115
    558       0.005942         2.6812363
    559       0.005952         2.6764779
    560       0.005963         2.6717364
    561       0.005974         2.6670116
    562       0.005984         2.6623035
    563       0.005995         2.6576119
    564       0.006006         2.6529368
    565       0.006016         2.6482781
    566       0.006027         2.6436356
    567       0.006038         2.6390094
    568       0.006048         2.6343993
    569       0.006059         2.6298052
    570       0.006070         2.6252271
    571       0.006080         2.6206649
    572       0.006091         2.6161185
    573       0.006102         2.6115877
    574       0.006112         2.6070726
    575       0.006123         2.6025731
    576       0.006134         2.5980890
    577       0.006144         2.5936203
    578       0.006155         2.5891669
    579       0.006166         2.5847288
    580       0.006176         2.5803058
    581       0.006187         2.5758978
    582       0.006198         2.5715049
    583       0.006208         2.5671269
    584       0.006219         2.5627638
    585       0.006230         2.5584154
    586       0.006240         2.5540817
    587       0.006251         2.5497626
    588       0.006262         2.5454581
    589       0.006272         2.5411680
    590       0.006283         2.5368924
    591       0.006294         2.5326311
    592       0.006304         2.5283840
    593       0.006315         2.5241512
    594       0.006326         2.5199324
    595       0.006336         2.5157277
    596       0.006347         2.5115369
    597       0.006358         2.5073601
    598       0.006368         2.5031971
    599       0.006379         2.4990479
    600       0.006390         2.4949123
    601       0.006400         2.4907904
    602       0.006411         2.4866821
    603       0.006422         2.4825873
    604       0.006432         2.4785058
    605       0.006443         2.4744378
    606       0.006454         2.4703831
    607       0.006464         2.4663415
    608       0.006475         2.4623132
    609       0.006486         2.4582980
    610       0.006496         2.4542958
    611       0.006507         2.4503065
    612       0.006518         2.4463302
    613       0.006528         2.4423668
    614       0.006539         2.4384161
    615       0.006550         2.4344782
    616       0.006560         2.4305529
    617       0.006571         2.4266402
    618       0.006582         2.4227401
    619       0.006592         2.4188525
    620       0.006603         2.4149773
    621       0.006614         2.4111144
    622       0.006624         2.4072639
    623       0.006635         2.4034256
    624       0.006646         2.3995995
    625       0.006656         2.3957856
    626       0.006667         2.3919837
    627       0.006678         2.3881938
    628       0.006688         2.3844159
    629       0.006699         2.3806499
    630       0.006710         2.3768957
    631       0.006720         2.3731533
    632       0.006731         2.3694227
    633       0.006742         2.3657037
    634       0.006752         2.3619964
    635       0.006763         2.3583006
    636       0.006774         2.3546164
    637       0.006784         2.3509436
    638       0.006795         2.3472822
    639       0.006806         2.3436322
    640       0.006816         2.3399935
    641       0.006827         2.3363660
    642       0.006838         2.3327498
    643       0.006848         2.3291446
    644       0.006859         2.3255506
    645       0.006870         2.3219677
    646       0.006880         2.3183957
    647       0.006891         2.3148347
    648       0.006902         2.3112845
    649       0.006912         2.3077452
    650       0.006923         2.3042167
    651       0.006934         2.3006990
    652       0.006944         2.2971919
    653       0.006955         2.2936955
    654       0.006966         2.2902097
    655       0.006976         2.2867344
    656       0.006987         2.2832697
    657       0.006998         2.2798154
    658       0.007008         2.2763715
    659       0.007019         2.2729379
    660       0.007030         2.2695147
    661       0.007040         2.2661017
    662       0.007051         2.2626990
    663       0.007062         2.2593065
    664       0.007072         2.2559240
    665       0.007083         2.2525517
    666       0.007094         2.2491894
    667       0.007104         2.2458371
    668       0.007115         2.2424947
    669       0.007126         2.2391623
    670       0.007136         2.2358397
    671       0.007147         2.2325269
    672       0.007158         2.2292239
    673       0.007168         2.2259307
    674       0.007179         2.2226471
    675       0.007190         2.2193732
    676       0.007200         2.2161089
    677       0.007211         2.2128541
    678       0.007222         2.2096089
    679       0.007232         2.2063731
    680       0.007243         2.2031468
    681       0.007254         2.1999299
    682       0.007264         2.1967223
    683       0.007275         2.1935240
    684       0.007286         2.1903351
    685       0.007296         2.1871553
    686       0.007307         2.1839848
    687       0.007318         2.1808233
    688       0.007328         2.1776711
    689       0.007339         2.1745278
    690       0.007350         2.1713937
    691       0.007360         2.1682685
    692       0.007371         2.1651522
    693       0.007382         2.1620449
    694       0.007392         2.1589465
    695       0.007403         2.1558569
    696       0.007414         2.1527761
    697       0.007424         2.1497041
    698       0.007435         2.1466408
    699       0.007446         2.1435862
    700       0.007456         2.1405403
    701       0.007467         2.1375030
    702       0.007478         2.1344743
    703       0.007488         2.1314541
    704       0.007499         2.1284424
    705       0.007510         2.1254392
    706       0.007520         2.1224444
    707       0.007531         2.1194581
    708       0.007542         2.1164801
    709       0.007552         2.1135104
    710       0.007563         2.1105491
    711       0.007574         2.1075960
    712       0.007584         2.1046511
    713       0.007595         2.1017144
    714       0.007606         2.0987859
    715       0.007616         2.0958655
    716       0.007627         2.0929532
    717       0.007638         2.0900490
    718       0.007648         2.0871528
    719       0.007659         2.0842645
    720       0.007670         2.0813843
    721       0.007680         2.0785119
    722       0.007691         2.0756475
    723       0.007702         2.0727909
    724       0.007712         2.0699421
    725       0.007723         2.0671012
    726       0.007734         2.0642680
    727       0.007744         2.0614425
    728       0.007755         2.0586248
    729       0.007766         2.0558147
    730       0.007776         2.0530122
    731       0.007787         2.0502174
    732       0.007798         2.0474301
    733       0.007808         2.0446504
    734       0.007819         2.0418782
    735       0.007830         2.0391135
    736       0.007840         2.0363562
    737       0.007851         2.0336064
    738       0.007862         2.0308639
    739       0.007872         2.0281288
    740       0.007883         2.0254011
    741       0.007894         2.0226806
    742       0.007904         2.0199675
    743       0.007915         2.0172615
    744       0.007926         2.0145628
    745       0.007936         2.0118713
    746       0.007947         2.0091870
    747       0.007958         2.0065097
    748       0.007968         2.0038396
    749       0.007979         2.0011766
    750       0.007990         1.9985206
    751       0.008000         1.9958716
    752       0.008011         1.9932296
    753       0.008022         1.9905946
    754       0.008032         1.9879665
    755       0.008043         1.9853453
    756       0.008054         1.9827310
    757       0.008064         1.9801236
    758       0.008075         1.9775230
    759       0.008086         1.9749292
    760       0.008096         1.9723421
    761       0.008107         1.9697618
    762       0.008118         1.9671883
    763       0.008128         1.9646214
    764       0.008139         1.9620612
    765       0.008150         1.9595076
    766       0.008160         1.9569607
    767       0.008171         1.9544203
    768       0.008182         1.9518866
    769       0.008192         1.9493593
    770       0.008203         1.9468386
    771       0.008214         1.9443244
    772       0.008224         1.9418166
    773       0.008235         1.9393152
    774       0.008246         1.9368203
    775       0.008256         1.9343318
    776       0.008267         1.9318496
    777       0.008278         1.9293738
    778       0.008288         1.9269043
    779       0.008299         1.9244411
    780       0.008310         1.9219842
    781       0.008320         1.9195335
    782       0.008331         1.9170890
    783       0.008342         1.9146507
    784       0.008352         4.8871513
    785       0.008363         7.7346359
    786       0.008374        10.4661379
    787       0.008384        13.0903482
    788       0.008395        15.6149995
    789       0.008406        18.0470597
    790       0.008416        20.3928170
    791       0.008427        22.6579625
    792       0.008438        24.8476626
    793       0.008448        26.9666165
    794       0.008459        29.0191123
    795       0.008470        31.0090690
    796       0.008480        32.9400789
    797       0.008491        34.8154404
    798       0.008502        36.6381892
    799       0.008512        38.4111243
    800       0.008523        40.1368320
    801       0.008534        41.8177058
    802       0.008544        43.4559651
    803       0.008555        45.0536717
    804       0.008566        46.6127432
    805       0.008576        48.1349670
    806       0.008587        49.6220109
    807       0.008598        48.1005080
    808       0.008608        46.6718703
    809       0.008619        45.3284310
    810       0.008630        44.0627812
    811       0.008640        42.8683931
    812       0.008651        41.7394324
    813       0.008662        40.6706784
    814       0.008672        39.6574466
    815       0.008683        38.6955210
    816       0.008694        37.7811000
    817       0.008704        36.9107450
    818       0.008715        36.0813408
    819       0.008726        35.2900573
    820       0.008736        34.5343189
    821       0.008747        33.8117760
    822       0.008758        33.1202816
    823       0.008768        32.4578696
    824       0.008779        31.8227365
    825       0.008790        31.2132249
    826       0.008800        30.6278090
    827       0.008811        30.0650821
    828       0.008822        29.5237447
    829       0.008832        29.0025950
    830       0.008843        28.5005197
    831       0.008854        28.0164860
    832       0.008864        27.5495343
    833       0.008875        27.0987722
    834       0.008886        26.6633683
    835       0.008896        26.2425474
    836       0.008907        25.8355857
    837       0.008918        25.4418064
    838       0.008928        25.0605763
    839       0.008939        24.6913022
    840       0.008950        24.3334276
    841       0.008960        23.9864302
    842       0.008971        23.6498191
    843       0.008982        23.3231324
    844       0.008992        23.0059356
    845       0.009003        22.6978188
    846       0.009014        22.3983956
    847       0.009024        22.1073013
    848       0.009035        21.8241912
    849       0.009046        21.5487395
    850       0.009056        21.2806377
    851       0.009067        21.0195939
    852       0.009078        20.7653314
    853       0.009088        20.5175876
    854       0.009099        20.2761136
    855       0.009110        20.0406727
    856       0.009120        19.8110403
    857       0.009131        19.5870026
    858       0.009142        19.3683562
    859       0.009152        19.1549075
    860       0.009163        18.9464721
    861       0.009174        18.7428740
    862       0.009184        18.5439457
    863       0.009195        18.3495270
    864       0.009206        18.1594653
    865       0.009216        17.9736144
    866       0.009227        17.7918350
    867       0.009238        17.6139936
    868       0.009248        17.4399625
    869       0.009259        17.2696196
    870       0.009270        17.1028479
    871       0.009280        16.9395352
    872       0.009291        16.7795741
    873       0.009302        16.6228615
    874       0.009312        16.4692986
    875       0.009323        16.3187904
    876       0.009334        16.1712459
    877       0.009344        16.0265775
    878       0.009355        15.8847012
    879       0.009366        15.7455360
    880       0.009376        15.6090041
    881       0.009387        15.4750309
    882       0.009398        15.3435442
    883       0.009408        15.2144747
    884       0.009419        15.0877557
    885       0.009430        14.9633228
    886       0.009440        14.8411141
    887       0.009451        14.7210697
    888       0.009462        14.6031320
    889       0.009472        14.4872454
    890       0.009483        14.3733562
    891       0.009494        14.2614126
    892       0.009504        14.1513645
    893       0.009515        14.0431637
    894       0.009526        13.9367633
    895       0.009536        13.8321183
    896       0.009547        13.7291850
    897       0.009558        13.6279213
    898       0.009568        13.5282862
    899       0.009579        13.4302403
    900       0.009590        13.3337454
    901       0.009600        13.2387644
    902       0.009611        13.1452615
    903       0.009622        13.0532019
    904       0.009632        12.9625521
    905       0.009643        12.8732794
    906       0.009654        12.7853523
    907       0.009664        12.6987400
    908       0.009675        12.6134128
    909       0.009686        12.5293421
    910       0.009696        12.4464997
    911       0.009707        12.3648585
    912       0.009718        12.2843922
    913       0.009728        12.2050752
    914       0.009739        12.1268827
    915       0.009750        12.0497906
    916       0.009760        11.9737753
    917       0.009771        11.8988141
    918       0.009782        11.8248849
    919       0.009792        11.7519662
    920       0.009803        11.6800370
    921       0.009814        11.6090769
    922       0.009824        11.5390663
    923       0.009835        11.4699857
    924       0.009846        11.4018166
    925       0.009856        11.3345406
    926       0.009867        11.2681399
    927       0.009878        11.2025974
    928       0.009888        11.1378961
    929       0.009899        11.0740197
    930       0.009910        11.0109523
    931       0.009920        10.9486781
    932       0.009931        10.8871822
    933       0.009942        10.8264496
    934       0.009952        10.7664661
    935       0.009963        10.7072176
    936       0.009974        10.6486903
    937       0.009984        10.5908709
    938       0.009995        10.5337464
    939       0.010006        10.4773042
