  8.17968     8.18209     8.16055     8.14908     8.12644     8.12704     8.11342     8.09449
  8.17332     8.17563     8.15407     8.14317     8.12053     8.12136     8.10748     8.09024
  8.16703     8.16921     8.14771     8.13741     8.11500     8.11609     8.10213     8.08635
  8.16113     8.16321     8.14183     8.13233     8.11001     8.11141     8.09718     8.08315
  8.15510     8.15707     8.13590     8.12741     8.10522     8.10694     8.09252     8.08013
  8.14940     8.15130     8.13034     8.12293     8.10084     8.10291     8.08828     8.07751
  8.14414     8.14597     8.12537     8.11912     8.09715     8.09959     8.08465     8.07562
  8.13895     8.14078     8.12049     8.11545     8.09364     8.09644     8.08119     8.07377
  8.13453     8.13638     8.11648     8.11270     8.09105     8.09421     8.07859     8.07287
  8.13209     8.13397     8.11444     8.11196     8.09043     8.09396     8.07798     8.07379
  8.12909     8.13101     8.11189     8.11091     8.08939     8.09325     8.07687     8.07427
  8.12530     8.12721     8.10855     8.10884     8.08748     8.09170     8.07498     8.07376
  8.12179     8.12371     8.10551     8.10726     8.08589     8.09044     8.07338     8.07354
  8.11896     8.12088     8.10310     8.10605     8.08488     8.08977     8.07246     8.07378
  8.11630     8.11825     8.10094     8.10508     8.08406     8.08922     8.07162     8.07414
  8.11396     8.11595     8.09900     8.10434     8.08342     8.08883     8.07121     8.07459
  8.11236     8.11438     8.09791     8.10430     8.08354     8.08914     8.07140     8.07566
  8.11069     8.11275     8.09666     8.10415     8.08345     8.08928     8.07144     8.07644
  8.10991     8.11204     8.09635     8.10472     8.08420     8.09023     8.07223     8.07801
  8.11063     8.11276     8.09707     8.10544     8.08492     8.09096     8.07295     8.07873
  8.10952     8.11170     8.09638     8.10562     8.08525     8.09146     8.07333     8.07972
  8.10886     8.11118     8.09613     8.10616     8.08590     8.09235     8.07394     8.08108
  8.10833     8.11072     8.09599     8.10674     8.08658     8.09319     8.07473     8.08237
  8.10813     8.11066     8.09615     8.10760     8.08751     8.09431     8.07568     8.08383
  8.10842     8.11101     8.09677     8.10882     8.08880     8.09575     8.07701     8.08565
  8.10859     8.11129     8.09726     8.10987     8.08990     8.09700     8.07820     8.08717
  8.10928     8.11201     8.09824     8.11134     8.09143     8.09865     8.07971     8.08911
  8.10965     8.11251     8.09892     8.11241     8.09256     8.09990     8.08087     8.09049
  8.11068     8.11361     8.10023     8.11408     8.09425     8.10170     8.08256     8.09253
  8.11150     8.11456     8.10134     8.11548     8.09570     8.10326     8.08402     8.09413
  8.11268     8.11586     8.10279     8.11721     8.09746     8.10509     8.08577     8.09614
  8.11375     8.11707     8.10411     8.11871     8.09904     8.10674     8.08736     8.09777
  8.11515     8.11859     8.10575     8.12054     8.10092     8.10868     8.08930     8.09974
  8.11635     8.11993     8.10716     8.12206     8.10246     8.11027     8.09099     8.10119
  8.11858     8.12225     8.10961     8.12457     8.10497     8.11287     8.09348     8.10367
  8.12043     8.12417     8.11160     8.12658     8.10697     8.11490     8.09570     8.10554
  8.12232     8.12608     8.11363     8.12865     8.10897     8.11693     8.09769     8.10740
  8.12368     8.12748     8.11513     8.13009     8.11033     8.11830     8.09916     8.10851
  8.12458     8.12844     8.11611     8.13104     8.11124     8.11915     8.10007     8.10926
  8.12616     8.13006     8.11780     8.13260     8.11265     8.12057     8.10164     8.11033
  8.12592     8.12982     8.11756     8.13236     8.11241     8.12033     8.10140     8.11009
  8.12815     8.13217     8.11991     8.13457     8.11457     8.12241     8.10342     8.11192
  8.12938     8.13348     8.12121     8.13562     8.11557     8.12333     8.10447     8.11249
  8.13142     8.13567     8.12335     8.13748     8.11736     8.12507     8.10621     8.11388
  8.13372     8.13805     8.12565     8.13948     8.11930     8.12692     8.10829     8.11539
  8.13636     8.14085     8.12833     8.14177     8.12149     8.12907     8.11051     8.11723
  8.13939     8.14395     8.13128     8.14438     8.12399     8.13147     8.11310     8.11938
  8.14324     8.14792     8.13511     8.14807     8.12726     8.13466     8.11639     8.12230
  8.14593     8.15062     8.13766     8.15018     8.12928     8.13658     8.11844     8.12408
  8.14962     8.15442     8.14127     8.15365     8.13263     8.13961     8.12150     8.12706
  8.15246     8.15728     8.14392     8.15590     8.13478     8.14166     8.12379     8.12910
  8.15515     8.16005     8.14650     8.15811     8.13709     8.14373     8.12581     8.13124
  8.15791     8.16286     8.14907     8.16039     8.13927     8.14585     8.12805     8.13348
  8.16073     8.16571     8.15174     8.16282     8.14152     8.14813     8.13029     8.13587
  8.16333     8.16827     8.15417     8.16503     8.14363     8.15026     8.13244     8.13826
  8.16560     8.17052     8.15623     8.16698     8.14547     8.15217     8.13431     8.14043
  8.16797     8.17277     8.15839     8.16913     8.14750     8.15433     8.13638     8.14303
  8.16957     8.17428     8.15976     8.17049     8.14884     8.15576     8.13778     8.14492
  8.17152     8.17605     8.16151     8.17239     8.15066     8.15778     8.13969     8.14758
  8.17281     8.17716     8.16260     8.17367     8.15185     8.15926     8.14100     8.14958
  8.17430     8.17847     8.16398     8.17538     8.15357     8.16119     8.14272     8.15216
  8.17438     8.17855     8.16407     8.17546     8.15365     8.16127     8.14280     8.15224
  8.17488     8.17881     8.16441     8.17624     8.15438     8.16232     8.14360     8.15390
  8.17493     8.17868     8.16446     8.17681     8.15501     8.16317     8.14419     8.15547
  8.17493     8.17848     8.16443     8.17742     8.15563     8.16406     8.14496     8.15704
  8.17554     8.17888     8.16516     8.17878     8.15706     8.16580     8.14640     8.15947
  8.17553     8.17872     8.16526     8.17963     8.15795     8.16703     8.14753     8.16130
  8.17567     8.17864     8.16556     8.18070     8.15913     8.16856     8.14876     8.16339
  8.17554     8.17835     8.16558     8.18159     8.16002     8.16986     8.14989     8.16522
  8.17553     8.17813     8.16577     8.18265     8.16119     8.17138     8.15111     8.16719
  8.17616     8.17862     8.16668     8.18442     8.16300     8.17358     8.15315     8.16977
  8.17671     8.17907     8.16757     8.18623     8.16487     8.17578     8.15494     8.17232
  8.17778     8.18010     8.16905     8.18856     8.16729     8.17852     8.15751     8.17531
  8.17871     8.18107     8.17042     8.19080     8.16965     8.18114     8.15970     8.17817
  8.17917     8.18154     8.17130     8.19256     8.17145     8.18321     8.16154     8.18043
  8.18074     8.18319     8.17331     8.19536     8.17437     8.18635     8.16443     8.18372
  8.18095     8.18342     8.17388     8.19676     8.17582     8.18806     8.16582     8.18548
  8.18191     8.18449     8.17528     8.19883     8.17802     8.19047     8.16801     8.18795
  8.18242     8.18501     8.17612     8.20038     8.17960     8.19227     8.16959     8.18980
  8.18400     8.18668     8.17809     8.20297     8.18224     8.19512     8.17213     8.19260
  8.18535     8.18805     8.17976     8.20524     8.18444     8.19759     8.17445     8.19508
  8.18437     8.18707     8.17878     8.20425     8.18346     8.19661     8.17347     8.19410
  8.18557     8.18829     8.18031     8.20631     8.18547     8.19884     8.17538     8.19624
  8.18682     8.18955     8.18184     8.20834     8.18739     8.20107     8.17741     8.19839
  8.18763     8.19042     8.18298     8.20989     8.18889     8.20277     8.17887     8.19996
  8.18784     8.19066     8.18353     8.21070     8.18979     8.20388     8.17971     8.20102
  8.18883     8.19167     8.18474     8.21229     8.19136     8.20561     8.18132     8.20259
  8.18849     8.19130     8.18461     8.21241     8.19155     8.20601     8.18148     8.20288
  8.18939     8.19216     8.18559     8.21375     8.19290     8.20754     8.18281     8.20417
  8.18862     8.19118     8.18493     8.21342     8.19287     8.20737     8.18251     8.20381
  8.18846     8.19101     8.18487     8.21365     8.19308     8.20777     8.18284     8.20394
  8.18771     8.19014     8.18426     8.21332     8.19308     8.20759     8.18250     8.20355
  8.18733     8.18980     8.18402     8.21328     8.19305     8.20770     8.18267     8.20346
  8.18662     8.18914     8.18346     8.21290     8.19272     8.20749     8.18227     8.20296
  8.18528     8.18784     8.18226     8.21183     8.19171     8.20657     8.18146     8.20181
  8.18425     8.18687     8.18142     8.21148     8.19102     8.20597     8.18067     8.20083
  8.18197     8.18465     8.17931     8.20938     8.18896     8.20399     8.17871     8.19847
  8.18008     8.18283     8.17759     8.20804     8.18727     8.20238     8.17694     8.19643
  8.17804     8.18085     8.17573     8.20611     8.18531     8.20049     8.17501     8.19413
  8.17629     8.17910     8.17405     8.20435     8.18341     8.19876     8.17317     8.19196
  8.17385     8.17665     8.17171     8.20183     8.18091     8.19629     8.17073     8.18909
  8.17231     8.17516     8.17028     8.20023     8.17914     8.19467     8.16909     8.18707
  8.16299     8.16584     8.16096     8.19088     8.16981     8.18532     8.15977     8.17774
  8.16013     8.16296     8.15810     8.18782     8.16675     8.18223     8.15670     8.17427
  8.15572     8.15867     8.15386     8.18330     8.16221     8.17768     8.15199     8.16930
  8.15176     8.15471     8.14989     8.17911     8.15797     8.17343     8.14774     8.16467
  8.14807     8.15108     8.14627     8.17522     8.15404     8.16945     8.14374     8.16024
  8.14355     8.14658     8.14176     8.17040     8.14924     8.16463     8.13888     8.15499
  8.13870     8.14178     8.13693     8.16527     8.14408     8.15942     8.13368     8.14931
  8.13550     8.13853     8.13371     8.16172     8.14051     8.15582     8.13005     8.14524
  8.13055     8.13360     8.12878     8.15644     8.13523     8.15048     8.12461     8.13932
  8.12713     8.13016     8.12534     8.15269     8.13143     8.14665     8.12078     8.13487
  8.12382     8.12682     8.12200     8.14899     8.12769     8.14282     8.11702     8.13030
  8.11944     8.12242     8.11763     8.14426     8.12290     8.13790     8.11219     8.12455
  8.11594     8.11887     8.11407     8.14027     8.11887     8.13371     8.10820     8.11939
  8.11226     8.11517     8.11042     8.13611     8.11468     8.12925     8.10382     8.11383
  8.10906     8.11202     8.10724     8.13236     8.11089     8.12520     8.10002     8.10848
  8.10527     8.10825     8.10345     8.12789     8.10639     8.12029     8.09532     8.10214
  8.10316     8.10625     8.10133     8.12501     8.10340     8.11691     8.09218     8.09710
  8.10004     8.10322     8.09815     8.12095     8.09923     8.11223     8.08767     8.09060
  8.09902     8.10227     8.09698     8.11877     8.09686     8.10929     8.08504     8.08575
  8.09788     8.10122     8.09571     8.11631     8.09418     8.10600     8.08201     8.08039
  8.09360     8.09693     8.09142     8.11201     8.08990     8.10170     8.07773     8.07611
  8.09324     8.09670     8.09083     8.11008     8.08757     8.09877     8.07526     8.07107
  8.09470     8.09830     8.09206     8.10979     8.08697     8.09741     8.07436     8.06742
  8.09554     8.09929     8.09248     8.10857     8.08528     8.09498     8.07255     8.06279
  8.09709     8.10105     8.09359     8.10791     8.08421     8.09295     8.07109     8.05852
  8.09984     8.10401     8.09579     8.10818     8.08403     8.09183     8.07057     8.05521
  8.10188     8.10623     8.09719     8.10753     8.08289     8.08966     8.06902     8.05094
  8.10467     8.10923     8.09926     8.10746     8.08223     8.08806     8.06802     8.04733
  8.10636     8.11108     8.10014     8.10609     8.08029     8.08513     8.06565     8.04244
  8.11003     8.11493     8.10290     8.10659     8.08015     8.08408     8.06520     8.03962
  8.11149     8.11651     8.10338     8.10478     8.07767     8.08072     8.06236     8.03462
  8.11497     8.12011     8.10579     8.10491     8.07729     8.07940     8.06158     8.03187
  8.11790     8.12308     8.10762     8.10450     8.07616     8.07757     8.06018     8.02874
  8.12049     8.12568     8.10904     8.10372     8.07491     8.07551     8.05848     8.02568
  8.12328     8.12846     8.11063     8.10327     8.07378     8.07412     8.05718     8.02308
  8.12588     8.13098     8.11201     8.10275     8.07265     8.07247     8.05579     8.02085
  8.12782     8.13283     8.11274     8.10172     8.07108     8.07081     8.05406     8.01842
  8.12983     8.13467     8.11356     8.10100     8.06984     8.06923     8.05265     8.01665
  8.13052     8.13515     8.11310     8.09916     8.06756     8.06673     8.05030     8.01412
  8.13177     8.13608     8.11326     8.09812     8.06614     8.06523     8.04873     8.01274
  8.13239     8.13640     8.11287     8.09675     8.06444     8.06350     8.04708     8.01133
  8.13829     8.14231     8.11876     8.10263     8.07029     8.06936     8.05293     8.01715
  8.14131     8.14493     8.12084     8.10395     8.07092     8.07047     8.05391     8.01871
  8.14074     8.14395     8.11948     8.10200     8.06878     8.06845     8.05193     8.01733
  8.14242     8.14520     8.12046     8.10263     8.06882     8.06913     8.05238     8.01876
  8.14313     8.14542     8.12057     8.10251     8.06862     8.06905     8.05238     8.01978
  8.14296     8.14477     8.11996     8.10188     8.06798     8.06874     8.05180     8.02047
  8.14393     8.14524     8.12055     8.10263     8.06874     8.06978     8.05285     8.02277
  8.14462     8.14546     8.12103     8.10341     8.06962     8.07113     8.05387     8.02527
  8.14474     8.14508     8.12104     8.10397     8.07024     8.07225     8.05487     8.02765
  8.14672     8.14666     8.12307     8.10671     8.07310     8.07565     8.05799     8.03235
  8.14758     8.14707     8.12405     8.10853     8.07507     8.07821     8.06033     8.03632
  8.14981     8.14891     8.12656     8.11202     8.07877     8.08250     8.06429     8.04200
  8.15196     8.15094     8.12902     8.11559     8.08259     8.08692     8.06846     8.04794
  8.15365     8.15224     8.13114     8.11891     8.08618     8.09118     8.07236     8.05372
  8.15765     8.15619     8.13561     8.12471     8.09226     8.09792     8.07882     8.06206
  8.15966     8.15791     8.13822     8.12867     8.09660     8.10295     8.08358     8.06861
  8.16274     8.16071     8.14191     8.13385     8.10211     8.10918     8.08966     8.07650
  8.16504     8.16286     8.14496     8.13846     8.10713     8.11490     8.09507     8.08365
  8.16820     8.16582     8.14888     8.14397     8.11307     8.12158     8.10150     8.09178
  8.17135     8.16890     8.15291     8.14976     8.11924     8.12842     8.10805     8.09992
  8.17521     8.17268     8.15770     8.15632     8.12617     8.13604     8.11538     8.10874
  8.17521     8.17268     8.15770     8.15632     8.12617     8.13604     8.11538     8.10874
  8.17938     8.17677     8.16284     8.16324     8.13342     8.14396     8.12304     8.11767
  8.18314     8.18039     8.16764     8.16987     8.14041     8.15158     8.13031     8.12619
  8.18786     8.18510     8.17339     8.17737     8.14820     8.15998     8.13856     8.13533
  8.19286     8.19003     8.17944     8.18518     8.15631     8.16863     8.14690     8.14451
  8.19831     8.19563     8.18590     8.19363     8.16475     8.17759     8.15573     8.15382
  8.20274     8.20019     8.19130     8.20059     8.17204     8.18527     8.16319     8.16161
  8.20936     8.20702     8.19883     8.20990     8.18130     8.19489     8.17280     8.17114
  8.21381     8.21172     8.20418     8.21655     8.18826     8.20211     8.17977     8.17801
  8.22012     8.21825     8.21130     8.22479     8.19670     8.21076     8.18843     8.18617
  8.22565     8.22411     8.21759     8.23203     8.20412     8.21830     8.19588     8.19303
  8.23165     8.23042     8.22427     8.23943     8.21165     8.22594     8.20350     8.19982
  8.23764     8.23669     8.23085     8.24651     8.21884     8.23314     8.21071     8.20599
  8.24303     8.24234     8.23666     8.25260     8.22501     8.23930     8.21690     8.21101
  8.24851     8.24807     8.24253     8.25855     8.23102     8.24518     8.22279     8.21562
  8.25255     8.25237     8.24683     8.26262     8.23521     8.24918     8.22689     8.21840
  8.25660     8.25661     8.25103     8.26655     8.23910     8.25285     8.23051     8.22069
  8.26016     8.26040     8.25465     8.26964     8.24216     8.25568     8.23336     8.22225
  8.26377     8.26417     8.25821     8.27267     8.24501     8.25824     8.23592     8.22354
  8.26656     8.26708     8.26084     8.27463     8.24675     8.25972     8.23744     8.22381
  8.26640     8.26692     8.26068     8.27446     8.24658     8.25955     8.23727     8.22365
  8.26822     8.26879     8.26224     8.27529     8.24716     8.25982     8.23752     8.22277
  8.27054     8.27107     8.26418     8.27643     8.24805     8.26045     8.23811     8.22229
  8.27112     8.27159     8.26435     8.27575     8.24709     8.25920     8.23688     8.22003
  8.27231     8.27265     8.26500     8.27556     8.24662     8.25852     8.23610     8.21836
  8.27186     8.27206     8.26406     8.27375     8.24452     8.25616     8.23382     8.21518
  8.27143     8.27145     8.26305     8.27196     8.24245     8.25385     8.23158     8.21209
  8.27026     8.27004     8.26137     8.26946     8.23971     8.25083     8.22888     8.20842
  8.26860     8.26809     8.25916     8.26652     8.23654     8.24741     8.22557     8.20438
  8.26609     8.26531     8.25613     8.26279     8.23261     8.24329     8.22157     8.19963
  8.26318     8.26208     8.25272     8.25876     8.22836     8.23887     8.21721     8.19466
  8.25891     8.25753     8.24795     8.25340     8.22283     8.23318     8.21153     8.18843
  8.25558     8.25398     8.24424     8.24918     8.21838     8.22861     8.20686     8.18333
  8.25533     8.25471     8.24219     8.24904     8.21379     8.22500     8.19637     8.18371
  8.25101     8.25026     8.23757     8.24399     8.20854     8.21963     8.19093     8.17788
  8.25124     8.25153     8.23612     8.24451     8.20460     8.21673     8.18107     8.17902
  8.24690     8.24713     8.23153     8.23953     8.19947     8.21149     8.17576     8.17328
  8.24315     8.24328     8.22753     8.23515     8.19493     8.20680     8.17118     8.16822
  8.24063     8.24070     8.22479     8.23197     8.19166     8.20340     8.16772     8.16426
  8.23865     8.23867     8.22255     8.22932     8.18888     8.20040     8.16479     8.16091
  8.23739     8.23734     8.22112     8.22757     8.18686     8.19815     8.16262     8.15828
  8.23722     8.23717     8.22095     8.22740     8.18670     8.19799     8.16246     8.15812
  8.23669     8.23657     8.22019     8.22615     8.18522     8.19637     8.16101     8.15623
  8.23602     8.23594     8.21939     8.22491     8.18363     8.19458     8.15937     8.15415
  8.23738     8.23723     8.22048     8.22545     8.18389     8.19478     8.15993     8.15406
  8.23895     8.23884     8.22188     8.22612     8.18434     8.19511     8.16051     8.15405
  8.24394     8.24379     8.22660     8.23014     8.18815     8.19880     8.16444     8.15754
  8.24861     8.24839     8.23095     8.23381     8.19158     8.20211     8.16796     8.16073
  8.25459     8.25425     8.23661     8.23876     8.19633     8.20674     8.17280     8.16537
  8.26137     8.26109     8.24299     8.24452     8.20178     8.21206     8.17818     8.17085
  8.26772     8.26730     8.24896     8.24985     8.20682     8.21707     8.18353     8.17608
  8.27609     8.27572     8.25694     8.25737     8.21384     8.22400     8.19063     8.18351
  8.28240     8.28190     8.26285     8.26271     8.21893     8.22903     8.19582     8.18901
  8.28984     8.28926     8.27000     8.26945     8.22522     8.23531     8.20236     8.19603
  8.29565     8.29500     8.27545     8.27444     8.23001     8.24010     8.20743     8.20173
  8.30116     8.30040     8.28067     8.27921     8.23456     8.24480     8.21235     8.20744
  8.30596     8.30511     8.28520     8.28335     8.23863     8.24898     8.21683     8.21291
  8.30953     8.30853     8.28851     8.28637     8.24161     8.25217     8.22030     8.21752
  8.31202     8.31086     8.29085     8.28846     8.24381     8.25460     8.22289     8.22134
  8.31380     8.31248     8.29252     8.29009     8.24550     8.25652     8.22496     8.22498
  8.31553     8.31412     8.29425     8.29195     8.24750     8.25879     8.22739     8.22892
  8.31980     8.31839     8.29851     8.29621     8.25174     8.26303     8.23162     8.23315
  8.32067     8.31912     8.29965     8.29748     8.25309     8.26465     8.23359     8.23670
  8.31935     8.31771     8.29846     8.29677     8.25259     8.26442     8.23342     8.23847
  8.31923     8.31743     8.29868     8.29747     8.25366     8.26560     8.23509     8.24181
  8.31882     8.31692     8.29860     8.29809     8.25465     8.26693     8.23647     8.24510
  8.31876     8.31674     8.29881     8.29917     8.25627     8.26874     8.23859     8.24899
  8.31917     8.31707     8.29966     8.30100     8.25852     8.27142     8.24139     8.25347
  8.31975     8.31759     8.30070     8.30314     8.26109     8.27431     8.24466     8.25833
  8.32096     8.31884     8.30244     8.30605     8.26444     8.27807     8.24859     8.26380
  8.32221     8.32005     8.30428     8.30912     8.26793     8.28189     8.25282     8.26945
  8.32347     8.32148     8.30628     8.31229     8.27157     8.28583     8.25681     8.27496
  8.32493     8.32287     8.30830     8.31553     8.27528     8.28979     8.26105     8.28037
  8.32694     8.32514     8.31113     8.31949     8.27969     8.29442     8.26572     8.28625
  8.32943     8.32775     8.31428     8.32373     8.28429     8.29931     8.27076     8.29217
  8.33296     8.33162     8.31864     8.32917     8.29007     8.30530     8.27678     8.29907
  8.33585     8.33490     8.32232     8.33382     8.29499     8.31050     8.28210     8.30491
  8.33990     8.33937     8.32713     8.33953     8.30099     8.31660     8.28836     8.31172
  8.34306     8.34297     8.33094     8.34421     8.30595     8.32166     8.29353     8.31721
  8.34852     8.34880     8.33690     8.35096     8.31290     8.32865     8.30049     8.32458
  8.35258     8.35325     8.34142     8.35612     8.31828     8.33412     8.30597     8.33022
  8.35719     8.35819     8.34643     8.36166     8.32396     8.33982     8.31143     8.33606
  8.35957     8.36057     8.34881     8.36404     8.32633     8.34219     8.31379     8.33843
  8.36141     8.36307     8.35148     8.36704     8.32946     8.34539     8.31678     8.34161
  8.36454     8.36657     8.35505     8.37086     8.33338     8.34923     8.32064     8.34558
  8.36611     8.36881     8.35737     8.37333     8.33598     8.35179     8.32308     8.34817
  8.36837     8.37137     8.35992     8.37600     8.33869     8.35444     8.32572     8.35100
  8.36938     8.37265     8.36106     8.37729     8.34010     8.35581     8.32696     8.35231
  8.36993     8.37338     8.36169     8.37795     8.34078     8.35650     8.32768     8.35299
  8.37050     8.37409     8.36230     8.37859     8.34156     8.35724     8.32833     8.35364
  8.36907     8.37274     8.36077     8.37720     8.34021     8.35586     8.32704     8.35217
  8.36993     8.37358     8.36153     8.37797     8.34106     8.35667     8.32769     8.35282
  8.36869     8.37237     8.36018     8.37674     8.33990     8.35539     8.32658     8.35159
  8.36875     8.37238     8.36016     8.37659     8.33980     8.35526     8.32629     8.35122
  8.36792     8.37158     8.35936     8.37569     8.33893     8.35423     8.32536     8.35012
  8.36617     8.36985     8.35804     8.37376     8.33710     8.35225     8.32349     8.34791
  8.36382     8.36754     8.35570     8.37145     8.33463     8.34953     8.32104     8.34503
  8.36141     8.36518     8.35370     8.36887     8.33215     8.34687     8.31840     8.34206
  8.35867     8.36234     8.35081     8.36601     8.32908     8.34357     8.31539     8.33848
  8.35537     8.35901     8.34742     8.36241     8.32547     8.33984     8.31161     8.33428
  8.35126     8.35471     8.34314     8.35784     8.32090     8.33515     8.30712     8.32913
  8.34706     8.35042     8.33876     8.35314     8.31617     8.33029     8.30226     8.32380
  8.34212     8.34530     8.33361     8.34760     8.31065     8.32462     8.29680     8.31759
  8.33649     8.33966     8.32798     8.34196     8.30504     8.31900     8.29119     8.31197
  8.33285     8.33584     8.32412     8.33763     8.30073     8.31448     8.28675     8.30704
  8.32958     8.33243     8.32056     8.33360     8.29673     8.31032     8.28269     8.30231
  8.32668     8.32933     8.31741     8.32995     8.29303     8.30646     8.27892     8.29804
  8.32410     8.32662     8.31455     8.32666     8.28965     8.30313     8.27550     8.29400
  8.32169     8.32405     8.31189     8.32346     8.28640     8.29973     8.27228     8.29025
  8.32015     8.32238     8.31015     8.32127     8.28409     8.29747     8.26992     8.28730
  8.31696     8.31899     8.30672     8.31736     8.28011     8.29333     8.26597     8.28288
  8.31608     8.31790     8.30562     8.31579     8.27850     8.29155     8.26433     8.28068
  8.31291     8.31444     8.30216     8.31193     8.27451     8.28744     8.26040     8.27637
  8.31216     8.31354     8.30119     8.31061     8.27313     8.28596     8.25885     8.27446
  8.30988     8.31105     8.29865     8.30776     8.27015     8.28288     8.25581     8.27116
  8.30883     8.30995     8.29749     8.30628     8.26861     8.28128     8.25401     8.26922
  8.30766     8.30868     8.29617     8.30472     8.26688     8.27953     8.25241     8.26730
  8.30562     8.30656     8.29400     8.30233     8.26436     8.27697     8.24974     8.26454
  8.30463     8.30546     8.29286     8.30097     8.26279     8.27550     8.24845     8.26293
  8.30270     8.30344     8.29081     8.29874     8.26050     8.27312     8.24614     8.26041
  8.30171     8.30234     8.28964     8.29737     8.25899     8.27169     8.24476     8.25882
  8.30144     8.30209     8.28945     8.29683     8.25851     8.27105     8.24417     8.25804
  8.30076     8.30139     8.28872     8.29595     8.25753     8.27008     8.24331     8.25685
  8.30142     8.30205     8.28939     8.29662     8.25819     8.27074     8.24398     8.25751
  8.30063     8.30127     8.28872     8.29562     8.25721     8.26967     8.24287     8.25626
  8.29999     8.30063     8.28807     8.29484     8.25640     8.26882     8.24215     8.25516
  8.29878     8.29947     8.28688     8.29350     8.25502     8.26739     8.24079     8.25360
  8.29748     8.29813     8.28551     8.29196     8.25347     8.26544     8.23937     8.25178
  8.29576     8.29641     8.28378     8.29006     8.25151     8.26348     8.23749     8.24973
  8.29381     8.29443     8.28178     8.28793     8.24936     8.26091     8.23534     8.24740
  8.29186     8.29233     8.27975     8.28574     8.24713     8.25867     8.23295     8.24513
  8.28988     8.29025     8.27771     8.28358     8.24501     8.25650     8.23064     8.24283
  8.28805     8.28826     8.27582     8.28151     8.24294     8.25444     8.22836     8.24079
  8.28683     8.28685     8.27449     8.28002     8.24148     8.25305     8.22693     8.23935
  8.28563     8.28550     8.27329     8.27861     8.24007     8.25185     8.22556     8.23811
  8.28566     8.28543     8.27328     8.27847     8.24003     8.25187     8.22567     8.23816
  8.28546     8.28513     8.27310     8.27816     8.23974     8.25172     8.22555     8.23813
  8.28601     8.28565     8.27367     8.27868     8.24039     8.25217     8.22618     8.23882
  8.28683     8.28646     8.27444     8.27949     8.24129     8.25295     8.22727     8.23983
  8.28798     8.28754     8.27561     8.28062     8.24256     8.25403     8.22852     8.24118
  8.28989     8.28951     8.27754     8.28265     8.24471     8.25613     8.23080     8.24344
  8.29090     8.29054     8.27863     8.28378     8.24595     8.25738     8.23204     8.24474
  8.29240     8.29214     8.28028     8.28550     8.24778     8.25922     8.23394     8.24668
  8.29298     8.29274     8.28095     8.28655     8.24866     8.26012     8.23478     8.24753
  8.29523     8.29500     8.28319     8.28880     8.25089     8.26237     8.23701     8.24977
  8.29603     8.29583     8.28406     8.28980     8.25198     8.26344     8.23809     8.25084
  8.29645     8.29626     8.28456     8.29069     8.25272     8.26414     8.23869     8.25146
  8.29642     8.29621     8.28457     8.29081     8.25290     8.26429     8.23903     8.25149
  8.29552     8.29539     8.28372     8.29014     8.25230     8.26366     8.23824     8.25071
  8.29414     8.29399     8.28234     8.28883     8.25111     8.26238     8.23712     8.24934
  8.29329     8.29325     8.28153     8.28812     8.25052     8.26142     8.23634     8.24845
  8.29201     8.29200     8.28023     8.28680     8.24936     8.26019     8.23538     8.24712
  8.29217     8.29226     8.28049     8.28697     8.24971     8.26011     8.23562     8.24723
  8.29092     8.29106     8.27928     8.28564     8.24851     8.25890     8.23441     8.24576
  8.29069     8.29085     8.27914     8.28528     8.24829     8.25857     8.23420     8.24542
  8.28970     8.28980     8.27816     8.28413     8.24728     8.25753     8.23297     8.24404
  8.28907     8.28908     8.27749     8.28331     8.24650     8.25666     8.23219     8.24303
  8.28895     8.28889     8.27735     8.28300     8.24627     8.25633     8.23203     8.24245
  8.28921     8.28901     8.27750     8.28295     8.24627     8.25622     8.23217     8.24222
  8.28923     8.28894     8.27750     8.28280     8.24613     8.25599     8.23206     8.24158
  8.29005     8.28960     8.27825     8.28325     8.24667     8.25642     8.23262     8.24199
  8.29021     8.28965     8.27838     8.28319     8.24666     8.25627     8.23265     8.24143
  8.29091     8.29025     8.27905     8.28359     8.24713     8.25664     8.23319     8.24172
  8.29141     8.29073     8.27944     8.28392     8.24749     8.25687     8.23241     8.24180
  8.29434     8.29366     8.28236     8.28685     8.25041     8.25979     8.23532     8.24471
  8.29434     8.29363     8.28242     8.28662     8.25024     8.25952     8.23524     8.24428
  8.29545     8.29469     8.28333     8.28770     8.25117     8.26040     8.23492     8.24491
  8.29578     8.29495     8.28374     8.28779     8.25131     8.26046     8.23533     8.24486
  8.29645     8.29554     8.28432     8.28838     8.25178     8.26086     8.23580     8.24506
  8.29636     8.29548     8.28436     8.28804     8.25156     8.26054     8.23606     8.24477
  8.29605     8.29519     8.28411     8.28754     8.25118     8.26004     8.23582     8.24428
  8.29486     8.29418     8.28316     8.28633     8.25011     8.25884     8.23493     8.24317
  8.29410     8.29346     8.28241     8.28545     8.24937     8.25797     8.23407     8.24242
  8.29280     8.29217     8.28124     8.28415     8.24825     8.25668     8.23303     8.24126
  8.29259     8.29203     8.28093     8.28397     8.24818     8.25651     8.23181     8.24120
  8.29252     8.29182     8.28087     8.28390     8.24821     8.25647     8.23206     8.24134
  8.29315     8.29252     8.28152     8.28483     8.24913     8.25732     8.23198     8.24230
  8.29457     8.29398     8.28305     8.28640     8.25080     8.25899     8.23391     8.24417
  8.29554     8.29501     8.28415     8.28779     8.25207     8.26027     8.23535     8.24578
  8.29719     8.29681     8.28597     8.28972     8.25414     8.26234     8.23761     8.24815
  8.29895     8.29876     8.28790     8.29188     8.25633     8.26457     8.23987     8.25086
  8.30069     8.30066     8.28978     8.29404     8.25864     8.26685     8.24238     8.25355
  8.30271     8.30289     8.29198     8.29650     8.26130     8.26950     8.24497     8.25668
  8.30394     8.30431     8.29335     8.29828     8.26331     8.27148     8.24706     8.25920
  8.30578     8.30633     8.29536     8.30072     8.26587     8.27406     8.24927     8.26235
  8.30856     8.30912     8.29815     8.30350     8.26864     8.27683     8.25204     8.26512
  8.30976     8.31040     8.29941     8.30519     8.27058     8.27881     8.25409     8.26768
  8.31060     8.31137     8.30033     8.30666     8.27217     8.28044     8.25544     8.27004
  8.31065     8.31144     8.30041     8.30720     8.27303     8.28136     8.25646     8.27155
  8.31043     8.31120     8.30014     8.30748     8.27360     8.28196     8.25726     8.27283
  8.30928     8.31012     8.29906     8.30696     8.27342     8.28184     8.25732     8.27335
  8.30842     8.30923     8.29817     8.30674     8.27351     8.28195     8.25752     8.27405
  8.30610     8.30707     8.29601     8.30519     8.27226     8.28077     8.25654     8.27348
  8.30510     8.30604     8.29504     8.30482     8.27222     8.28076     8.25673     8.27415
  8.30314     8.30405     8.29306     8.30351     8.27126     8.27982     8.25592     8.27381
  8.30114     8.30205     8.29112     8.30223     8.27032     8.27886     8.25530     8.27354
  8.29975     8.30049     8.28960     8.30150     8.26991     8.27844     8.25498     8.27372
  8.29833     8.29904     8.28822     8.30088     8.26959     8.27805     8.25495     8.27383
  8.29720     8.29794     8.28707     8.30054     8.26951     8.27800     8.25501     8.27419
  8.29767     8.29838     8.28756     8.30177     8.27101     8.27946     8.25675     8.27608
  8.29692     8.29765     8.28676     8.30171     8.27120     8.27962     8.25703     8.27656
  8.29796     8.29864     8.28779     8.30346     8.27317     8.28154     8.25927     8.27863
  8.29779     8.29836     8.28753     8.30387     8.27388     8.28207     8.26002     8.27942
  8.29859     8.29918     8.28845     8.30534     8.27562     8.28366     8.26186     8.28080
  8.29985     8.30021     8.28954     8.30698     8.27743     8.28535     8.26371     8.28242
  8.29893     8.29928     8.28862     8.30605     8.27651     8.28443     8.26279     8.28149
  8.30085     8.30125     8.29058     8.30848     8.27917     8.28690     8.26556     8.28366
  8.30295     8.30319     8.29252     8.31079     8.28162     8.28922     8.26783     8.28572
  8.30530     8.30561     8.29483     8.31344     8.28439     8.29187     8.27070     8.28787
  8.30756     8.30792     8.29706     8.31586     8.28695     8.29422     8.27313     8.28980
  8.30973     8.31016     8.29932     8.31816     8.28929     8.29647     8.27549     8.29132
  8.31189     8.31247     8.30155     8.32034     8.29150     8.29853     8.27761     8.29275
  8.31419     8.31480     8.30390     8.32246     8.29364     8.30057     8.27973     8.29389
  8.31619     8.31677     8.30585     8.32407     8.29525     8.30201     8.28139     8.29472
  8.31822     8.31880     8.30784     8.32567     8.29688     8.30351     8.28279     8.29529
  8.31925     8.31962     8.30867     8.32597     8.29717     8.30360     8.28313     8.29483
  8.32035     8.32069     8.30974     8.32649     8.29768     8.30400     8.28367     8.29454
  8.32087     8.32110     8.31011     8.32622     8.29738     8.30359     8.28337     8.29363
  8.32152     8.32170     8.31072     8.32618     8.29729     8.30344     8.28323     8.29299
  8.32141     8.32149     8.31044     8.32529     8.29635     8.30241     8.28262     8.29170
  8.32135     8.32133     8.31028     8.32450     8.29555     8.30153     8.28160     8.29054
  8.32028     8.32005     8.30901     8.32268     8.29368     8.29959     8.27993     8.28849
  8.31968     8.31930     8.30824     8.32144     8.29252     8.29833     8.27860     8.28731
  8.31816     8.31758     8.30659     8.31933     8.29044     8.29614     8.27666     8.28524
  8.31650     8.31573     8.30472     8.31729     8.28848     8.29411     8.27458     8.28345
  8.31415     8.31321     8.30228     8.31470     8.28596     8.29149     8.27231     8.28131
  8.30961     8.30867     8.29774     8.31016     8.28143     8.28697     8.26780     8.27678
  8.30584     8.30477     8.29382     8.30638     8.27775     8.28321     8.26398     8.27355
  8.30117     8.29999     8.28905     8.30177     8.27327     8.27870     8.25963     8.26959
  8.29687     8.29560     8.28467     8.29778     8.26943     8.27481     8.25568     8.26646
  8.29212     8.29086     8.27987     8.29343     8.26535     8.27069     8.25168     8.26296
  8.28781     8.28650     8.27549     8.28969     8.26182     8.26715     8.24799     8.26012
  8.28334     8.28215     8.27105     8.28598     8.25851     8.26376     8.24476     8.25731
  8.27843     8.27726     8.26608     8.28185     8.25473     8.25995     8.24089     8.25422
  8.27475     8.27366     8.26241     8.27908     8.25234     8.25734     8.23838     8.25228
  8.26996     8.26890     8.25757     8.27521     8.24882     8.25380     8.23504     8.24939
  8.26684     8.26583     8.25441     8.27312     8.24701     8.25184     8.23342     8.24805
  8.26305     8.26219     8.25064     8.27039     8.24461     8.24944     8.23107     8.24608
  8.26031     8.25944     8.24787     8.26868     8.24324     8.24808     8.22976     8.24496
  8.25782     8.25704     8.24539     8.26714     8.24206     8.24683     8.22860     8.24395
  8.25693     8.25612     8.24450     8.26712     8.24243     8.24716     8.22885     8.24421
  8.25617     8.25541     8.24377     8.26711     8.24274     8.24742     8.22915     8.24442
  8.25684     8.25604     8.24443     8.26839     8.24436     8.24901     8.23083     8.24568
  8.25814     8.25738     8.24580     8.27014     8.24640     8.25105     8.23296     8.24735
  8.25930     8.25848     8.24695     8.27165     8.24814     8.25280     8.23467     8.24860
  8.26185     8.26100     8.24953     8.27431     8.25102     8.25564     8.23775     8.25088
  8.26453     8.26373     8.25229     8.27706     8.25395     8.25850     8.24072     8.25301
  8.26453     8.26373     8.25229     8.27706     8.25395     8.25850     8.24072     8.25301
  8.26905     8.26825     8.25686     8.28142     8.25844     8.26291     8.24537     8.25656
  8.27248     8.27205     8.26037     8.28450     8.26165     8.26597     8.24862     8.25874
  8.27734     8.27690     8.26537     8.28885     8.26608     8.27024     8.25318     8.26201
  8.28044     8.28036     8.26863     8.29133     8.26858     8.27258     8.25567     8.26332
  8.28439     8.28435     8.27276     8.29451     8.27170     8.27554     8.25900     8.26515
  8.28697     8.28698     8.27553     8.29625     8.27336     8.27699     8.26069     8.26557
  8.28961     8.28970     8.27832     8.29781     8.27479     8.27826     8.26230     8.26568
  8.29127     8.29136     8.28008     8.29830     8.27510     8.27839     8.26263     8.26485
  8.29278     8.29294     8.28169     8.29853     8.27518     8.27830     8.26268     8.26369
  8.29272     8.29293     8.28180     8.29720     8.27362     8.27660     8.26091     8.26111
  8.29256     8.29292     8.28187     8.29581     8.27200     8.27489     8.25920     8.25847
  8.29113     8.29156     8.28060     8.29315     8.26913     8.27180     8.25615     8.25465
  8.28942     8.28998     8.27908     8.29017     8.26599     8.26850     8.25290     8.25074
  8.28780     8.28836     8.27751     8.28730     8.26292     8.26527     8.24966     8.24698
  8.28479     8.28545     8.27457     8.28309     8.25862     8.26079     8.24539     8.24201
  8.28177     8.28259     8.27155     8.27894     8.25437     8.25639     8.24109     8.23730
  8.27833     8.27922     8.26813     8.27458     8.24992     8.25182     8.23668     8.23243
  8.27441     8.27539     8.26414     8.26975     8.24500     8.24680     8.23185     8.22717
  8.27143     8.27238     8.26108     8.26609     8.24125     8.24295     8.22822     8.22315
  8.26829     8.26924     8.25795     8.26296     8.23812     8.23983     8.22510     8.22003
  8.26505     8.26604     8.25460     8.25905     8.23414     8.23576     8.22108     8.21578
  8.26096     8.26198     8.25045     8.25449     8.22953     8.23111     8.21637     8.21093
  8.25747     8.25853     8.24686     8.25053     8.22559     8.22704     8.21238     8.20667
  8.25336     8.25445     8.24272     8.24615     8.22125     8.22261     8.20783     8.20207
  8.24942     8.25050     8.23872     8.24195     8.21714     8.21839     8.20366     8.19754
  8.24565     8.24677     8.23493     8.23799     8.21333     8.21441     8.19965     8.19333
  8.24103     8.24212     8.23028     8.23315     8.20858     8.20958     8.19492     8.18809
  8.23749     8.23862     8.22667     8.22944     8.20500     8.20589     8.19134     8.18399
  8.23374     8.23481     8.22285     8.22544     8.20104     8.20187     8.18754     8.17951
  8.23099     8.23205     8.21996     8.22241     8.19809     8.19890     8.18468     8.17604
  8.22845     8.22948     8.21732     8.21960     8.19538     8.19604     8.18218     8.17275
  8.22640     8.22750     8.21520     8.21725     8.19317     8.19365     8.17986     8.16985
  8.22433     8.22539     8.21301     8.21469     8.19076     8.19110     8.17755     8.16670
  8.22313     8.22430     8.21167     8.21301     8.18925     8.18936     8.17589     8.16446
  8.22205     8.22316     8.21046     8.21126     8.18765     8.18768     8.17436     8.16199
  8.22228     8.22346     8.21045     8.21079     8.18729     8.18715     8.17393     8.16091
  8.22187     8.22301     8.20994     8.20963     8.18626     8.18596     8.17288     8.15900
  8.22227     8.22332     8.21018     8.20931     8.18597     8.18547     8.17262     8.15792
  8.22215     8.22308     8.20986     8.20841     8.18501     8.18436     8.17170     8.15612
  8.22159     8.22246     8.20919     8.20710     8.18372     8.18285     8.17032     8.15407
  8.22380     8.22467     8.21140     8.20931     8.18592     8.18505     8.17252     8.15626
  8.22356     8.22431     8.21092     8.20825     8.18472     8.18374     8.17141     8.15432
  8.22328     8.22405     8.21047     8.20715     8.18365     8.18246     8.17010     8.15248
  8.22272     8.22352     8.20972     8.20580     8.18222     8.18090     8.16861     8.15039
  8.22229     8.22299     8.20913     8.20443     8.18087     8.17942     8.16728     8.14841
  8.22109     8.22183     8.20777     8.20242     8.17884     8.17723     8.16513     8.14576
  8.22009     8.22078     8.20666     8.20053     8.17692     8.17517     8.16360     8.14332
  8.21842     8.21920     8.20482     8.19810     8.17447     8.17260     8.16107     8.14036
  8.21671     8.21740     8.20288     8.19551     8.17193     8.16993     8.15868     8.13730
  8.21432     8.21509     8.20028     8.19245     8.16885     8.16673     8.15554     8.13435
  8.21207     8.21273     8.19779     8.18947     8.16587     8.16366     8.15264     8.13089
  8.21040     8.21113     8.19606     8.18728     8.16369     8.16137     8.15027     8.12847
  8.20767     8.20841     8.19319     8.18401     8.16041     8.15797     8.14708     8.12479
  8.20633     8.20712     8.19181     8.18226     8.15865     8.15610     8.14522     8.12221
  8.20421     8.20509     8.18941     8.17967     8.15610     8.15347     8.14274     8.11923
  8.20296     8.20375     8.18803     8.17795     8.15444     8.15164     8.14105     8.11709
  8.20134     8.20221     8.18615     8.17594     8.15248     8.14954     8.13914     8.11457
  8.20049     8.20129     8.18519     8.17489     8.15134     8.14819     8.13782     8.11292
  8.19912     8.19975     8.18367     8.17307     8.14958     8.14629     8.13596     8.11065
  8.19813     8.19869     8.18259     8.17202     8.14830     8.14489     8.13456     8.10930
  8.20108     8.20164     8.18554     8.17496     8.15123     8.14782     8.13748     8.11222
  8.20018     8.20045     8.18438     8.17355     8.14977     8.14637     8.13615     8.11049
  8.19930     8.19953     8.18347     8.17247     8.14862     8.14516     8.13500     8.10942
  8.19829     8.19843     8.18238     8.17116     8.14730     8.14378     8.13385     8.10790
  8.19660     8.19672     8.18070     8.16924     8.14541     8.14181     8.13186     8.10596
  8.19530     8.19543     8.17937     8.16775     8.14400     8.14024     8.13054     8.10436
  8.19302     8.19306     8.17701     8.16530     8.14161     8.13776     8.12794     8.10203
  8.19081     8.19079     8.17476     8.16298     8.13933     8.13534     8.12562     8.09985
  8.18779     8.18766     8.17164     8.15991     8.13633     8.13227     8.12334     8.09711
  8.18462     8.18444     8.16843     8.15685     8.13331     8.12918     8.12030     8.09453
  8.18132     8.18106     8.16510     8.15379     8.13029     8.12615     8.11805     8.09206
  8.17821     8.17793     8.16202     8.15105     8.12762     8.12356     8.11529     8.09010
  8.17530     8.17489     8.15897     8.14865     8.12528     8.12127     8.11290     8.08846
  8.17266     8.17223     8.15639     8.14670     8.12349     8.11954     8.11098     8.08734
  8.17006     8.16947     8.15364     8.14475     8.12172     8.11788     8.10927     8.08619
  8.16779     8.16717     8.15140     8.14351     8.12066     8.11675     8.10805     8.08569
  8.16629     8.16552     8.14984     8.14289     8.12039     8.11645     8.10781     8.08570
  8.16505     8.16428     8.14868     8.14291     8.12060     8.11656     8.10788     8.08633
  8.16431     8.16374     8.14832     8.14353     8.12158     8.11751     8.10567     8.08746
  8.16417     8.16355     8.14832     8.14459     8.12297     8.11887     8.10710     8.08908
  8.16411     8.16375     8.14873     8.14595     8.12461     8.12055     8.10569     8.09087
  8.16789     8.16752     8.15250     8.14972     8.12837     8.12431     8.10944     8.09461
  8.16870     8.16818     8.15336     8.15154     8.13056     8.12645     8.11167     8.09670
  8.16962     8.16908     8.15440     8.15347     8.13283     8.12870     8.11398     8.09872
  8.17019     8.16954     8.15504     8.15492     8.13469     8.13036     8.11575     8.10006
  8.17121     8.17054     8.15614     8.15669     8.13676     8.13241     8.11799     8.10159
  8.17188     8.17120     8.15690     8.15799     8.13843     8.13387     8.11964     8.10266
  8.17326     8.17262     8.15845     8.15981     8.14052     8.13585     8.12194     8.10409
  8.17466     8.17410     8.15995     8.16154     8.14246     8.13760     8.12402     8.10542
  8.17602     8.17583     8.16152     8.16334     8.14447     8.13933     8.12617     8.10667
  8.17795     8.17791     8.16360     8.16529     8.14664     8.14116     8.12834     8.10814
  8.18031     8.18070     8.16615     8.16784     8.14925     8.14352     8.13113     8.11009
  8.18185     8.18247     8.16786     8.16918     8.15079     8.14466     8.13256     8.11097
  8.18466     8.18546     8.17076     8.17155     8.15331     8.14693     8.13510     8.11286
  8.18691     8.18787     8.17308     8.17336     8.15519     8.14852     8.13696     8.11428
  8.18892     8.18995     8.17499     8.17467     8.15665     8.14975     8.13835     8.11534
  8.19242     8.19353     8.17839     8.17750     8.15947     8.15241     8.14142     8.11792
  8.19446     8.19568     8.18043     8.17885     8.16091     8.15367     8.14281     8.11923
  8.19695     8.19827     8.18278     8.18069     8.16270     8.15536     8.14468     8.12107
  8.19897     8.20044     8.18466     8.18207     8.16411     8.15666     8.14657     8.12264
  8.20058     8.20203     8.18605     8.18305     8.16508     8.15758     8.14761     8.12386
  8.20147     8.20295     8.18670     8.18347     8.16548     8.15790     8.14837     8.12461
  8.20413     8.20562     8.18936     8.18613     8.16813     8.16055     8.15101     8.12725
  8.20397     8.20529     8.18890     8.18542     8.16741     8.16013     8.15065     8.12701
  8.20312     8.20446     8.18796     8.18440     8.16639     8.15912     8.14963     8.12654
  8.20185     8.20307     8.18646     8.18289     8.16484     8.15798     8.14835     8.12569
  8.20050     8.20167     8.18497     8.18153     8.16353     8.15675     8.14711     8.12522
  8.19838     8.19948     8.18267     8.17944     8.16145     8.15485     8.14519     8.12405
  8.19658     8.19759     8.18077     8.17786     8.16004     8.15349     8.14371     8.12359
  8.19443     8.19533     8.17848     8.17601     8.15827     8.15189     8.14205     8.12297
  8.19142     8.19230     8.17556     8.17356     8.15601     8.14977     8.13972     8.12195
  8.18828     8.18906     8.17239     8.17109     8.15364     8.14764     8.13755     8.12095
  8.18482     8.18546     8.16895     8.16839     8.15108     8.14539     8.13516     8.11994
  8.18183     8.18229     8.16591     8.16622     8.14915     8.14356     8.13357     8.11943
  8.17904     8.17926     8.16311     8.16444     8.14761     8.14231     8.13221     8.11908
  8.17632     8.17627     8.16038     8.16279     8.14629     8.14107     8.13139     8.11923
  8.17410     8.17380     8.15827     8.16189     8.14573     8.14077     8.13090     8.11982
  8.17074     8.17029     8.15514     8.16004     8.14425     8.13953     8.12976     8.11990
  8.16916     8.16856     8.15378     8.16010     8.14464     8.14021     8.13038     8.12183
  8.16763     8.16698     8.15266     8.16037     8.14528     8.14116     8.13126     8.12400
  8.16686     8.16615     8.15228     8.16147     8.14679     8.14289     8.13298     8.12692
  8.16703     8.16622     8.15286     8.16354     8.14927     8.14567     8.13570     8.13079
  8.16786     8.16705     8.15369     8.16437     8.15009     8.14650     8.13653     8.13161
  8.16792     8.16697     8.15419     8.16649     8.15262     8.14921     8.13934     8.13539
  8.16817     8.16712     8.15489     8.16877     8.15540     8.15222     8.14225     8.13935
  8.16869     8.16749     8.15582     8.17139     8.15844     8.15551     8.14569     8.14344
  8.16946     8.16815     8.15705     8.17425     8.16181     8.15896     8.14917     8.14774
  8.17031     8.16891     8.15828     8.17715     8.16516     8.16255     8.15292     8.15189
  8.17123     8.16976     8.15969     8.18012     8.16861     8.16599     8.15643     8.15608
  8.17212     8.17060     8.16104     8.18298     8.17194     8.16940     8.16023     8.15994
  8.17329     8.17186     8.16280     8.18617     8.17558     8.17308     8.16393     8.16401
  8.17390     8.17255     8.16381     8.18865     8.17852     8.17600     8.16724     8.16713
  8.17531     8.17411     8.16582     8.19189     8.18215     8.17969     8.17111     8.17087
  8.17609     8.17498     8.16693     8.19421     8.18486     8.18245     8.17395     8.17349
  8.17759     8.17668     8.16895     8.19720     8.18819     8.18584     8.17750     8.17681
  8.17878     8.17797     8.17053     8.19958     8.19098     8.18863     8.18038     8.17928
  8.18041     8.17982     8.17255     8.20238     8.19404     8.19163     8.18348     8.18226
  8.18195     8.18153     8.17448     8.20483     8.19679     8.19438     8.18641     8.18474
  8.18368     8.18350     8.17656     8.20744     8.19962     8.19706     8.18932     8.18729
  8.18556     8.18560     8.17881     8.20993     8.20230     8.19973     8.19214     8.18976
  8.18741     8.18774     8.18101     8.21236     8.20499     8.20227     8.19471     8.19209
  8.18870     8.18928     8.18269     8.21402     8.20683     8.20406     8.19670     8.19376
  8.19062     8.19145     8.18489     8.21627     8.20930     8.20641     8.19906     8.19609
  8.18771     8.18854     8.18198     8.21336     8.20638     8.20350     8.19615     8.19318
  8.18941     8.19036     8.18394     8.21516     8.20840     8.20550     8.19823     8.19518
  8.19061     8.19165     8.18526     8.21643     8.20978     8.20689     8.19969     8.19676
  8.19314     8.19421     8.18789     8.21905     8.21243     8.20964     8.20251     8.19976
  8.19562     8.19669     8.19047     8.22163     8.21505     8.21235     8.20532     8.20278
  8.20153     8.20257     8.19645     8.22763     8.22104     8.21850     8.21140     8.20928
