  8.23596     8.23838     8.21669     8.20515     8.18235     8.18296     8.16924     8.15018
  8.22922     8.23155     8.20984     8.19887     8.17608     8.17691     8.16294     8.14558
  8.22257     8.22476     8.20311     8.19274     8.17018     8.17128     8.15722     8.14134
  8.21605     8.21815     8.19662     8.18706     8.16459     8.16600     8.15167     8.13755
  8.20966     8.21164     8.19033     8.18178     8.15944     8.16118     8.14666     8.13419
  8.20351     8.20542     8.18433     8.17687     8.15463     8.15671     8.14199     8.13114
  8.19757     8.19941     8.17867     8.17238     8.15027     8.15272     8.13768     8.12860
  8.19193     8.19378     8.17335     8.16828     8.14633     8.14915     8.13380     8.12633
  8.18659     8.18845     8.16843     8.16462     8.14283     8.14601     8.13029     8.12454
  8.18161     8.18351     8.16386     8.16136     8.13970     8.14325     8.12718     8.12296
  8.17697     8.17890     8.15967     8.15868     8.13704     8.14092     8.12444     8.12183
  8.17275     8.17467     8.15590     8.15620     8.13471     8.13896     8.12214     8.12091
  8.16890     8.17083     8.15252     8.15428     8.13279     8.13736     8.12021     8.12037
  8.16548     8.16741     8.14953     8.15250     8.13121     8.13612     8.11872     8.12004
  8.16240     8.16436     8.14695     8.15112     8.12998     8.13517     8.11747     8.12000
  8.15972     8.16172     8.14468     8.15005     8.12901     8.13445     8.11673     8.12013
  8.15738     8.15941     8.14285     8.14928     8.12840     8.13403     8.11620     8.12048
  8.15538     8.15745     8.14127     8.14880     8.12799     8.13385     8.11591     8.12094
  8.15370     8.15584     8.14007     8.14848     8.12785     8.13392     8.11582     8.12163
  8.15370     8.15584     8.14007     8.14848     8.12785     8.13392     8.11582     8.12163
  8.15234     8.15453     8.13913     8.14842     8.12794     8.13418     8.11596     8.12238
  8.15127     8.15360     8.13847     8.14856     8.12819     8.13467     8.11617     8.12334
  8.15049     8.15290     8.13809     8.14890     8.12863     8.13528     8.11672     8.12440
  8.14997     8.15251     8.13793     8.14943     8.12924     8.13608     8.11735     8.12554
  8.14969     8.15230     8.13798     8.15009     8.12997     8.13696     8.11812     8.12681
  8.14962     8.15233     8.13823     8.15091     8.13083     8.13797     8.11908     8.12809
  8.14975     8.15249     8.13865     8.15182     8.13181     8.13906     8.12003     8.12947
  8.15004     8.15291     8.13925     8.15281     8.13286     8.14024     8.12111     8.13078
  8.15050     8.15345     8.14000     8.15392     8.13399     8.14148     8.12225     8.13226
  8.15108     8.15416     8.14087     8.15508     8.13521     8.14280     8.12347     8.13363
  8.15178     8.15498     8.14185     8.15633     8.13649     8.14416     8.12474     8.13516
  8.15261     8.15595     8.14293     8.15760     8.13783     8.14557     8.12610     8.13656
  8.15353     8.15699     8.14409     8.15895     8.13924     8.14703     8.12756     8.13805
  8.15458     8.15817     8.14534     8.16031     8.14062     8.14847     8.12910     8.13935
  8.15568     8.15937     8.14667     8.16170     8.14201     8.14995     8.13047     8.14070
  8.15689     8.16065     8.14802     8.16307     8.14337     8.15134     8.13205     8.14193
  8.15814     8.16192     8.14941     8.16450     8.14473     8.15273     8.13340     8.14315
  8.15943     8.16324     8.15084     8.16586     8.14602     8.15402     8.13480     8.14419
  8.16073     8.16461     8.15223     8.16722     8.14733     8.15528     8.13611     8.14535
  8.16208     8.16600     8.15368     8.16855     8.14851     8.15646     8.13745     8.14618
  8.16208     8.16600     8.15368     8.16855     8.14851     8.15646     8.13745     8.14618
  8.16335     8.16738     8.15507     8.16979     8.14971     8.15758     8.13851     8.14704
  8.16466     8.16878     8.15646     8.17093     8.15079     8.15859     8.13964     8.14770
  8.16590     8.17017     8.15779     8.17198     8.15178     8.15952     8.14058     8.14828
  8.16715     8.17150     8.15905     8.17293     8.15267     8.16032     8.14162     8.14874
  8.16834     8.17284     8.16027     8.17377     8.15341     8.16102     8.14238     8.14913
  8.16951     8.17408     8.16137     8.17451     8.15405     8.16156     8.14312     8.14942
  8.17060     8.17530     8.16244     8.17545     8.15457     8.16199     8.14366     8.14959
  8.17167     8.17638     8.16337     8.17594     8.15497     8.16229     8.14409     8.14975
  8.17260     8.17742     8.16423     8.17664     8.15556     8.16256     8.14440     8.14998
  8.17349     8.17833     8.16493     8.17694     8.15577     8.16267     8.14475     8.15007
  8.17423     8.17914     8.16556     8.17720     8.15613     8.16279     8.14482     8.15027
  8.17488     8.17984     8.16602     8.17736     8.15620     8.16279     8.14496     8.15040
  8.17542     8.18041     8.16641     8.17751     8.15617     8.16280     8.14492     8.15051
  8.17590     8.18085     8.16673     8.17760     8.15617     8.16281     8.14496     8.15079
  8.17630     8.18122     8.16691     8.17768     8.15614     8.16285     8.14497     8.15109
  8.17663     8.18143     8.16704     8.17779     8.15614     8.16297     8.14501     8.15166
  8.17692     8.18164     8.16710     8.17784     8.15617     8.16310     8.14510     8.15225
  8.17716     8.18169     8.16714     8.17803     8.15628     8.16341     8.14531     8.15320
  8.17739     8.18174     8.16717     8.17825     8.15642     8.16383     8.14556     8.15414
  8.17757     8.18174     8.16725     8.17865     8.15683     8.16445     8.14598     8.15542
  8.17757     8.18174     8.16725     8.17865     8.15683     8.16445     8.14598     8.15542
  8.17782     8.18175     8.16735     8.17918     8.15732     8.16526     8.14653     8.15684
  8.17804     8.18179     8.16756     8.17992     8.15811     8.16627     8.14728     8.15857
  8.17836     8.18192     8.16786     8.18085     8.15906     8.16749     8.14838     8.16047
  8.17873     8.18207     8.16835     8.18197     8.16024     8.16899     8.14958     8.16265
  8.17921     8.18240     8.16893     8.18331     8.16162     8.17071     8.15120     8.16497
  8.17984     8.18281     8.16972     8.18487     8.16329     8.17273     8.15292     8.16755
  8.18061     8.18342     8.17064     8.18666     8.16508     8.17493     8.15494     8.17028
  8.18158     8.18418     8.17181     8.18871     8.16723     8.17743     8.15714     8.17323
  8.18270     8.18516     8.17321     8.19097     8.16953     8.18012     8.15967     8.17631
  8.18399     8.18635     8.17484     8.19352     8.17214     8.18306     8.16220     8.17959
  8.18547     8.18779     8.17673     8.19626     8.17497     8.18621     8.16518     8.18299
  8.18713     8.18950     8.17884     8.19924     8.17806     8.18957     8.16810     8.18659
  8.18907     8.19144     8.18119     8.20247     8.18134     8.19311     8.17142     8.19033
  8.19121     8.19366     8.18377     8.20585     8.18483     8.19683     8.17488     8.19420
  8.19363     8.19610     8.18655     8.20946     8.18849     8.20075     8.17848     8.19817
  8.19623     8.19881     8.18959     8.21318     8.19233     8.20480     8.18230     8.20228
  8.19911     8.20171     8.19280     8.21711     8.19629     8.20898     8.18626     8.20651
  8.20217     8.20485     8.19625     8.22118     8.20040     8.21331     8.19027     8.21079
  8.20549     8.20819     8.19988     8.22542     8.20457     8.21776     8.19456     8.21524
  8.20549     8.20819     8.19988     8.22542     8.20457     8.21776     8.19456     8.21524
  8.20898     8.21171     8.20371     8.22978     8.20888     8.22229     8.19876     8.21968
  8.21269     8.21543     8.20770     8.23428     8.21326     8.22699     8.20325     8.22430
  8.21653     8.21933     8.21187     8.23887     8.21780     8.23173     8.20774     8.22891
  8.22051     8.22334     8.21618     8.24346     8.22247     8.23661     8.21235     8.23374
  8.22470     8.22755     8.22059     8.24826     8.22724     8.24155     8.21715     8.23852
  8.22902     8.23185     8.22512     8.25306     8.23210     8.24663     8.22198     8.24348
  8.23353     8.23632     8.22971     8.25802     8.23706     8.25178     8.22692     8.24839
  8.23816     8.24074     8.23445     8.26311     8.24244     8.25703     8.23201     8.25344
  8.24291     8.24548     8.23930     8.26827     8.24756     8.26235     8.23726     8.25850
  8.24773     8.25017     8.24425     8.27352     8.25313     8.26775     8.24248     8.26368
  8.25266     8.25515     8.24933     8.27882     8.25843     8.27320     8.24797     8.26892
  8.25768     8.26022     8.25449     8.28419     8.26383     8.27873     8.25329     8.27416
  8.26279     8.26538     8.25975     8.28960     8.26929     8.28429     8.25894     8.27948
  8.26797     8.27062     8.26512     8.29548     8.27481     8.28992     8.26436     8.28472
  8.27328     8.27599     8.27059     8.30100     8.28035     8.29555     8.26998     8.28997
  8.27865     8.28143     8.27613     8.30695     8.28593     8.30122     8.27547     8.29520
  8.28411     8.28695     8.28177     8.31254     8.29147     8.30685     8.28104     8.30041
  8.28970     8.29254     8.28742     8.31814     8.29691     8.31248     8.28653     8.30558
  8.29531     8.29816     8.29314     8.32371     8.30248     8.31809     8.29215     8.31078
  8.30094     8.30384     8.29888     8.32930     8.30788     8.32365     8.29767     8.31594
  8.30094     8.30384     8.29888     8.32930     8.30788     8.32365     8.29767     8.31594
  8.30669     8.30957     8.30462     8.33487     8.31342     8.32918     8.30319     8.32108
  8.31231     8.31532     8.31041     8.34042     8.31892     8.33469     8.30851     8.32615
  8.31806     8.32107     8.31615     8.34596     8.32439     8.34017     8.31395     8.33123
  8.32374     8.32682     8.32190     8.35148     8.32984     8.34558     8.31932     8.33618
  8.32947     8.33257     8.32764     8.35693     8.33529     8.35103     8.32469     8.34117
  8.33517     8.33832     8.33336     8.36238     8.34068     8.35639     8.33003     8.34604
  8.34092     8.34403     8.33909     8.36780     8.34606     8.36175     8.33533     8.35091
  8.34658     8.34971     8.34476     8.37316     8.35138     8.36704     8.34048     8.35558
  8.35225     8.35536     8.35041     8.37852     8.35667     8.37231     8.34573     8.36021
  8.35787     8.36095     8.35600     8.38376     8.36185     8.37741     8.35087     8.36453
  8.36343     8.36650     8.36157     8.38899     8.36699     8.38244     8.35596     8.36869
  8.36899     8.37202     8.36707     8.39408     8.37202     8.38732     8.36101     8.37255
  8.37445     8.37745     8.37255     8.39907     8.37695     8.39199     8.36574     8.37607
  8.37982     8.38288     8.37794     8.40390     8.38171     8.39650     8.37048     8.37922
  8.38515     8.38823     8.38326     8.40855     8.38630     8.40068     8.37485     8.38191
  8.39033     8.39354     8.38844     8.41296     8.39059     8.40457     8.37897     8.38406
  8.39545     8.39874     8.39349     8.41712     8.39461     8.40808     8.38263     8.38567
  8.40047     8.40384     8.39835     8.42095     8.39823     8.41112     8.38597     8.38670
  8.40528     8.40874     8.40302     8.42440     8.40144     8.41370     8.38880     8.38712
  8.40528     8.40874     8.40302     8.42440     8.40144     8.41370     8.38880     8.38712
  8.40993     8.41352     8.40742     8.42743     8.40404     8.41568     8.39124     8.38689
  8.41428     8.41802     8.41153     8.42996     8.40624     8.41710     8.39313     8.38592
  8.41839     8.42229     8.41521     8.43194     8.40772     8.41781     8.39448     8.38433
  8.42211     8.42623     8.41847     8.43336     8.40871     8.41780     8.39506     8.38199
  8.42545     8.42979     8.42124     8.43413     8.40901     8.41712     8.39501     8.37903
  8.42839     8.43291     8.42351     8.43426     8.40863     8.41567     8.39420     8.37539
  8.43080     8.43555     8.42517     8.43370     8.40746     8.41352     8.39268     8.37115
  8.43272     8.43763     8.42625     8.43244     8.40560     8.41064     8.39037     8.36623
  8.43403     8.43912     8.42661     8.43045     8.40295     8.40704     8.38740     8.36080
  8.43473     8.43995     8.42630     8.42776     8.39956     8.40274     8.38365     8.35480
  8.43478     8.44012     8.42524     8.42432     8.39562     8.39781     8.37929     8.34841
  8.43417     8.43955     8.42349     8.42025     8.39081     8.39227     8.37420     8.34154
  8.43289     8.43828     8.42099     8.41547     8.38555     8.38618     8.36849     8.33443
  8.43091     8.43628     8.41778     8.41014     8.37953     8.37989     8.36231     8.32691
  8.42824     8.43353     8.41386     8.40425     8.37303     8.37285     8.35555     8.31931
  8.42489     8.43009     8.40926     8.39784     8.36608     8.36580     8.34844     8.31149
  8.42088     8.42589     8.40403     8.39102     8.35874     8.35811     8.34093     8.30365
  8.41623     8.42102     8.39819     8.38377     8.35105     8.35020     8.33319     8.29574
  8.41102     8.41547     8.39187     8.37621     8.34313     8.34219     8.32512     8.28790
  8.40523     8.40938     8.38506     8.36840     8.33500     8.33403     8.31706     8.28011
  8.40523     8.40938     8.38506     8.36840     8.33500     8.33403     8.31706     8.28011
  8.39898     8.40272     8.37786     8.36044     8.32636     8.32590     8.30882     8.27250
  8.39229     8.39560     8.37037     8.35235     8.31810     8.31776     8.30073     8.26507
  8.38523     8.38809     8.36261     8.34425     8.30943     8.30975     8.29250     8.25788
  8.37790     8.38025     8.35469     8.33611     8.30124     8.30168     8.28453     8.25099
  8.37031     8.37217     8.34667     8.32809     8.29324     8.29402     8.27661     8.24440
  8.36259     8.36394     8.33859     8.32019     8.28539     8.28645     8.26907     8.23818
  8.35475     8.35561     8.33055     8.31248     8.27782     8.27936     8.26166     8.23232
  8.34689     8.34724     8.32260     8.30511     8.27054     8.27260     8.25479     8.22690
  8.33898     8.33892     8.31477     8.29803     8.26362     8.26624     8.24816     8.22191
  8.33123     8.33070     8.30717     8.29130     8.25708     8.26029     8.24201     8.21746
  8.32356     8.32264     8.29982     8.28497     8.25101     8.25482     8.23622     8.21346
  8.31614     8.31510     8.29274     8.27904     8.24537     8.24979     8.23096     8.21003
  8.30898     8.30754     8.28604     8.27357     8.24022     8.24532     8.22614     8.20714
  8.30212     8.30064     8.27969     8.26860     8.23557     8.24133     8.22190     8.20484
  8.29560     8.29382     8.27380     8.26409     8.23149     8.23795     8.21825     8.20303
  8.28951     8.28745     8.26835     8.26017     8.22794     8.23512     8.21529     8.20193
  8.28376     8.28155     8.26339     8.25679     8.22501     8.23289     8.21277     8.20119
  8.27855     8.27614     8.25897     8.25400     8.22268     8.23130     8.21095     8.20110
  8.27374     8.27126     8.25507     8.25188     8.22097     8.23027     8.20964     8.20141
  8.26947     8.26691     8.25176     8.25036     8.21986     8.22985     8.20895     8.20223
  8.26947     8.26691     8.25176     8.25036     8.21986     8.22985     8.20895     8.20223
  8.26575     8.26312     8.24904     8.24944     8.21931     8.22996     8.20882     8.20339
  8.26252     8.25974     8.24687     8.24912     8.21937     8.23065     8.20917     8.20501
  8.25991     8.25713     8.24532     8.24933     8.21990     8.23179     8.21018     8.20692
  8.25783     8.25498     8.24430     8.25009     8.22099     8.23341     8.21150     8.20910
  8.25635     8.25365     8.24386     8.25164     8.22256     8.23549     8.21347     8.21155
  8.25548     8.25292     8.24397     8.25332     8.22459     8.23790     8.21568     8.21409
  8.25517     8.25281     8.24458     8.25571     8.22695     8.24062     8.21840     8.21673
  8.25537     8.25327     8.24569     8.25813     8.22969     8.24361     8.22116     8.21939
  8.25612     8.25425     8.24726     8.26081     8.23260     8.24672     8.22429     8.22203
  8.25732     8.25577     8.24923     8.26372     8.23571     8.24994     8.22743     8.22457
  8.25898     8.25774     8.25157     8.26678     8.23891     8.25325     8.23073     8.22704
  8.26104     8.26008     8.25423     8.26993     8.24218     8.25652     8.23403     8.22930
  8.26347     8.26278     8.25709     8.27307     8.24541     8.25973     8.23728     8.23137
  8.26616     8.26572     8.26017     8.27622     8.24863     8.26283     8.24039     8.23320
  8.26906     8.26887     8.26332     8.27915     8.25168     8.26568     8.24334     8.23484
  8.27212     8.27213     8.26654     8.28209     8.25459     8.26837     8.24598     8.23615
  8.27528     8.27552     8.26976     8.28477     8.25724     8.27079     8.24843     8.23730
  8.27848     8.27888     8.27291     8.28740     8.25969     8.27294     8.25058     8.23818
  8.28169     8.28221     8.27596     8.28977     8.26184     8.27483     8.25251     8.23886
  8.28169     8.28221     8.27596     8.28977     8.26184     8.27483     8.25251     8.23886
  8.28484     8.28541     8.27885     8.29192     8.26374     8.27642     8.25408     8.23930
  8.28791     8.28844     8.28154     8.29381     8.26537     8.27780     8.25541     8.23956
  8.29081     8.29128     8.28402     8.29545     8.26672     8.27886     8.25648     8.23959
  8.29357     8.29391     8.28624     8.29683     8.26781     8.27975     8.25727     8.23948
  8.29610     8.29630     8.28827     8.29799     8.26868     8.28035     8.25795     8.23925
  8.29840     8.29842     8.28999     8.29893     8.26932     8.28076     8.25841     8.23886
  8.30045     8.30023     8.29152     8.29964     8.26978     8.28095     8.25892     8.23838
  8.30225     8.30174     8.29277     8.30016     8.27006     8.28098     8.25905     8.23777
  8.30378     8.30300     8.29378     8.30047     8.27015     8.28088     8.25906     8.23702
  8.30507     8.30397     8.29456     8.30063     8.27008     8.28064     8.25887     8.23621
  8.30615     8.30476     8.29513     8.30061     8.26986     8.28027     8.25850     8.23527
  8.30693     8.30532     8.29552     8.30049     8.26950     8.27979     8.25791     8.23423
  8.31138     8.31076     8.29815     8.30505     8.26956     8.28085     8.25202     8.23928
  8.31174     8.31098     8.29820     8.30467     8.26895     8.28013     8.25122     8.23807
  8.31576     8.31606     8.30053     8.30898     8.26876     8.28099     8.24505     8.24298
  8.31576     8.31599     8.30026     8.30833     8.26794     8.28006     8.24403     8.24153
  8.31561     8.31574     8.29985     8.30754     8.26696     8.27894     8.24300     8.24002
  8.31529     8.31536     8.29931     8.30655     8.26588     8.27772     8.24172     8.23823
  8.31486     8.31488     8.29861     8.30544     8.26463     8.27625     8.24031     8.23640
  8.31424     8.31419     8.29782     8.30433     8.26324     8.27464     8.23878     8.23440
  8.31424     8.31419     8.29782     8.30433     8.26324     8.27464     8.23878     8.23440
  8.31354     8.31342     8.29688     8.30290     8.26159     8.27284     8.23715     8.23233
  8.31262     8.31253     8.29583     8.30140     8.25974     8.27079     8.23525     8.22998
  8.31160     8.31145     8.29455     8.29956     8.25763     8.26861     8.23345     8.22753
  8.31038     8.31027     8.29316     8.29744     8.25530     8.26616     8.23126     8.22474
  8.30898     8.30883     8.29151     8.29508     8.25275     8.26349     8.22886     8.22190
  8.30742     8.30720     8.28964     8.29252     8.24999     8.26059     8.22620     8.21892
  8.30560     8.30526     8.28751     8.28968     8.24698     8.25746     8.22331     8.21583
  8.30359     8.30330     8.28511     8.28665     8.24369     8.25402     8.21997     8.21260
  8.30129     8.30087     8.28245     8.28334     8.24014     8.25043     8.21675     8.20928
  8.29877     8.29840     8.27956     8.28000     8.23635     8.24653     8.21307     8.20593
  8.29598     8.29548     8.27640     8.27626     8.23241     8.24253     8.20926     8.20244
  8.29291     8.29233     8.27306     8.27251     8.22826     8.23836     8.20540     8.19906
  8.28959     8.28894     8.26941     8.26840     8.22400     8.23408     8.20144     8.19574
  8.28605     8.28529     8.26560     8.26414     8.21957     8.22979     8.19740     8.19250
  8.28229     8.28144     8.26159     8.25974     8.21515     8.22547     8.19341     8.18950
  8.27837     8.27737     8.25743     8.25530     8.21070     8.22122     8.18947     8.18670
  8.27428     8.27313     8.25321     8.25083     8.20638     8.21712     8.18556     8.18402
  8.27007     8.26876     8.24890     8.24648     8.20213     8.21309     8.18170     8.18172
  8.26572     8.26432     8.24457     8.24228     8.19810     8.20932     8.17811     8.17963
  8.26572     8.26432     8.24457     8.24228     8.19810     8.20932     8.17811     8.17963
  8.26134     8.25980     8.24047     8.23832     8.19425     8.20572     8.17488     8.17797
  8.25695     8.25533     8.23622     8.23454     8.19070     8.20244     8.17167     8.17668
  8.25268     8.25089     8.23229     8.23109     8.18763     8.19948     8.16921     8.17588
  8.24844     8.24656     8.22839     8.22789     8.18482     8.19699     8.16679     8.17535
  8.24447     8.24247     8.22470     8.22506     8.18254     8.19490     8.16502     8.17533
  8.24064     8.23856     8.22131     8.22264     8.18056     8.19334     8.16359     8.17556
  8.23713     8.23500     8.21827     8.22069     8.17906     8.19215     8.16279     8.17632
  8.23392     8.23182     8.21560     8.21917     8.17799     8.19148     8.16231     8.17736
  8.23108     8.22895     8.21335     8.21813     8.17740     8.19120     8.16245     8.17890
  8.22858     8.22661     8.21159     8.21753     8.17727     8.19137     8.16268     8.18063
  8.22670     8.22466     8.21026     8.21741     8.17763     8.19197     8.16357     8.18266
  8.22502     8.22324     8.20940     8.21766     8.17835     8.19290     8.16455     8.18483
  8.22398     8.22232     8.20902     8.21835     8.17941     8.19424     8.16605     8.18719
  8.22313     8.22181     8.20900     8.21939     8.18081     8.19584     8.16769     8.18969
  8.22273     8.22179     8.20939     8.22073     8.18243     8.19773     8.16971     8.19221
  8.22272     8.22220     8.21013     8.22236     8.18436     8.19975     8.17191     8.19494
  8.22309     8.22300     8.21114     8.22422     8.18651     8.20200     8.17427     8.19761
  8.22388     8.22415     8.21243     8.22628     8.18879     8.20430     8.17656     8.20029
  8.22495     8.22561     8.21396     8.22844     8.19118     8.20677     8.17905     8.20293
  8.22632     8.22730     8.21573     8.23072     8.19361     8.20922     8.18127     8.20552
  8.22632     8.22730     8.21573     8.23072     8.19361     8.20922     8.18127     8.20552
  8.22754     8.22918     8.21777     8.23308     8.19611     8.21178     8.18363     8.20806
  8.22929     8.23128     8.21995     8.23550     8.19863     8.21422     8.18609     8.21063
  8.23083     8.23349     8.22223     8.23793     8.20119     8.21674     8.18850     8.21318
  8.23289     8.23584     8.22457     8.24039     8.20369     8.21918     8.19093     8.21580
  8.23505     8.23827     8.22687     8.24283     8.20624     8.22170     8.19331     8.21826
  8.23735     8.24075     8.22924     8.24524     8.20866     8.22413     8.19577     8.22068
  8.23967     8.24320     8.23160     8.24763     8.21118     8.22662     8.19816     8.22307
  8.24203     8.24564     8.23385     8.25003     8.21361     8.22902     8.20064     8.22538
  8.24446     8.24806     8.23619     8.25238     8.21603     8.23140     8.20286     8.22761
  8.24684     8.25047     8.23846     8.25477     8.21847     8.23374     8.20535     8.22999
  8.24933     8.25291     8.24086     8.25706     8.22079     8.23603     8.20747     8.23205
  8.25169     8.25530     8.24325     8.25935     8.22310     8.23819     8.20972     8.23414
  8.25406     8.25769     8.24604     8.26155     8.22538     8.24033     8.21196     8.23605
  8.25634     8.26002     8.24833     8.26388     8.22753     8.24224     8.21411     8.23780
  8.25857     8.26229     8.25095     8.26593     8.22966     8.24420     8.21608     8.23945
  8.26087     8.26450     8.25311     8.26813     8.23163     8.24595     8.21810     8.24092
  8.26304     8.26664     8.25518     8.27001     8.23347     8.24768     8.21977     8.24219
  8.26524     8.26866     8.25721     8.27175     8.23520     8.24930     8.22156     8.24334
  8.26735     8.27067     8.25913     8.27337     8.23675     8.25074     8.22297     8.24431
  8.26938     8.27253     8.26094     8.27481     8.23818     8.25203     8.22445     8.24506
  8.26938     8.27253     8.26094     8.27481     8.23818     8.25203     8.22445     8.24506
  8.27135     8.27432     8.26269     8.27610     8.23947     8.25312     8.22559     8.24573
  8.27319     8.27602     8.26423     8.27718     8.24056     8.25406     8.22662     8.24610
  8.27489     8.27752     8.26568     8.27814     8.24145     8.25479     8.22743     8.24643
  8.27640     8.27891     8.26691     8.27895     8.24215     8.25555     8.22808     8.24648
  8.27775     8.28010     8.26800     8.27951     8.24265     8.25591     8.22860     8.24648
  8.27888     8.28110     8.26893     8.28000     8.24300     8.25631     8.22890     8.24619
  8.27987     8.28189     8.26967     8.28026     8.24318     8.25634     8.22910     8.24594
  8.28065     8.28247     8.27024     8.28036     8.24323     8.25623     8.22912     8.24540
  8.28132     8.28285     8.27061     8.28035     8.24307     8.25595     8.22901     8.24492
  8.28174     8.28311     8.27081     8.28019     8.24285     8.25563     8.22862     8.24418
  8.28204     8.28321     8.27085     8.27993     8.24244     8.25513     8.22815     8.24345
  8.28208     8.28319     8.27077     8.27953     8.24199     8.25461     8.22743     8.24259
  8.28199     8.28301     8.27053     8.27906     8.24133     8.25395     8.22691     8.24175
  8.28178     8.28272     8.27020     8.27850     8.24064     8.25322     8.22606     8.24082
  8.28146     8.28229     8.26972     8.27781     8.23974     8.25241     8.22544     8.23988
  8.28103     8.28177     8.26917     8.27708     8.23894     8.25153     8.22462     8.23885
  8.28054     8.28117     8.26850     8.27621     8.23793     8.25060     8.22374     8.23776
  8.27986     8.28050     8.26790     8.27526     8.23704     8.24955     8.22274     8.23657
  8.27909     8.27972     8.26709     8.27430     8.23598     8.24849     8.22180     8.23530
  8.27909     8.27972     8.26709     8.27430     8.23598     8.24849     8.22180     8.23530
  8.27822     8.27886     8.26634     8.27322     8.23492     8.24734     8.22061     8.23397
  8.27725     8.27789     8.26536     8.27211     8.23378     8.24616     8.21957     8.23254
  8.27621     8.27690     8.26434     8.27094     8.23257     8.24490     8.21837     8.23115
  8.27516     8.27581     8.26322     8.26965     8.23127     8.24321     8.21721     8.22958
  8.27402     8.27467     8.26208     8.26834     8.22989     8.24183     8.21591     8.22812
  8.27283     8.27344     8.26083     8.26696     8.22849     8.24001     8.21450     8.22653
  8.27163     8.27210     8.25955     8.26552     8.22701     8.23852     8.21286     8.22501
  8.27032     8.27068     8.25818     8.26403     8.22555     8.23701     8.21122     8.22338
  8.26899     8.26920     8.25679     8.26246     8.22398     8.23545     8.20943     8.22184
  8.26760     8.26763     8.25529     8.26081     8.22236     8.23390     8.20784     8.22023
  8.26616     8.26603     8.25385     8.25916     8.22071     8.23246     8.20623     8.21875
  8.26461     8.26438     8.25227     8.25744     8.21910     8.23091     8.20478     8.21724
  8.26309     8.26276     8.25076     8.25581     8.21749     8.22944     8.20334     8.21589
  8.26148     8.26112     8.24918     8.25418     8.21600     8.22774     8.20183     8.21443
  8.25990     8.25953     8.24755     8.25258     8.21451     8.22613     8.20053     8.21305
  8.25831     8.25787     8.24598     8.25098     8.21305     8.22448     8.19906     8.21168
  8.25665     8.25627     8.24435     8.24944     8.21165     8.22302     8.19779     8.21038
  8.25500     8.25464     8.24278     8.24791     8.21025     8.22163     8.19640     8.20904
  8.25334     8.25308     8.24128     8.24647     8.20893     8.22032     8.19516     8.20784
  8.25176     8.25153     8.23979     8.24537     8.20766     8.21907     8.19385     8.20654
  8.25176     8.25153     8.23979     8.24537     8.20766     8.21907     8.19385     8.20654
  8.25024     8.25004     8.23833     8.24404     8.20643     8.21783     8.19262     8.20530
  8.24875     8.24856     8.23692     8.24302     8.20527     8.21662     8.19132     8.20401
  8.24731     8.24710     8.23553     8.24173     8.20404     8.21537     8.19026     8.20264
  8.24583     8.24570     8.23410     8.24048     8.20287     8.21416     8.18889     8.20129
  8.24446     8.24431     8.23273     8.23918     8.20169     8.21289     8.18778     8.19993
  8.24303     8.24299     8.23134     8.23789     8.20052     8.21136     8.18643     8.19846
  8.24168     8.24167     8.22997     8.23650     8.19929     8.21005     8.18539     8.19706
  8.24026     8.24035     8.22865     8.23509     8.19807     8.20840     8.18407     8.19560
  8.23885     8.23899     8.22729     8.23361     8.19671     8.20703     8.18270     8.19398
  8.23746     8.23762     8.22599     8.23209     8.19534     8.20555     8.18134     8.19248
  8.23607     8.23616     8.22460     8.23053     8.19392     8.20410     8.17970     8.19070
  8.23469     8.23470     8.22319     8.22897     8.19240     8.20250     8.17819     8.18896
  8.23325     8.23319     8.22173     8.22734     8.19086     8.20085     8.17671     8.18706
  8.23185     8.23165     8.22022     8.22563     8.18921     8.19909     8.17520     8.18518
  8.23029     8.23001     8.21865     8.22391     8.18750     8.19729     8.17353     8.18298
  8.22879     8.22834     8.21707     8.22204     8.18573     8.19541     8.17178     8.18108
  8.22712     8.22657     8.21538     8.22016     8.18390     8.19344     8.17000     8.17871
  8.22541     8.22476     8.21365     8.21815     8.18198     8.19141     8.16815     8.17661
  8.22359     8.22291     8.21171     8.21616     8.18003     8.18933     8.16507     8.17438
  8.22359     8.22291     8.21171     8.21616     8.18003     8.18933     8.16507     8.17438
  8.22168     8.22098     8.20987     8.21403     8.17797     8.18717     8.16310     8.17206
  8.21980     8.21904     8.20779     8.21212     8.17592     8.18507     8.15982     8.16972
  8.21780     8.21698     8.20587     8.20988     8.17375     8.18281     8.15792     8.16736
  8.21581     8.21491     8.20380     8.20782     8.17157     8.18056     8.15575     8.16492
  8.21364     8.21277     8.20176     8.20541     8.16929     8.17818     8.15395     8.16257
  8.21143     8.21058     8.19961     8.20301     8.16702     8.17579     8.15181     8.16019
  8.20901     8.20834     8.19743     8.20057     8.16472     8.17336     8.14970     8.15785
  8.20668     8.20605     8.19511     8.19812     8.16242     8.17093     8.14728     8.15555
  8.20423     8.20361     8.19280     8.19568     8.16016     8.16850     8.14510     8.15324
  8.20179     8.20123     8.19025     8.19326     8.15786     8.16610     8.14167     8.15096
  8.19939     8.19870     8.18788     8.19087     8.15558     8.16375     8.13961     8.14879
  8.19687     8.19624     8.18537     8.18864     8.15336     8.16145     8.13641     8.14661
  8.19437     8.19379     8.18299     8.18630     8.15113     8.15922     8.13444     8.14458
  8.19185     8.19132     8.18060     8.18419     8.14892     8.15702     8.13241     8.14271
  8.18933     8.18895     8.17825     8.18195     8.14684     8.15493     8.13052     8.14092
  8.18683     8.18664     8.17593     8.17986     8.14479     8.15292     8.12855     8.13939
  8.18440     8.18437     8.17364     8.17784     8.14294     8.15103     8.12690     8.13792
  8.18207     8.18225     8.17150     8.17595     8.14126     8.14934     8.12517     8.13671
  8.17980     8.18016     8.16936     8.17422     8.13977     8.14782     8.12377     8.13572
  8.17770     8.17825     8.16745     8.17272     8.13841     8.14647     8.12207     8.13494
  8.17770     8.17825     8.16745     8.17272     8.13841     8.14647     8.12207     8.13494
  8.17581     8.17644     8.16562     8.17131     8.13726     8.14536     8.12103     8.13441
  8.17406     8.17481     8.16396     8.17018     8.13626     8.14439     8.11980     8.13416
  8.17253     8.17330     8.16246     8.16913     8.13553     8.14372     8.11924     8.13408
  8.17123     8.17199     8.16111     8.16833     8.13502     8.14324     8.11895     8.13426
  8.17002     8.17084     8.15997     8.16774     8.13476     8.14304     8.11893     8.13469
  8.16909     8.16988     8.15901     8.16744     8.13476     8.14306     8.11904     8.13529
  8.16822     8.16917     8.15830     8.16732     8.13494     8.14331     8.11948     8.13614
  8.16773     8.16866     8.15784     8.16746     8.13540     8.14380     8.12016     8.13730
  8.16747     8.16836     8.15755     8.16783     8.13611     8.14453     8.12102     8.13862
  8.16741     8.16830     8.15755     8.16848     8.13709     8.14549     8.12231     8.14025
  8.16770     8.16843     8.15771     8.16942     8.13833     8.14673     8.12364     8.14208
  8.16813     8.16883     8.15818     8.17064     8.13984     8.14817     8.12543     8.14401
  8.16884     8.16957     8.15887     8.17213     8.14158     8.14994     8.12730     8.14619
  8.16980     8.17050     8.15985     8.17384     8.14355     8.15187     8.12951     8.14855
  8.17106     8.17177     8.16105     8.17577     8.14573     8.15402     8.13177     8.15100
  8.17249     8.17316     8.16248     8.17791     8.14808     8.15632     8.13439     8.15346
  8.17424     8.17480     8.16413     8.18023     8.15068     8.15875     8.13703     8.15614
  8.17602     8.17660     8.16603     8.18267     8.15339     8.16131     8.13983     8.15849
  8.17826     8.17861     8.16810     8.18528     8.15617     8.16397     8.14265     8.16108
  8.17826     8.17861     8.16810     8.18528     8.15617     8.16397     8.14265     8.16108
  8.18040     8.18080     8.17028     8.18792     8.15904     8.16666     8.14563     8.16346
  8.18289     8.18313     8.17261     8.19062     8.16187     8.16936     8.14828     8.16591
  8.18529     8.18559     8.17497     8.19331     8.16468     8.17205     8.15119     8.16811
  8.18777     8.18812     8.17742     8.19595     8.16745     8.17462     8.15383     8.17026
  8.19024     8.19066     8.17998     8.19855     8.17009     8.17717     8.15649     8.17209
  8.19270     8.19327     8.18251     8.20103     8.17260     8.17953     8.15891     8.17383
  8.19521     8.19581     8.18507     8.20337     8.17496     8.18179     8.16125     8.17520
  8.19777     8.19834     8.18757     8.20554     8.17713     8.18379     8.16346     8.17660
  8.20019     8.20076     8.18995     8.20753     8.17915     8.18568     8.16526     8.17758
  8.20270     8.20306     8.19227     8.20932     8.18093     8.18727     8.16708     8.17862
  8.20486     8.20520     8.19440     8.21092     8.18251     8.18874     8.16869     8.17941
  8.20704     8.20727     8.19643     8.21232     8.18387     8.19000     8.17005     8.18017
  8.20893     8.20911     8.19828     8.21353     8.18503     8.19109     8.17116     8.18079
  8.21074     8.21081     8.19991     8.21456     8.18601     8.19199     8.17246     8.18142
  8.21234     8.21232     8.20142     8.21545     8.18688     8.19278     8.17311     8.18193
  8.21386     8.21364     8.20274     8.21623     8.18760     8.19344     8.17403     8.18248
  8.21518     8.21481     8.20389     8.21692     8.18837     8.19410     8.17462     8.18322
  8.21643     8.21586     8.20500     8.21758     8.18905     8.19468     8.17544     8.18391
  8.21753     8.21677     8.20589     8.21831     8.18985     8.19541     8.17611     8.18488
  8.21854     8.21761     8.20680     8.21908     8.19067     8.19614     8.17718     8.18607
  8.21854     8.21761     8.20680     8.21908     8.19067     8.19614     8.17718     8.18607
  8.21946     8.21840     8.20756     8.21999     8.19166     8.19706     8.17803     8.18750
  8.22040     8.21923     8.20840     8.22099     8.19277     8.19815     8.17926     8.18913
  8.22129     8.22003     8.20920     8.22219     8.19410     8.19943     8.18047     8.19115
  8.22222     8.22097     8.21007     8.22352     8.19567     8.20097     8.18212     8.19330
  8.22325     8.22195     8.21102     8.22511     8.19746     8.20275     8.18374     8.19577
  8.22428     8.22310     8.21208     8.22690     8.19963     8.20484     8.18597     8.19844
  8.22553     8.22437     8.21326     8.22893     8.20198     8.20717     8.18823     8.20148
  8.22692     8.22584     8.21465     8.23123     8.20464     8.20961     8.19076     8.20458
  8.22853     8.22747     8.21620     8.23375     8.20749     8.21245     8.19378     8.20806
  8.23030     8.22930     8.21792     8.23655     8.21056     8.21537     8.19703     8.21159
  8.23223     8.23137     8.21987     8.23954     8.21386     8.21867     8.20037     8.21532
  8.23437     8.23351     8.22197     8.24272     8.21736     8.22218     8.20392     8.21907
  8.23676     8.23598     8.22436     8.24606     8.22104     8.22580     8.20762     8.22293
  8.23934     8.23853     8.22694     8.24951     8.22487     8.22959     8.21132     8.22665
  8.24213     8.24138     8.22976     8.25306     8.22873     8.23340     8.21516     8.23040
  8.24512     8.24432     8.23272     8.25665     8.23265     8.23730     8.21914     8.23397
  8.24823     8.24747     8.23590     8.26022     8.23650     8.24115     8.22308     8.23745
  8.25145     8.25063     8.23912     8.26379     8.24030     8.24496     8.22685     8.24076
  8.25483     8.25398     8.24252     8.26728     8.24401     8.24862     8.23075     8.24387
  8.25817     8.25737     8.24594     8.27069     8.24759     8.25214     8.23437     8.24666
  8.25817     8.25737     8.24594     8.27069     8.24759     8.25214     8.23437     8.24666
  8.26161     8.26081     8.24943     8.27397     8.25101     8.25547     8.23795     8.24913
  8.26503     8.26461     8.25294     8.27704     8.25421     8.25853     8.24120     8.25131
  8.26840     8.26796     8.25644     8.27990     8.25715     8.26131     8.24427     8.25309
  8.27166     8.27158     8.25986     8.28254     8.25981     8.26381     8.24692     8.25456
  8.27478     8.27474     8.26316     8.28489     8.26210     8.26594     8.24942     8.25556
  8.27769     8.27770     8.26626     8.28696     8.26409     8.26772     8.25144     8.25631
  8.28049     8.28058     8.26921     8.28868     8.26569     8.26915     8.25321     8.25659
  8.28306     8.28315     8.27188     8.29008     8.26691     8.27020     8.25445     8.25667
  8.28540     8.28556     8.27432     8.29114     8.26781     8.27093     8.25533     8.25634
  8.28741     8.28762     8.27650     8.29189     8.26833     8.27130     8.25562     8.25582
  8.28908     8.28944     8.27839     8.29233     8.26853     8.27142     8.25573     8.25500
  8.29047     8.29090     8.27994     8.29249     8.26847     8.27114     8.25549     8.25399
  8.29158     8.29213     8.28123     8.29233     8.26814     8.27065     8.25505     8.25288
  8.29244     8.29300     8.28215     8.29194     8.26755     8.26990     8.25428     8.25160
  8.29299     8.29365     8.28276     8.29129     8.26680     8.26897     8.25355     8.25017
  8.29328     8.29410     8.28305     8.29045     8.26584     8.26787     8.25254     8.24875
  8.29323     8.29412     8.28301     8.28947     8.26477     8.26667     8.25151     8.24725
  8.29303     8.29401     8.28273     8.28836     8.26355     8.26535     8.25037     8.24568
  8.29252     8.29347     8.28215     8.28717     8.26226     8.26397     8.24920     8.24412
  8.29252     8.29347     8.28215     8.28717     8.26226     8.26397     8.24920     8.24412
  8.29191     8.29290     8.28143     8.28589     8.26090     8.26253     8.24780     8.24248
  8.29103     8.29205     8.28048     8.28454     8.25949     8.26107     8.24628     8.24082
  8.29009     8.29115     8.27943     8.28312     8.25808     8.25954     8.24482     8.23909
  8.28893     8.29003     8.27825     8.28169     8.25668     8.25805     8.24321     8.23742
  8.28770     8.28878     8.27695     8.28019     8.25527     8.25652     8.24172     8.23558
  8.28638     8.28751     8.27561     8.27869     8.25390     8.25499     8.24016     8.23380
  8.28504     8.28613     8.27423     8.27711     8.25241     8.25342     8.23868     8.23181
  8.28362     8.28476     8.27274     8.27552     8.25095     8.25184     8.23721     8.22982
  8.28224     8.28331     8.27128     8.27389     8.24934     8.25018     8.23576     8.22769
  8.28079     8.28185     8.26969     8.27216     8.24769     8.24850     8.23420     8.22551
  8.27930     8.28034     8.26810     8.27040     8.24603     8.24669     8.23275     8.22326
  8.27773     8.27884     8.26646     8.26853     8.24430     8.24478     8.23090     8.22083
  8.27622     8.27729     8.26483     8.26652     8.24244     8.24279     8.22915     8.21823
  8.27461     8.27578     8.26307     8.26442     8.24051     8.24063     8.22707     8.21557
  8.27303     8.27414     8.26136     8.26217     8.23841     8.23844     8.22504     8.21259
  8.27137     8.27255     8.25947     8.25981     8.23617     8.23603     8.22273     8.20963
  8.26964     8.27079     8.25764     8.25733     8.23382     8.23352     8.22036     8.20640
  8.26782     8.26888     8.25566     8.25479     8.23132     8.23082     8.21790     8.20311
  8.26597     8.26691     8.25362     8.25216     8.22864     8.22798     8.21526     8.19959
  8.26393     8.26481     8.25147     8.24937     8.22587     8.22499     8.21240     8.19606
  8.26393     8.26481     8.25147     8.24937     8.22587     8.22499     8.21240     8.19606
  8.26188     8.26264     8.24918     8.24650     8.22286     8.22188     8.20949     8.19232
  8.25963     8.26040     8.24676     8.24343     8.21982     8.21863     8.20621     8.18851
  8.25726     8.25806     8.24420     8.24026     8.21659     8.21526     8.20292     8.18462
  8.25485     8.25555     8.24164     8.23692     8.21327     8.21181     8.19962     8.18068
  8.25225     8.25299     8.23888     8.23351     8.20984     8.20822     8.19608     8.17663
  8.24960     8.25029     8.23612     8.22997     8.20627     8.20452     8.19291     8.17256
  8.24677     8.24756     8.23313     8.22638     8.20267     8.20079     8.18923     8.16844
  8.24391     8.24460     8.23003     8.22264     8.19898     8.19697     8.18568     8.16423
  8.24085     8.24162     8.22677     8.21891     8.19524     8.19311     8.18188     8.16062
  8.23777     8.23844     8.22345     8.21510     8.19143     8.18921     8.17816     8.15634
  8.23446     8.23519     8.22007     8.21127     8.18761     8.18528     8.17415     8.15229
  8.23114     8.23189     8.21662     8.20742     8.18375     8.18130     8.17038     8.14803
  8.22767     8.22846     8.21311     8.20353     8.17986     8.17731     8.16640     8.14333
  8.22415     8.22503     8.20931     8.19955     8.17592     8.17328     8.16253     8.13896
  8.22060     8.22139     8.20563     8.19553     8.17197     8.16917     8.15855     8.13454
  8.21692     8.21779     8.20170     8.19147     8.16797     8.16502     8.15460     8.12999
  8.21320     8.21400     8.19788     8.18756     8.16397     8.16082     8.15043     8.12550
  8.20953     8.21016     8.19406     8.18345     8.15993     8.15664     8.14629     8.12095
  8.20567     8.20623     8.19012     8.17954     8.15580     8.15238     8.14204     8.11676
  8.20567     8.20623     8.19012     8.17954     8.15580     8.15238     8.14204     8.11676
  8.20198     8.20225     8.18618     8.17535     8.15156     8.14816     8.13794     8.11227
  8.19799     8.19822     8.18216     8.17116     8.14732     8.14386     8.13370     8.10812
  8.19403     8.19417     8.17813     8.16691     8.14306     8.13955     8.12962     8.10368
  8.18996     8.19008     8.17407     8.16262     8.13881     8.13522     8.12527     8.09939
  8.18587     8.18600     8.16996     8.15836     8.13463     8.13088     8.12119     8.09504
  8.18179     8.18184     8.16581     8.15411     8.13046     8.12661     8.11680     8.09093
  8.17770     8.17769     8.16168     8.14992     8.12631     8.12232     8.11262     8.08689
  8.17363     8.17350     8.15750     8.14579     8.12225     8.11820     8.10929     8.08310
  8.16948     8.16930     8.15332     8.14176     8.11826     8.11414     8.10528     8.07956
  8.16537     8.16511     8.14918     8.13789     8.11444     8.11030     8.10222     8.07628
  8.16120     8.16092     8.14504     8.13410     8.11071     8.10666     8.09841     8.07327
  8.15715     8.15674     8.14086     8.13056     8.10724     8.10324     8.09489     8.07050
  8.15305     8.15262     8.13682     8.12715     8.10399     8.10005     8.09151     8.06793
  8.14914     8.14856     8.13277     8.12390     8.10093     8.09710     8.08851     8.06549
  8.14525     8.14463     8.12890     8.12103     8.09825     8.09435     8.08567     8.06337
  8.14155     8.14078     8.12515     8.11822     8.09578     8.09186     8.08324     8.06120
  8.13786     8.13709     8.12155     8.11579     8.09356     8.08953     8.08088     8.05940
  8.13410     8.13353     8.11817     8.11340     8.09153     8.08747     8.07568     8.05754
  8.13070     8.13008     8.11491     8.11120     8.08967     8.08558     8.07386     8.05592
  8.12721     8.12685     8.11190     8.10913     8.08789     8.08385     8.06905     8.05430
  8.12721     8.12685     8.11190     8.10913     8.08789     8.08385     8.06905     8.05430
  8.12426     8.12375     8.10901     8.10720     8.08633     8.08224     8.06754     8.05265
  8.12142     8.12088     8.10629     8.10537     8.08485     8.08074     8.06611     8.05094
  8.11880     8.11815     8.10374     8.10363     8.08352     8.07922     8.06470     8.04911
  8.11630     8.11563     8.10133     8.10188     8.08208     8.07776     8.06344     8.04715
  8.11394     8.11327     8.09907     8.10015     8.08073     8.07620     8.06207     8.04521
  8.11172     8.11108     8.09702     8.09837     8.07922     8.07459     8.06078     8.04307
  8.10959     8.10903     8.09500     8.09657     8.07765     8.07282     8.05935     8.04090
  8.10726     8.10707     8.09288     8.09469     8.07598     8.07088     8.05783     8.03849
  8.10525     8.10521     8.09103     8.09270     8.07422     8.06879     8.05608     8.03606
  8.10301     8.10339     8.08898     8.09065     8.07224     8.06656     8.05429     8.03345
  8.10101     8.10163     8.08716     8.08847     8.07026     8.06419     8.05221     8.03083
  8.09913     8.09992     8.08538     8.08616     8.06811     8.06179     8.05009     8.02808
  8.09718     8.09813     8.08350     8.08378     8.06581     8.05921     8.04778     8.02535
  8.09532     8.09634     8.08155     8.08123     8.06342     8.05660     8.04533     8.02258
  8.09337     8.09447     8.07951     8.07863     8.06082     8.05385     8.04299     8.01977
  8.09129     8.09250     8.07744     8.07588     8.05816     8.05102     8.04029     8.01701
  8.08916     8.09046     8.07518     8.07311     8.05536     8.04812     8.03758     8.01428
  8.08689     8.08834     8.07278     8.07022     8.05251     8.04516     8.03521     8.01160
  8.08462     8.08605     8.07030     8.06734     8.04963     8.04223     8.03240     8.00899
  8.08222     8.08368     8.06767     8.06448     8.04675     8.03928     8.02989     8.00648
  8.08222     8.08368     8.06767     8.06448     8.04675     8.03928     8.02989     8.00648
  8.07984     8.08114     8.06500     8.06157     8.04384     8.03667     8.02733     8.00405
  8.07720     8.07852     8.06228     8.05877     8.04104     8.03388     8.02453     8.00180
  8.07464     8.07584     8.05949     8.05597     8.03820     8.03145     8.02197     7.99966
  8.07192     8.07307     8.05663     8.05324     8.03553     8.02885     8.01936     7.99782
  8.06926     8.07034     8.05379     8.05061     8.03291     8.02641     8.01690     7.99610
  8.06650     8.06749     8.05094     8.04808     8.03054     8.02409     8.01447     7.99467
  8.06381     8.06470     8.04812     8.04569     8.02823     8.02195     8.01226     7.99349
  8.06101     8.06188     8.04541     8.04344     8.02617     8.02003     8.01014     7.99265
  8.05833     8.05910     8.04269     8.04141     8.02424     8.01834     8.00841     7.99207
  8.05575     8.05638     8.04013     8.03957     8.02254     8.01694     8.00687     7.99189
  8.05329     8.05375     8.03762     8.03793     8.02113     8.01562     8.00579     7.99187
  8.05096     8.05117     8.03528     8.03658     8.02002     8.01480     8.00486     7.99194
  8.04877     8.04872     8.03308     8.03545     8.01921     8.01407     8.00454     7.99257
  8.04667     8.04637     8.03108     8.03465     8.01874     8.01385     8.00414     7.99323
  8.04467     8.04422     8.02931     8.03413     8.01858     8.01394     8.00432     7.99461
  8.04286     8.04227     8.02772     8.03394     8.01872     8.01436     8.00468     7.99627
  8.04120     8.04056     8.02646     8.03405     8.01919     8.01513     8.00539     7.99824
  8.03978     8.03909     8.02543     8.03448     8.02003     8.01619     8.00643     8.00047
  8.03864     8.03785     8.02470     8.03521     8.02116     8.01762     8.00781     8.00297
  8.03864     8.03785     8.02470     8.03521     8.02116     8.01762     8.00781     8.00297
  8.03772     8.03679     8.02421     8.03632     8.02267     8.01931     8.00960     8.00571
  8.03707     8.03604     8.02400     8.03766     8.02451     8.02138     8.01157     8.00871
  8.03668     8.03550     8.02402     8.03934     8.02660     8.02372     8.01406     8.01184
  8.03654     8.03525     8.02433     8.04126     8.02902     8.02621     8.01658     8.01518
  8.03673     8.03535     8.02489     8.04345     8.03166     8.02909     8.01962     8.01861
  8.03714     8.03569     8.02579     8.04588     8.03456     8.03199     8.02258     8.02224
  8.03785     8.03636     8.02695     8.04853     8.03768     8.03518     8.02616     8.02587
  8.03876     8.03735     8.02844     8.05143     8.04101     8.03855     8.02955     8.02963
  8.03993     8.03860     8.03000     8.05444     8.04447     8.04200     8.03338     8.03327
  8.04132     8.04014     8.03198     8.05763     8.04804     8.04562     8.03719     8.03695
  8.04306     8.04197     8.03406     8.06089     8.05169     8.04932     8.04096     8.04051
  8.04495     8.04405     8.03645     8.06424     8.05538     8.05307     8.04486     8.04418
  8.04718     8.04639     8.03907     8.06765     8.05919     8.05688     8.04876     8.04768
  8.04952     8.04894     8.04179     8.07114     8.06294     8.06056     8.05254     8.05134
  8.05210     8.05169     8.04475     8.07462     8.06671     8.06434     8.05649     8.05485
  8.05479     8.05461     8.04778     8.07817     8.07048     8.06796     8.06034     8.05834
  8.05770     8.05774     8.05106     8.08169     8.07418     8.07165     8.06418     8.06184
  8.06067     8.06099     8.05437     8.08523     8.07798     8.07530     8.06786     8.06528
  8.06382     8.06439     8.05790     8.08876     8.08168     8.07895     8.07170     8.06880
  8.06702     8.06784     8.06138     8.09229     8.08542     8.08258     8.07534     8.07241
  8.06702     8.06784     8.06138     8.09229     8.08542     8.08258     8.07534     8.07241
  8.07042     8.07135     8.06503     8.09579     8.08913     8.08627     8.07911     8.07610
  8.07389     8.07492     8.06862     8.09935     8.09279     8.08994     8.08284     8.07996
  8.07745     8.07851     8.07228     8.10300     8.09647     8.09372     8.08669     8.08398
  8.08105     8.08210     8.07597     8.10669     8.10020     8.09754     8.09061     8.08810
  8.08474     8.08576     8.07973     8.11047     8.10397     8.10147     8.09447     8.09238
