  8.24653     8.24724     8.23514     8.24408     8.22878     8.23203     8.22138     8.21174
  8.24653     8.24759     8.23542     8.24478     8.22958     8.23291     8.22187     8.21359
  8.24653     8.24819     8.23588     8.24581     8.23058     8.23399     8.22286     8.21555
  8.24653     8.24853     8.23613     8.24659     8.23139     8.23492     8.22357     8.21728
  8.24653     8.24911     8.23660     8.24768     8.23249     8.23609     8.22456     8.21926
  8.24653     8.25021     8.23683     8.24852     8.23334     8.23705     8.22523     8.22112
  8.24653     8.25048     8.23705     8.24926     8.23414     8.23790     8.22602     8.22268
  8.24653     8.25079     8.23722     8.24994     8.23490     8.23873     8.22662     8.22440
  8.24653     8.25101     8.23740     8.25066     8.23565     8.23959     8.22712     8.22601
  8.24653     8.25123     8.23751     8.25127     8.23639     8.24036     8.22782     8.22765
  8.24653     8.25149     8.23768     8.25191     8.23732     8.24110     8.22852     8.22910
  8.24653     8.25173     8.23784     8.25245     8.23800     8.24186     8.22899     8.23046
  8.24653     8.25197     8.23783     8.25314     8.23877     8.24266     8.22962     8.23198
  8.24653     8.25219     8.23802     8.25375     8.23935     8.24335     8.23022     8.23324
  8.24653     8.25232     8.23810     8.25426     8.23986     8.24389     8.23068     8.23430
  8.24653     8.25259     8.23831     8.25476     8.24041     8.24453     8.23113     8.23546
  8.24653     8.25276     8.23854     8.25528     8.24092     8.24514     8.23157     8.23651
  8.24653     8.25287     8.23864     8.25573     8.24135     8.24562     8.23207     8.23742
  8.24653     8.25291     8.23870     8.25611     8.24178     8.24609     8.23236     8.23816
  8.24653     8.25290     8.23873     8.25642     8.24207     8.24646     8.23245     8.23881
  8.24653     8.25294     8.23877     8.25677     8.24270     8.24678     8.23255     8.23937
  8.24653     8.25299     8.23879     8.25700     8.24297     8.24708     8.23266     8.23982
  8.24653     8.25305     8.23944     8.25732     8.24329     8.24738     8.23279     8.24024
  8.24653     8.25307     8.23946     8.25767     8.24355     8.24765     8.23302     8.24056
  8.24653     8.25317     8.23959     8.25794     8.24386     8.24792     8.23320     8.24083
  8.24653     8.25318     8.23963     8.25807     8.24412     8.24813     8.23334     8.24084
  8.24653     8.25324     8.23970     8.25828     8.24433     8.24840     8.23325     8.24086
  8.24653     8.25323     8.23967     8.25837     8.24442     8.24850     8.23333     8.24076
  8.24653     8.25324     8.23966     8.25842     8.24455     8.24859     8.23331     8.24060
  8.24653     8.25318     8.23963     8.25841     8.24453     8.24859     8.23315     8.24021
  8.24653     8.25317     8.23966     8.25840     8.24445     8.24861     8.23294     8.23978
  8.24653     8.25317     8.23968     8.25838     8.24440     8.24854     8.23298     8.23924
  8.24653     8.25319     8.23932     8.25809     8.24427     8.24845     8.23267     8.23868
  8.24653     8.25312     8.23930     8.25796     8.24400     8.24818     8.23250     8.23775
  8.24653     8.25312     8.23928     8.25779     8.24370     8.24794     8.23201     8.23682
  8.24653     8.25303     8.23920     8.25742     8.24338     8.24752     8.23158     8.23552
  8.24653     8.25293     8.23917     8.25702     8.24295     8.24702     8.23068     8.23419
  8.24653     8.25278     8.23905     8.25660     8.24235     8.24645     8.22989     8.23268
  8.24653     8.25263     8.23893     8.25607     8.24173     8.24579     8.22913     8.23097
  8.24653     8.25254     8.23886     8.25553     8.24103     8.24501     8.22869     8.22917
  8.24653     8.25241     8.23874     8.25480     8.24020     8.24413     8.22791     8.22713
  8.24653     8.25223     8.23861     8.25401     8.23931     8.24313     8.22692     8.22502
  8.24653     8.25207     8.23840     8.25267     8.23824     8.24197     8.22585     8.22267
  8.24653     8.25186     8.23821     8.25170     8.23710     8.24075     8.22468     8.22020
  8.24653     8.25167     8.23801     8.25064     8.23584     8.23941     8.22341     8.21764
  8.24653     8.25144     8.23786     8.24958     8.23457     8.23802     8.22198     8.21515
  8.24653     8.25122     8.23766     8.24845     8.23318     8.23660     8.22071     8.21262
  8.24653     8.25105     8.23746     8.24741     8.23184     8.23508     8.21935     8.21015
  8.24653     8.25083     8.23725     8.24626     8.23036     8.23351     8.21803     8.20765
  8.24653     8.25061     8.23696     8.24507     8.22890     8.23202     8.21646     8.20547
  8.24653     8.25036     8.23663     8.24389     8.22737     8.23046     8.21506     8.20308
  8.24653     8.25010     8.23630     8.24276     8.22597     8.22900     8.21365     8.20090
  8.24653     8.24990     8.23594     8.24171     8.22456     8.22757     8.21224     8.19894
  8.24653     8.24975     8.23560     8.24067     8.22326     8.22619     8.21093     8.19727
  8.24653     8.24954     8.23523     8.23977     8.22215     8.22488     8.20992     8.19572
  8.24653     8.24938     8.23493     8.23898     8.22115     8.22373     8.20869     8.19441
  8.24653     8.24922     8.23471     8.23828     8.22019     8.22273     8.20768     8.19346
  8.24653     8.24911     8.23453     8.23762     8.21932     8.22190     8.20676     8.19267
  8.24653     8.24890     8.23429     8.23707     8.21857     8.22120     8.20607     8.19201
  8.24653     8.24867     8.23400     8.23655     8.21785     8.22055     8.20519     8.19152
  8.24653     8.24842     8.23378     8.23620     8.21741     8.22005     8.20458     8.19095
  8.24653     8.24827     8.23354     8.23583     8.21698     8.21971     8.20422     8.19046
  8.24653     8.24809     8.23328     8.23547     8.21651     8.21928     8.20372     8.18999
  8.24653     8.24799     8.23308     8.23519     8.21618     8.21896     8.20321     8.18952
  8.24653     8.24785     8.23298     8.23490     8.21592     8.21867     8.20287     8.18892
  8.24653     8.24781     8.23295     8.23457     8.21566     8.21830     8.20262     8.18822
  8.24653     8.24773     8.23285     8.23434     8.21541     8.21787     8.20234     8.18730
  8.24653     8.24782     8.23285     8.23406     8.21508     8.21728     8.20197     8.18622
  8.24653     8.24796     8.23283     8.23362     8.21465     8.21674     8.20151     8.18499
  8.24653     8.24807     8.23277     8.23315     8.21403     8.21599     8.20094     8.18344
  8.24653     8.24815     8.23269     8.23250     8.21332     8.21514     8.20019     8.18163
  8.24653     8.24820     8.23255     8.23160     8.21237     8.21395     8.19910     8.17954
  8.24653     8.24829     8.23245     8.23053     8.21123     8.21262     8.19791     8.17739
  8.24653     8.24830     8.23223     8.22932     8.20985     8.21104     8.19649     8.17487
  8.24653     8.24842     8.23206     8.22815     8.20852     8.20948     8.19495     8.17250
  8.24653     8.24855     8.23182     8.22681     8.20696     8.20774     8.19349     8.16994
  8.24653     8.24874     8.23158     8.22543     8.20528     8.20589     8.19207     8.16751
  8.24653     8.24879     8.23118     8.22396     8.20350     8.20394     8.19032     8.16492
  8.24653     8.24886     8.23083     8.22259     8.20179     8.20213     8.18853     8.16279
  8.24653     8.24895     8.23045     8.22124     8.20005     8.20028     8.18692     8.16080
  8.24653     8.24912     8.23015     8.22005     8.19853     8.19870     8.18542     8.15916
  8.24653     8.24917     8.22971     8.21887     8.19705     8.19714     8.18400     8.15784
  8.24653     8.24922     8.22928     8.21778     8.19568     8.19575     8.18255     8.15694
  8.24653     8.24929     8.22891     8.21694     8.19465     8.19468     8.18162     8.15652
  8.24653     8.24925     8.22851     8.21624     8.19378     8.19383     8.18072     8.15643
  8.24653     8.24913     8.22807     8.21574     8.19305     8.19315     8.18004     8.15668
  8.24653     8.24908     8.22770     8.21546     8.19265     8.19292     8.17952     8.15756
  8.24653     8.24904     8.22744     8.21548     8.19254     8.19295     8.17944     8.15883
  8.24653     8.24897     8.22722     8.21575     8.19269     8.19329     8.17949     8.16044
  8.24653     8.24886     8.22703     8.21590     8.19317     8.19398     8.18002     8.16246
  8.24653     8.24877     8.22700     8.21650     8.19388     8.19495     8.18073     8.16498
  8.24653     8.24860     8.22701     8.21733     8.19482     8.19620     8.18196     8.16767
  8.24653     8.24850     8.22706     8.21839     8.19591     8.19766     8.18311     8.17051
  8.24653     8.24843     8.22722     8.21971     8.19735     8.19947     8.18452     8.17378
  8.24653     8.24839     8.22744     8.22112     8.19889     8.20132     8.18628     8.17706
  8.24653     8.24833     8.22781     8.22267     8.20055     8.20338     8.18805     8.18052
  8.24653     8.24840     8.22822     8.22435     8.20237     8.20561     8.18975     8.18395
  8.24653     8.24847     8.22864     8.22610     8.20434     8.20792     8.19159     8.18752
  8.24653     8.24847     8.22905     8.22788     8.20620     8.21011     8.19357     8.19088
  8.24653     8.24848     8.22952     8.23007     8.20818     8.21242     8.19551     8.19431
  8.24653     8.24845     8.22999     8.23178     8.21008     8.21475     8.19734     8.19756
  8.24653     8.24848     8.23048     8.23347     8.21199     8.21697     8.19924     8.20078
  8.24653     8.24849     8.23085     8.23506     8.21375     8.21900     8.20125     8.20370
  8.24653     8.24854     8.23136     8.23678     8.21558     8.22106     8.20303     8.20659
  8.24653     8.24859     8.23180     8.23845     8.21721     8.22297     8.20490     8.20930
  8.24653     8.24862     8.23231     8.23989     8.21889     8.22478     8.20678     8.21186
  8.24653     8.24866     8.23274     8.24130     8.22046     8.22656     8.20835     8.21412
  8.24653     8.24878     8.23319     8.24263     8.22190     8.22829     8.20968     8.21635
  8.24653     8.24883     8.23361     8.24382     8.22323     8.22977     8.21112     8.21834
  8.24653     8.24901     8.23398     8.24496     8.22447     8.23121     8.21239     8.22022
  8.24653     8.24911     8.23435     8.24601     8.22558     8.23250     8.21360     8.22191
  8.24653     8.24919     8.23470     8.24700     8.22664     8.23372     8.21467     8.22340
  8.24653     8.24925     8.23501     8.24787     8.22758     8.23480     8.21559     8.22486
  8.24653     8.24935     8.23532     8.24867     8.22840     8.23577     8.21658     8.22608
  8.24653     8.24937     8.23557     8.24937     8.22918     8.23663     8.21732     8.22716
  8.24653     8.24951     8.23590     8.25001     8.22991     8.23746     8.21793     8.22801
  8.24653     8.24967     8.23623     8.25061     8.23048     8.23818     8.21858     8.22899
  8.24653     8.24977     8.23648     8.25113     8.23104     8.23883     8.21926     8.22973
  8.24653     8.24987     8.23674     8.25166     8.23166     8.23945     8.21979     8.23045
  8.24653     8.25006     8.23700     8.25203     8.23212     8.23998     8.22018     8.23085
  8.24653     8.25019     8.23722     8.25236     8.23249     8.24046     8.22074     8.23129
  8.24653     8.25028     8.23738     8.25262     8.23272     8.24073     8.22134     8.23140
  8.24653     8.25033     8.23760     8.25287     8.23292     8.24102     8.22133     8.23146
  8.24653     8.25038     8.23774     8.25293     8.23301     8.24110     8.22148     8.23141
  8.24653     8.25036     8.23780     8.25304     8.23302     8.24111     8.22171     8.23129
  8.24653     8.25038     8.23793     8.25312     8.23294     8.24101     8.22177     8.23084
  8.24653     8.25051     8.23807     8.25313     8.23294     8.24094     8.22160     8.23067
  8.24653     8.25059     8.23814     8.25301     8.23270     8.24069     8.22153     8.23009
  8.24653     8.25070     8.23826     8.25294     8.23258     8.24046     8.22128     8.22945
  8.24653     8.25079     8.23834     8.25271     8.23233     8.24010     8.22097     8.22870
  8.24653     8.25098     8.23843     8.25240     8.23197     8.23971     8.22064     8.22802
  8.24653     8.25106     8.23836     8.25202     8.23148     8.23915     8.22053     8.22718
  8.24653     8.25117     8.23835     8.25163     8.23094     8.23856     8.21999     8.22625
  8.24653     8.25122     8.23826     8.25112     8.23036     8.23786     8.21923     8.22531
  8.24653     8.25137     8.23824     8.25121     8.22974     8.23713     8.21868     8.22441
  8.24653     8.25136     8.23807     8.25056     8.22900     8.23628     8.21816     8.22351
  8.24653     8.25141     8.23792     8.25001     8.22893     8.23566     8.21748     8.22299
  8.24653     8.25148     8.23773     8.24949     8.22830     8.23497     8.21691     8.22229
  8.24653     8.25157     8.23764     8.24904     8.22762     8.23431     8.21625     8.22173
  8.24653     8.25158     8.23744     8.24858     8.22707     8.23370     8.21577     8.22137
  8.24653     8.25156     8.23726     8.24824     8.22660     8.23329     8.21528     8.22109
  8.24653     8.25147     8.23709     8.24790     8.22618     8.23294     8.21486     8.22103
  8.24653     8.25143     8.23687     8.24761     8.22580     8.23264     8.21457     8.22113
  8.24653     8.25128     8.23660     8.24749     8.22553     8.23255     8.21441     8.22165
  8.24653     8.25116     8.23637     8.24732     8.22541     8.23256     8.21432     8.22217
  8.24653     8.25094     8.23626     8.24733     8.22540     8.23279     8.21440     8.22308
  8.24653     8.25068     8.23608     8.24748     8.22538     8.23318     8.21455     8.22399
  8.24653     8.25052     8.23598     8.24789     8.22582     8.23382     8.21493     8.22531
  8.24653     8.25031     8.23586     8.24834     8.22633     8.23455     8.21542     8.22676
  8.24653     8.25008     8.23593     8.24895     8.22702     8.23550     8.21610     8.22848
  8.24653     8.24992     8.23602     8.24974     8.22781     8.23659     8.21719     8.23023
  8.24653     8.24971     8.23619     8.25063     8.22874     8.23790     8.21818     8.23214
  8.24653     8.24956     8.23630     8.25157     8.22978     8.23933     8.21938     8.23410
  8.24653     8.24936     8.23649     8.25258     8.23096     8.24082     8.22060     8.23615
  8.24653     8.24917     8.23665     8.25368     8.23197     8.24228     8.22192     8.23814
  8.24653     8.24893     8.23688     8.25486     8.23318     8.24388     8.22317     8.24008
  8.24653     8.24887     8.23727     8.25606     8.23455     8.24558     8.22472     8.24206
  8.24653     8.24890     8.23774     8.25742     8.23601     8.24733     8.22599     8.24412
  8.24653     8.24888     8.23818     8.25875     8.23736     8.24897     8.22745     8.24602
  8.24653     8.24893     8.23862     8.26003     8.23878     8.25064     8.22872     8.24786
  8.24653     8.24896     8.23902     8.26129     8.24013     8.25221     8.23006     8.24957
  8.24653     8.24904     8.23945     8.26250     8.24143     8.25373     8.23145     8.25122
  8.24653     8.24907     8.23979     8.26362     8.24258     8.25517     8.23251     8.25262
  8.24653     8.24922     8.24024     8.26466     8.24377     8.25657     8.23357     8.25402
  8.24653     8.24923     8.24057     8.26566     8.24481     8.25776     8.23471     8.25534
  8.24653     8.24924     8.24090     8.26661     8.24572     8.25887     8.23555     8.25637
  8.24653     8.24926     8.24121     8.26746     8.24639     8.25997     8.23639     8.25732
  8.24653     8.24929     8.24153     8.26823     8.24713     8.26092     8.23696     8.25816
  8.24653     8.24931     8.24185     8.26898     8.24784     8.26182     8.23771     8.25907
  8.24653     8.24938     8.24217     8.26968     8.24849     8.26266     8.23845     8.25975
  8.24653     8.24944     8.24253     8.27016     8.24917     8.26355     8.23898     8.26056
  8.24653     8.24940     8.24266     8.27062     8.24966     8.26419     8.23947     8.26102
  8.24653     8.24929     8.24273     8.27110     8.25009     8.26482     8.23999     8.26149
  8.24653     8.24924     8.24276     8.27149     8.25047     8.26541     8.24035     8.26180
  8.24653     8.24893     8.24290     8.27191     8.25155     8.26602     8.24076     8.26216
  8.24653     8.24895     8.24307     8.27231     8.25189     8.26653     8.24139     8.26246
  8.24653     8.24902     8.24320     8.27272     8.25230     8.26708     8.24182     8.26280
  8.24653     8.24910     8.24335     8.27304     8.25271     8.26759     8.24231     8.26311
  8.24653     8.24912     8.24348     8.27329     8.25303     8.26801     8.24248     8.26318
  8.24653     8.24913     8.24363     8.27353     8.25333     8.26838     8.24307     8.26325
  8.24653     8.24923     8.24390     8.27464     8.25368     8.26882     8.24338     8.26329
  8.24653     8.24932     8.24406     8.27479     8.25382     8.26906     8.24343     8.26307
  8.24653     8.24936     8.24413     8.27479     8.25388     8.26919     8.24331     8.26273
  8.24653     8.24939     8.24434     8.27488     8.25389     8.26927     8.24352     8.26244
  8.24653     8.24934     8.24437     8.27485     8.25352     8.26919     8.24342     8.26193
  8.24653     8.24932     8.24439     8.27464     8.25340     8.26907     8.24325     8.26137
  8.24653     8.24949     8.24458     8.27457     8.25334     8.26899     8.24314     8.26093
  8.24653     8.24946     8.24456     8.27438     8.25301     8.26865     8.24287     8.26027
  8.24653     8.24954     8.24470     8.27426     8.25284     8.26848     8.24238     8.25959
  8.24653     8.24958     8.24471     8.27401     8.25261     8.26824     8.24206     8.25890
  8.24653     8.24964     8.24473     8.27378     8.25232     8.26788     8.24195     8.25814
  8.24653     8.24962     8.24472     8.27343     8.25197     8.26749     8.24152     8.25731
  8.24653     8.24964     8.24476     8.27312     8.25165     8.26717     8.24093     8.25643
  8.24653     8.24961     8.24473     8.27279     8.25126     8.26677     8.24049     8.25552
  8.24653     8.24959     8.24470     8.27247     8.25089     8.26633     8.24007     8.25442
  8.24653     8.24959     8.24468     8.27213     8.25053     8.26589     8.23968     8.25327
  8.24653     8.24954     8.24466     8.27169     8.25002     8.26530     8.23917     8.25178
  8.24653     8.24952     8.24468     8.27131     8.24955     8.26466     8.23863     8.25015
  8.24653     8.24948     8.24462     8.27081     8.24900     8.26388     8.23816     8.24829
  8.24653     8.24946     8.24464     8.27024     8.24842     8.26296     8.23728     8.24609
  8.24653     8.24962     8.24476     8.26966     8.24779     8.26202     8.23653     8.24359
  8.24653     8.24968     8.24472     8.26887     8.24692     8.26067     8.23553     8.24060
  8.24653     8.24975     8.24459     8.26791     8.24579     8.25905     8.23420     8.23715
  8.24653     8.24983     8.24448     8.26676     8.24448     8.25718     8.23232     8.23323
  8.24653     8.24992     8.24432     8.26538     8.24288     8.25492     8.23040     8.22889
  8.24653     8.24999     8.24413     8.26381     8.24102     8.25238     8.22840     8.22418
  8.24653     8.25017     8.24382     8.26200     8.23862     8.24941     8.22602     8.21898
  8.24653     8.25041     8.24355     8.25999     8.23628     8.24622     8.22322     8.21331
  8.24653     8.25054     8.24302     8.25763     8.23354     8.24253     8.22021     8.20737
  8.24653     8.25073     8.24241     8.25512     8.23054     8.23841     8.21689     8.20120
  8.24653     8.25101     8.24180     8.25243     8.22733     8.23423     8.21326     8.19483
  8.24653     8.25119     8.24111     8.24943     8.22386     8.22976     8.20927     8.18816
  8.24653     8.25133     8.24023     8.24629     8.22007     8.22502     8.20520     8.18154
  8.24653     8.25147     8.23929     8.24307     8.21615     8.22011     8.20096     8.17485
  8.24653     8.25167     8.23832     8.23975     8.21221     8.21526     8.19666     8.16830
  8.24653     8.25178     8.23728     8.23636     8.20812     8.21039     8.19221     8.16191
  8.24653     8.25183     8.23609     8.23287     8.20428     8.20550     8.18790     8.15588
  8.24653     8.25182     8.23491     8.22949     8.20016     8.20074     8.18359     8.15001
  8.24653     8.25178     8.23370     8.22614     8.19620     8.19620     8.17923     8.14462
  8.24653     8.25174     8.23247     8.22293     8.19239     8.19250     8.17527     8.13960
  8.24653     8.25165     8.23122     8.21999     8.18883     8.18848     8.17159     8.13530
  8.24653     8.25148     8.22997     8.21715     8.18553     8.18487     8.16813     8.13146
  8.24653     8.25123     8.22883     8.21458     8.18252     8.18164     8.16487     8.12815
  8.24653     8.25095     8.22772     8.21228     8.17979     8.17879     8.16220     8.12548
  8.24653     8.25058     8.22668     8.21024     8.17743     8.17645     8.15975     8.12349
  8.24653     8.25025     8.22577     8.20853     8.17547     8.17458     8.15787     8.12206
  8.24653     8.24983     8.22490     8.20714     8.17302     8.17309     8.15626     8.12120
  8.24653     8.24932     8.22423     8.20605     8.17179     8.17204     8.15528     8.12097
  8.24653     8.24886     8.22365     8.20534     8.17094     8.17151     8.15441     8.12138
  8.24653     8.24838     8.22316     8.20476     8.17036     8.17100     8.15399     8.12225
  8.24653     8.24786     8.22283     8.20455     8.17027     8.17125     8.15403     8.12359
  8.24653     8.24735     8.22257     8.20467     8.17043     8.17191     8.15464     8.12546
  8.24653     8.24689     8.22248     8.20509     8.17093     8.17298     8.15527     8.12778
  8.24653     8.24642     8.22249     8.20584     8.17178     8.17438     8.15645     8.13052
  8.24653     8.24604     8.22271     8.20698     8.17306     8.17621     8.15816     8.13375
  8.24653     8.24559     8.22293     8.20817     8.17450     8.17824     8.16000     8.13733
  8.24653     8.24520     8.22330     8.20962     8.17623     8.18063     8.16183     8.14117
  8.24653     8.24540     8.22370     8.21129     8.17820     8.18323     8.16413     8.14528
  8.24653     8.24501     8.22421     8.21315     8.18037     8.18606     8.16680     8.14976
  8.24653     8.24473     8.22480     8.21517     8.18266     8.18907     8.16958     8.15452
  8.24653     8.24451     8.22549     8.21728     8.18524     8.19237     8.17248     8.15926
  8.24653     8.24424     8.22617     8.21953     8.18793     8.19578     8.17583     8.16430
  8.24653     8.24416     8.22700     8.22210     8.19085     8.19941     8.17926     8.16941
  8.24653     8.24403     8.22787     8.22465     8.19384     8.20315     8.18256     8.17449
  8.24653     8.24397     8.22885     8.22740     8.19702     8.20701     8.18604     8.17947
  8.24653     8.24393     8.22984     8.23030     8.20027     8.21089     8.18981     8.18448
  8.24653     8.24385     8.23088     8.23312     8.20337     8.21465     8.19341     8.18918
  8.24653     8.24357     8.23197     8.23602     8.20664     8.21856     8.19676     8.19377
  8.24653     8.24366     8.23303     8.23881     8.20979     8.22226     8.20033     8.19807
  8.24653     8.24378     8.23405     8.24158     8.21284     8.22573     8.20376     8.20195
  8.24653     8.24401     8.23508     8.24482     8.21575     8.22911     8.20706     8.20549
  8.24653     8.24417     8.23602     8.24717     8.21851     8.23221     8.20980     8.20842
  8.24653     8.24437     8.23684     8.24934     8.22093     8.23490     8.21255     8.21079
  8.24653     8.24468     8.23768     8.25137     8.22323     8.23733     8.21490     8.21274
  8.24653     8.24496     8.23853     8.25309     8.22514     8.23936     8.21693     8.21415
  8.24653     8.24529     8.23922     8.25446     8.22667     8.24098     8.21845     8.21489
  8.24653     8.24562     8.23975     8.25555     8.22784     8.24224     8.21971     8.21510
  8.24653     8.24585     8.24024     8.25634     8.22873     8.24305     8.22069     8.21480
  8.24653     8.24608     8.24059     8.25668     8.22918     8.24335     8.22106     8.21390
  8.24653     8.24632     8.24085     8.25680     8.22937     8.24337     8.22095     8.21251
  8.24653     8.24661     8.24102     8.25651     8.22922     8.24296     8.22071     8.21091
  8.24653     8.24675     8.24108     8.25615     8.22874     8.24221     8.21999     8.20883
  8.24653     8.24694     8.24104     8.25546     8.22790     8.24115     8.21885     8.20645
  8.24653     8.24709     8.24089     8.25468     8.22688     8.23981     8.21750     8.20395
  8.24653     8.24714     8.24059     8.25367     8.22561     8.23823     8.21609     8.20131
  8.24653     8.24710     8.24025     8.25249     8.22419     8.23648     8.21433     8.19845
  8.24653     8.24698     8.23978     8.25113     8.22259     8.23471     8.21229     8.19553
  8.24653     8.24690     8.23931     8.24982     8.22096     8.23282     8.21044     8.19272
  8.24653     8.24675     8.23870     8.24840     8.21923     8.23086     8.20857     8.18995
  8.24653     8.24655     8.23819     8.24699     8.21759     8.22893     8.20676     8.18733
  8.24653     8.24633     8.23763     8.24569     8.21603     8.22711     8.20500     8.18478
  8.24653     8.24607     8.23715     8.24447     8.21453     8.22539     8.20378     8.18241
  8.24653     8.24571     8.23657     8.24319     8.21308     8.22369     8.20221     8.18018
  8.24653     8.24542     8.23605     8.24201     8.21174     8.22218     8.20046     8.17805
  8.24653     8.24516     8.23561     8.24106     8.21050     8.22086     8.19909     8.17613
  8.24653     8.24487     8.23513     8.24006     8.20926     8.21948     8.19800     8.17428
  8.24653     8.24469     8.23479     8.23920     8.20823     8.21831     8.19663     8.17259
  8.24653     8.24695     8.23168     8.24044     8.20080     8.21299     8.17727     8.17570
  8.24653     8.24685     8.23142     8.23982     8.19992     8.21204     8.17636     8.17429
  8.24653     8.24671     8.23117     8.23917     8.19904     8.21110     8.17554     8.17300
  8.24653     8.24667     8.23091     8.23851     8.19828     8.21021     8.17444     8.17154
  8.24653     8.24660     8.23062     8.23787     8.19752     8.20923     8.17350     8.17012
  8.24653     8.24652     8.23046     8.23723     8.19677     8.20832     8.17270     8.16869
  8.24653     8.24649     8.23021     8.23651     8.19590     8.20724     8.17168     8.16731
  8.24653     8.24643     8.23003     8.23617     8.19512     8.20619     8.17066     8.16599
  8.24653     8.24632     8.22978     8.23542     8.19409     8.20506     8.16981     8.16463
  8.24653     8.24645     8.22971     8.23462     8.19303     8.20388     8.16886     8.16309
  8.24653     8.24645     8.22946     8.23374     8.19187     8.20268     8.16816     8.16160
  8.24653     8.24639     8.22917     8.23276     8.19072     8.20142     8.16716     8.16002
  8.24653     8.24631     8.22893     8.23175     8.18955     8.20009     8.16586     8.15860
  8.24653     8.24623     8.22861     8.23072     8.18833     8.19868     8.16467     8.15735
  8.24653     8.24609     8.22821     8.22971     8.18710     8.19738     8.16379     8.15619
  8.24653     8.24626     8.22776     8.22869     8.18575     8.19592     8.16231     8.15500
  8.24653     8.24615     8.22743     8.22768     8.18447     8.19462     8.16129     8.15407
  8.24653     8.24607     8.22714     8.22708     8.18328     8.19332     8.16045     8.15356
  8.24653     8.24590     8.22670     8.22617     8.18220     8.19216     8.15934     8.15302
  8.24653     8.24582     8.22643     8.22541     8.18120     8.19123     8.15856     8.15284
  8.24653     8.24586     8.22620     8.22474     8.18036     8.19044     8.15834     8.15333
  8.24653     8.24572     8.22592     8.22403     8.17954     8.18985     8.15805     8.15402
  8.24653     8.24550     8.22563     8.22341     8.17899     8.18947     8.15773     8.15495
  8.24653     8.24534     8.22542     8.22306     8.17868     8.18935     8.15789     8.15640
  8.24653     8.24526     8.22542     8.22290     8.17872     8.18965     8.15848     8.15819
  8.24653     8.24510     8.22542     8.22295     8.17887     8.19007     8.15894     8.16045
  8.24653     8.24502     8.22544     8.22340     8.17941     8.19088     8.15977     8.16308
  8.24653     8.24488     8.22598     8.22413     8.18025     8.19195     8.16151     8.16618
  8.24653     8.24483     8.22624     8.22491     8.18133     8.19331     8.16295     8.16966
  8.24653     8.24462     8.22636     8.22578     8.18284     8.19481     8.16475     8.17342
  8.24653     8.24449     8.22676     8.22707     8.18454     8.19691     8.16688     8.17727
  8.24653     8.24445     8.22716     8.22845     8.18634     8.19909     8.16938     8.18135
  8.24653     8.24441     8.22761     8.22996     8.18828     8.20148     8.17198     8.18554
  8.24653     8.24435     8.22813     8.23170     8.19045     8.20391     8.17483     8.18994
  8.24653     8.24443     8.22874     8.23355     8.19274     8.20657     8.17763     8.19424
  8.24653     8.24444     8.22940     8.23541     8.19507     8.20924     8.18072     8.19857
  8.24653     8.24467     8.23025     8.23736     8.19749     8.21191     8.18334     8.20271
  8.24653     8.24452     8.23069     8.23903     8.19963     8.21419     8.18579     8.20621
  8.24653     8.24481     8.23151     8.24097     8.20200     8.21676     8.18847     8.20977
  8.24653     8.24520     8.23235     8.24273     8.20404     8.21921     8.19109     8.21305
  8.24653     8.24558     8.23320     8.24458     8.20616     8.22155     8.19337     8.21622
  8.24653     8.24598     8.23395     8.24631     8.20819     8.22370     8.19561     8.21880
  8.24653     8.24645     8.23461     8.24776     8.20997     8.22545     8.19777     8.22113
  8.24653     8.24690     8.23513     8.24901     8.21151     8.22704     8.19953     8.22314
  8.24653     8.24717     8.23549     8.25012     8.21273     8.22835     8.20039     8.22463
  8.24653     8.24747     8.23589     8.25105     8.21383     8.22954     8.20148     8.22575
  8.24653     8.24786     8.23633     8.25177     8.21475     8.23042     8.20237     8.22673
  8.24653     8.24887     8.23760     8.25312     8.21622     8.23193     8.20356     8.22825
  8.24653     8.24920     8.23802     8.25374     8.21686     8.23245     8.20411     8.22893
  8.24653     8.24952     8.23821     8.25415     8.21743     8.23288     8.20466     8.22943
  8.24653     8.24977     8.23837     8.25434     8.21770     8.23314     8.20488     8.22988
  8.24653     8.24998     8.23845     8.25447     8.21792     8.23344     8.20480     8.22999
  8.24653     8.25008     8.23845     8.25451     8.21792     8.23345     8.20491     8.22979
  8.24653     8.25014     8.23845     8.25452     8.21811     8.23350     8.20517     8.22983
  8.24653     8.25019     8.23823     8.25454     8.21825     8.23358     8.20532     8.22993
  8.24653     8.25014     8.23807     8.25438     8.21809     8.23344     8.20467     8.22953
  8.24653     8.25013     8.23806     8.25437     8.21805     8.23328     8.20475     8.22942
  8.24653     8.25009     8.23806     8.25413     8.21792     8.23303     8.20469     8.22899
  8.24653     8.25015     8.23814     8.25401     8.21786     8.23281     8.20444     8.22856
  8.24653     8.25023     8.23898     8.25390     8.21784     8.23261     8.20425     8.22811
  8.24653     8.25027     8.23892     8.25412     8.21765     8.23209     8.20427     8.22748
  8.24653     8.25024     8.23885     8.25385     8.21745     8.23174     8.20395     8.22676
  8.24653     8.25006     8.23864     8.25345     8.21703     8.23120     8.20340     8.22577
  8.24653     8.25000     8.23851     8.25310     8.21656     8.23067     8.20275     8.22469
  8.24653     8.24981     8.23837     8.25260     8.21608     8.23005     8.20247     8.22358
  8.24653     8.24968     8.23814     8.25196     8.21546     8.22926     8.20179     8.22241
  8.24653     8.24953     8.23786     8.25128     8.21475     8.22841     8.20097     8.22095
  8.24653     8.24932     8.23764     8.25057     8.21403     8.22746     8.20003     8.21955
  8.24653     8.24917     8.23734     8.24975     8.21326     8.22652     8.19927     8.21812
  8.24653     8.24899     8.23706     8.24898     8.21238     8.22552     8.19844     8.21678
  8.24653     8.24889     8.23681     8.24839     8.21155     8.22499     8.19750     8.21532
  8.24653     8.24878     8.23659     8.24761     8.21076     8.22402     8.19670     8.21398
  8.24653     8.24857     8.23641     8.24689     8.21002     8.22311     8.19598     8.21260
  8.24653     8.24831     8.23615     8.24623     8.20922     8.22218     8.19524     8.21150
  8.24653     8.24811     8.23589     8.24560     8.20849     8.22130     8.19443     8.21022
  8.24653     8.24781     8.23559     8.24491     8.20767     8.22037     8.19366     8.20908
  8.24653     8.24768     8.23540     8.24438     8.20711     8.21975     8.19284     8.20805
  8.24653     8.24758     8.23518     8.24395     8.20652     8.21910     8.19208     8.20714
  8.24653     8.24758     8.23514     8.24360     8.20610     8.21859     8.19139     8.20637
  8.24653     8.24750     8.23504     8.24326     8.20556     8.21811     8.19127     8.20577
  8.24653     8.24736     8.23485     8.24293     8.20504     8.21760     8.19069     8.20510
  8.24653     8.24721     8.23464     8.24253     8.20440     8.21709     8.19021     8.20448
  8.24653     8.24719     8.23458     8.24226     8.20419     8.21672     8.19000     8.20394
  8.24653     8.24711     8.23444     8.24190     8.20379     8.21632     8.18972     8.20336
  8.24653     8.24712     8.23466     8.24163     8.20356     8.21596     8.18927     8.20286
  8.24653     8.24721     8.23470     8.24162     8.20340     8.21578     8.18921     8.20247
  8.24653     8.24721     8.23472     8.24146     8.20322     8.21557     8.18901     8.20203
  8.24653     8.24714     8.23466     8.24119     8.20305     8.21532     8.18892     8.20152
  8.24653     8.24723     8.23470     8.24110     8.20288     8.21511     8.18880     8.20125
  8.24653     8.24722     8.23461     8.24089     8.20254     8.21407     8.18866     8.20072
  8.24653     8.24712     8.23455     8.24064     8.20221     8.21376     8.18843     8.20031
  8.24653     8.24705     8.23452     8.24047     8.20213     8.21356     8.18811     8.20004
  8.24653     8.24687     8.23440     8.24022     8.20186     8.21326     8.18744     8.19977
  8.24653     8.24673     8.23432     8.24003     8.20165     8.21307     8.18709     8.19941
  8.24653     8.24660     8.23433     8.23980     8.20141     8.21288     8.18682     8.19924
  8.24653     8.24639     8.23419     8.23948     8.20116     8.21278     8.18675     8.19916
  8.24653     8.24621     8.23420     8.23932     8.20098     8.21295     8.18668     8.19925
  8.24653     8.24619     8.23424     8.23927     8.20108     8.21301     8.18691     8.19934
  8.24653     8.24619     8.23426     8.23920     8.20106     8.21294     8.18711     8.19960
  8.24653     8.24614     8.23426     8.23921     8.20118     8.21268     8.18707     8.19977
  8.24653     8.24613     8.23415     8.23924     8.20137     8.21268     8.18738     8.19990
  8.24653     8.24606     8.23417     8.23920     8.20148     8.21283     8.18767     8.20016
  8.24653     8.24617     8.23433     8.23942     8.20179     8.21319     8.18810     8.20073
  8.24653     8.24629     8.23449     8.23969     8.20217     8.21356     8.18832     8.20108
  8.24653     8.24636     8.23460     8.23991     8.20252     8.21389     8.18869     8.20140
  8.24653     8.24632     8.23465     8.24060     8.20276     8.21415     8.18899     8.20161
  8.24653     8.24629     8.23464     8.24074     8.20295     8.21436     8.18916     8.20180
  8.24653     8.24635     8.23475     8.24101     8.20335     8.21465     8.18925     8.20199
  8.24653     8.24633     8.23484     8.24116     8.20356     8.21482     8.18979     8.20193
  8.24653     8.24645     8.23485     8.24135     8.20378     8.21507     8.18994     8.20199
  8.24653     8.24642     8.23474     8.24133     8.20393     8.21510     8.18986     8.20204
  8.24653     8.24652     8.23483     8.24143     8.20423     8.21463     8.18989     8.20191
  8.24653     8.24662     8.23488     8.24136     8.20429     8.21465     8.19053     8.20173
  8.24653     8.24671     8.23499     8.24127     8.20438     8.21465     8.19071     8.20175
  8.24653     8.24670     8.23503     8.24121     8.20440     8.21470     8.19012     8.20151
  8.24653     8.24666     8.23508     8.24103     8.20434     8.21453     8.18999     8.20123
  8.24653     8.24653     8.23504     8.24074     8.20424     8.21433     8.19003     8.20069
  8.24653     8.24642     8.23494     8.24056     8.20403     8.21406     8.18992     8.20023
  8.24653     8.24639     8.23494     8.24048     8.20390     8.21381     8.18974     8.19984
  8.24653     8.24625     8.23482     8.24003     8.20360     8.21338     8.18964     8.19933
  8.24653     8.24609     8.23480     8.23980     8.20341     8.21312     8.18957     8.19843
  8.24653     8.24593     8.23474     8.23950     8.20314     8.21277     8.18915     8.19809
  8.24653     8.24587     8.23474     8.23931     8.20301     8.21244     8.18898     8.19761
  8.24653     8.24583     8.23477     8.23900     8.20283     8.21212     8.18911     8.19712
  8.24653     8.24583     8.23450     8.23886     8.20271     8.21193     8.18672     8.19678
  8.24653     8.24581     8.23462     8.23870     8.20254     8.21173     8.18643     8.19641
  8.24653     8.24570     8.23447     8.23880     8.20231     8.21143     8.18600     8.19579
  8.24653     8.24559     8.23449     8.23844     8.20210     8.21109     8.18644     8.19540
  8.24653     8.24557     8.23448     8.23822     8.20193     8.21086     8.18648     8.19510
  8.24653     8.24573     8.23471     8.23809     8.20189     8.21077     8.18676     8.19510
  8.24653     8.24579     8.23484     8.23793     8.20193     8.21061     8.18683     8.19504
  8.24653     8.24598     8.23508     8.23802     8.20216     8.21065     8.18714     8.19515
  8.24653     8.24600     8.23497     8.23794     8.20218     8.21059     8.18685     8.19527
  8.24653     8.24584     8.23501     8.23786     8.20230     8.21060     8.18707     8.19541
  8.24653     8.24592     8.23488     8.23798     8.20255     8.21069     8.18530     8.19558
  8.24653     8.24584     8.23490     8.23807     8.20264     8.21079     8.18575     8.19587
  8.24653     8.24587     8.23505     8.23852     8.20299     8.21111     8.18611     8.19637
  8.24653     8.24604     8.23525     8.23874     8.20338     8.21153     8.18667     8.19697
  8.24653     8.24613     8.23537     8.23911     8.20364     8.21184     8.18728     8.19776
  8.24653     8.24625     8.23547     8.23944     8.20409     8.21225     8.18793     8.19858
  8.24653     8.24652     8.23572     8.23989     8.20471     8.21288     8.18836     8.19970
  8.24653     8.24675     8.23590     8.24040     8.20541     8.21355     8.18925     8.20081
  8.24653     8.24689     8.23603     8.24083     8.20609     8.21421     8.19002     8.20193
  8.24653     8.24704     8.23611     8.24141     8.20692     8.21501     8.19084     8.20336
  8.24653     8.24726     8.23636     8.24216     8.20772     8.21587     8.19084     8.20490
  8.24653     8.24731     8.23640     8.24258     8.20838     8.21663     8.19171     8.20618
  8.24653     8.24730     8.23631     8.24305     8.20906     8.21734     8.19274     8.20766
  8.24653     8.24729     8.23632     8.24360     8.21000     8.21829     8.19378     8.20929
  8.24653     8.24728     8.23631     8.24416     8.21090     8.21922     8.19479     8.21078
  8.24653     8.24741     8.23643     8.24486     8.21187     8.22031     8.19614     8.21245
  8.24653     8.24739     8.23641     8.24558     8.21284     8.22127     8.19723     8.21405
  8.24653     8.24757     8.23661     8.24639     8.21400     8.22247     8.19852     8.21584
  8.24653     8.24755     8.23667     8.24693     8.21493     8.22345     8.19978     8.21756
  8.24653     8.24730     8.23643     8.24740     8.21573     8.22429     8.20074     8.21897
  8.24653     8.24729     8.23645     8.24826     8.21689     8.22534     8.20221     8.22064
  8.24653     8.24723     8.23644     8.24912     8.21802     8.22644     8.20334     8.22234
  8.24653     8.24719     8.23651     8.24985     8.21904     8.22742     8.20464     8.22372
  8.24653     8.24730     8.23649     8.25058     8.22003     8.22848     8.20586     8.22500
  8.24653     8.24729     8.23646     8.25137     8.22102     8.22943     8.20708     8.22643
  8.24653     8.24718     8.23635     8.25197     8.22191     8.23017     8.20788     8.22757
  8.24653     8.24713     8.23639     8.25263     8.22276     8.23098     8.20908     8.22823
  8.24653     8.24700     8.23631     8.25317     8.22361     8.23162     8.21009     8.22897
  8.24653     8.24708     8.23651     8.25385     8.22463     8.23239     8.21096     8.22948
  8.24653     8.24676     8.23626     8.25404     8.22490     8.23262     8.21116     8.22945
  8.24653     8.24678     8.23616     8.25439     8.22537     8.23298     8.21202     8.22944
  8.24653     8.24679     8.23608     8.25461     8.22580     8.23318     8.21216     8.22939
  8.24653     8.24687     8.23610     8.25482     8.22615     8.23338     8.21232     8.22899
  8.24653     8.24698     8.23613     8.25494     8.22632     8.23340     8.21254     8.22839
  8.24653     8.24705     8.23629     8.25498     8.22633     8.23336     8.21278     8.22752
  8.24653     8.24723     8.23641     8.25488     8.22627     8.23316     8.21250     8.22667
  8.24653     8.24721     8.23635     8.25449     8.22596     8.23268     8.21193     8.22524
  8.24653     8.24697     8.23613     8.25382     8.22527     8.23179     8.21154     8.22379
  8.24653     8.24701     8.23610     8.25333     8.22479     8.23120     8.21089     8.22235
  8.24653     8.24680     8.23595     8.25256     8.22401     8.23025     8.20990     8.22084
  8.24653     8.24674     8.23592     8.25191     8.22334     8.22944     8.20946     8.21955
  8.24653     8.24672     8.23579     8.25111     8.22248     8.22857     8.20883     8.21824
  8.24653     8.24668     8.23576     8.25041     8.22172     8.22779     8.20773     8.21700
  8.24653     8.24646     8.23551     8.24961     8.22089     8.22681     8.20733     8.21592
  8.24653     8.24634     8.23536     8.24890     8.22021     8.22600     8.20655     8.21500
  8.24653     8.24615     8.23521     8.24820     8.21945     8.22525     8.20575     8.21412
  8.24653     8.24598     8.23504     8.24765     8.21903     8.22473     8.20509     8.21389
  8.24653     8.24575     8.23489     8.24717     8.21864     8.22416     8.20502     8.21365
  8.24653     8.24556     8.23466     8.24697     8.21847     8.22392     8.20484     8.21364
  8.24653     8.24544     8.23460     8.24698     8.21848     8.22394     8.20504     8.21424
  8.24653     8.24537     8.23454     8.24715     8.21880     8.22419     8.20510     8.21529
  8.24653     8.24527     8.23437     8.24727     8.21914     8.22447     8.20548     8.21608
  8.24653     8.24515     8.23427     8.24771     8.21969     8.22501     8.20606     8.21731
  8.24653     8.24529     8.23431     8.24838     8.22065     8.22596     8.20713     8.21896
  8.24653     8.24532     8.23428     8.24909     8.22165     8.22694     8.20778     8.22065
  8.24653     8.24539     8.23425     8.24992     8.22295     8.22810     8.20908     8.22227
  8.24653     8.24541     8.23420     8.25078     8.22418     8.22930     8.21050     8.22418
  8.24653     8.24549     8.23419     8.25175     8.22542     8.23023     8.21148     8.22600
  8.24653     8.24552     8.23416     8.25275     8.22672     8.23153     8.21292     8.22785
  8.24653     8.24559     8.23406     8.25383     8.22807     8.23291     8.21491     8.22958
  8.24653     8.24580     8.23413     8.25494     8.22952     8.23434     8.21629     8.23132
  8.24653     8.24576     8.23417     8.25595     8.23092     8.23572     8.21715     8.23283
  8.24653     8.24569     8.23410     8.25674     8.23206     8.23676     8.21841     8.23404
  8.24653     8.24571     8.23409     8.25748     8.23319     8.23784     8.21983     8.23483
  8.24653     8.24586     8.23421     8.25820     8.23419     8.23882     8.22067     8.23554
  8.24653     8.24575     8.23416     8.25864     8.23491     8.23956     8.22125     8.23591
  8.24653     8.24568     8.23419     8.25885     8.23542     8.24008     8.22212     8.23598
  8.24653     8.24568     8.23426     8.25908     8.23587     8.24052     8.22263     8.23578
  8.24653     8.24571     8.23429     8.25911     8.23603     8.24060     8.22285     8.23518
  8.24653     8.24579     8.23439     8.25899     8.23606     8.24051     8.22290     8.23429
  8.24653     8.24576     8.23447     8.25864     8.23588     8.24020     8.22298     8.23297
  8.24653     8.24643     8.23455     8.25805     8.23541     8.23958     8.22261     8.23139
  8.24653     8.24643     8.23473     8.25737     8.23475     8.23871     8.22193     8.22955
  8.24653     8.24648     8.23498     8.25671     8.23402     8.23784     8.22113     8.22757
  8.24653     8.24657     8.23519     8.25586     8.23306     8.23675     8.22058     8.22522
  8.24653     8.24662     8.23530     8.25483     8.23195     8.23538     8.21965     8.22289
  8.24653     8.24668     8.23540     8.25352     8.23053     8.23372     8.21813     8.22025
  8.24653     8.24663     8.23548     8.25221     8.22897     8.23207     8.21643     8.21761
  8.24653     8.24671     8.23560     8.25097     8.22751     8.23053     8.21506     8.21497
  8.24653     8.24686     8.23587     8.24978     8.22614     8.22894     8.21336     8.21257
  8.24653     8.24706     8.23617     8.24854     8.22466     8.22738     8.21163     8.21029
  8.24653     8.24706     8.23624     8.24730     8.22316     8.22567     8.21011     8.20791
  8.24653     8.24709     8.23629     8.24600     8.22179     8.22405     8.20876     8.20579
  8.24653     8.24712     8.23635     8.24479     8.22041     8.22256     8.20704     8.20392
  8.24653     8.24729     8.23641     8.24368     8.21918     8.22123     8.20586     8.20211
  8.24653     8.24754     8.23634     8.24262     8.21807     8.21994     8.20496     8.20056
  8.24653     8.24754     8.23632     8.24190     8.21727     8.21901     8.20424     8.19951
  8.24653     8.24746     8.23623     8.24114     8.21635     8.21805     8.20323     8.19831
  8.24653     8.24743     8.23611     8.24052     8.21560     8.21727     8.20265     8.19730
  8.24653     8.24756     8.23599     8.23994     8.21503     8.21655     8.20209     8.19644
  8.24653     8.24766     8.23596     8.23964     8.21473     8.21619     8.20138     8.19589
  8.24653     8.24760     8.23587     8.23923     8.21433     8.21571     8.20091     8.19516
  8.24653     8.24756     8.23584     8.23901     8.21415     8.21540     8.20068     8.19468
  8.24653     8.24759     8.23579     8.23885     8.21417     8.21527     8.20064     8.19417
  8.24653     8.24773     8.23578     8.23874     8.21426     8.21516     8.20037     8.19372
  8.24653     8.24764     8.23575     8.23841     8.21394     8.21483     8.20013     8.19293
  8.24653     8.24759     8.23560     8.23819     8.21377     8.21462     8.20028     8.19222
  8.24653     8.24757     8.23549     8.23803     8.21362     8.21439     8.20039     8.19153
  8.24653     8.24758     8.23536     8.23769     8.21338     8.21413     8.20000     8.19074
  8.24653     8.24757     8.23525     8.23730     8.21314     8.21371     8.19994     8.18988
  8.24653     8.24769     8.23525     8.23703     8.21305     8.21327     8.19973     8.18892
  8.24653     8.24762     8.23510     8.23643     8.21259     8.21273     8.19932     8.18761
  8.24653     8.24769     8.23480     8.23570     8.21203     8.21205     8.19856     8.18643
  8.24653     8.24767     8.23469     8.23496     8.21146     8.21137     8.19808     8.18497
  8.24653     8.24771     8.23451     8.23429     8.21083     8.21054     8.19751     8.18351
  8.24653     8.24770     8.23443     8.23355     8.21017     8.20964     8.19670     8.18198
  8.24653     8.24745     8.23428     8.23276     8.20941     8.20871     8.19597     8.18046
  8.24653     8.24725     8.23400     8.23196     8.20841     8.20761     8.19519     8.17865
  8.24653     8.24736     8.23391     8.23125     8.20770     8.20662     8.19425     8.17713
  8.24653     8.24733     8.23372     8.23040     8.20677     8.20559     8.19327     8.17555
  8.24653     8.24725     8.23345     8.22947     8.20588     8.20457     8.19215     8.17391
  8.24653     8.24733     8.23325     8.22869     8.20505     8.20357     8.19123     8.17242
  8.24653     8.24722     8.23323     8.22779     8.20412     8.20251     8.19058     8.17095
  8.24653     8.24719     8.23309     8.22690     8.20323     8.20148     8.18957     8.16951
  8.24653     8.24724     8.23289     8.22604     8.20233     8.20044     8.18916     8.16810
  8.24653     8.24744     8.23270     8.22538     8.20163     8.19964     8.18842     8.16689
  8.24653     8.24722     8.23242     8.22447     8.20085     8.19872     8.18740     8.16555
  8.24653     8.24716     8.23219     8.22377     8.20013     8.19789     8.18661     8.16559
  8.24653     8.24719     8.23199     8.22320     8.19945     8.19712     8.18632     8.16448
  8.24653     8.24735     8.23203     8.22283     8.19909     8.19666     8.18564     8.16287
  8.24653     8.24738     8.23199     8.22232     8.19866     8.19609     8.18500     8.16204
  8.24653     8.24727     8.23182     8.22182     8.19813     8.19545     8.18458     8.16111
  8.24653     8.24743     8.23129     8.22140     8.19767     8.19494     8.18447     8.16017
  8.24653     8.24737     8.23121     8.22093     8.19738     8.19443     8.18399     8.15929
  8.24653     8.24736     8.23122     8.22057     8.19714     8.19394     8.18351     8.15840
  8.24653     8.24730     8.23108     8.22064     8.19682     8.19346     8.18302     8.15767
  8.24653     8.24695     8.23074     8.22009     8.19627     8.19285     8.18248     8.15668
  8.24653     8.24689     8.23072     8.21989     8.19598     8.19249     8.18213     8.15668
  8.24653     8.24663     8.23055     8.21942     8.19538     8.19197     8.18178     8.15597
  8.24653     8.24662     8.23050     8.21920     8.19514     8.19166     8.18158     8.15556
  8.24653     8.24671     8.23053     8.21907     8.19509     8.19144     8.18165     8.15524
  8.24653     8.24670     8.23059     8.21882     8.19493     8.19118     8.18121     8.15511
  8.24653     8.24660     8.23046     8.21855     8.19472     8.19082     8.18107     8.15480
  8.24653     8.24649     8.23029     8.21845     8.19466     8.19065     8.18084     8.15480
  8.24653     8.24643     8.23027     8.21847     8.19469     8.19053     8.18070     8.15511
  8.24653     8.24633     8.23023     8.21845     8.19473     8.19056     8.18239     8.15559
  8.24653     8.24628     8.23016     8.21863     8.19498     8.19080     8.18275     8.15640
  8.24653     8.24622     8.23013     8.21912     8.19546     8.19128     8.18312     8.15754
  8.24653     8.24621     8.23024     8.21966     8.19606     8.19202     8.18343     8.15894
  8.24653     8.24602     8.23000     8.22019     8.19670     8.19279     8.18407     8.16033
  8.24653     8.24596     8.22997     8.22100     8.19776     8.19383     8.18512     8.16193
  8.24653     8.24586     8.22994     8.22178     8.19879     8.19495     8.18629     8.16344
  8.24653     8.24584     8.22997     8.22301     8.20013     8.19617     8.18729     8.16534
  8.24653     8.24565     8.22990     8.22403     8.20155     8.19744     8.18866     8.16687
  8.24653     8.24566     8.23004     8.22532     8.20316     8.19895     8.19031     8.16870
  8.24653     8.24627     8.23085     8.22706     8.20519     8.20106     8.18594     8.17094
  8.24653     8.24613     8.23098     8.22816     8.20666     8.20258     8.18744     8.17267
  8.24653     8.24608     8.23114     8.22932     8.20807     8.20400     8.18909     8.17415
  8.24653     8.24590     8.23112     8.23028     8.20940     8.20518     8.19047     8.17503
  8.24653     8.24588     8.23120     8.23115     8.21072     8.20643     8.19165     8.17578
