  8.23637     8.23879     8.21710     8.20556     8.18276     8.18337     8.16965     8.15059
  8.22906     8.23139     8.20968     8.19871     8.17592     8.17675     8.16278     8.14542
  8.22208     8.22427     8.20262     8.19225     8.16969     8.17079     8.15673     8.14085
  8.21474     8.21684     8.19531     8.18575     8.16328     8.16469     8.15037     8.13625
  8.20769     8.20967     8.18836     8.17982     8.15748     8.15922     8.14471     8.13224
  8.20072     8.20263     8.18155     8.17409     8.15186     8.15394     8.13922     8.12838
  8.19364     8.19548     8.17475     8.16846     8.14636     8.14881     8.13378     8.12470
  8.18767     8.18952     8.16910     8.16403     8.14210     8.14491     8.12957     8.12211
  8.18111     8.18297     8.16296     8.15915     8.13738     8.14056     8.12485     8.11910
  8.17540     8.17730     8.15766     8.15516     8.13352     8.13707     8.12101     8.11679
  8.16905     8.17097     8.15176     8.15077     8.12916     8.13303     8.11657     8.11396
  8.16361     8.16553     8.14678     8.14708     8.12561     8.12986     8.11305     8.11182
  8.15846     8.16039     8.14210     8.14386     8.12239     8.12696     8.10983     8.10999
  8.15398     8.15591     8.13806     8.14102     8.11976     8.12466     8.10729     8.10861
  8.14904     8.15099     8.13361     8.13777     8.11667     8.12185     8.10418     8.10671
  8.14514     8.14714     8.13013     8.13549     8.11448     8.11992     8.10223     8.10562
  8.14085     8.14288     8.12635     8.13277     8.11193     8.11755     8.09976     8.10403
  8.13731     8.13938     8.12324     8.13075     8.10999     8.11583     8.09793     8.10295
  8.13483     8.13696     8.12123     8.12962     8.10904     8.11509     8.09703     8.10283
  8.13402     8.13615     8.12042     8.12881     8.10823     8.11428     8.09623     8.10202
  8.13250     8.13468     8.11932     8.12859     8.10816     8.11438     8.09621     8.10261
  8.13078     8.13310     8.11801     8.12808     8.10776     8.11422     8.09577     8.10292
  8.12976     8.13216     8.11739     8.12817     8.10795     8.11459     8.09608     8.10374
  8.12916     8.13169     8.11715     8.12862     8.10848     8.11530     8.09662     8.10479
  8.12856     8.13116     8.11688     8.12895     8.10889     8.11586     8.09707     8.10574
  8.12881     8.13151     8.11745     8.13010     8.11007     8.11719     8.09835     8.10734
  8.12821     8.13094     8.11714     8.13027     8.11032     8.11755     8.09857     8.10798
  8.12842     8.13128     8.11766     8.13118     8.11128     8.11864     8.09956     8.10921
  8.12831     8.13125     8.11784     8.13172     8.11185     8.11931     8.10014     8.11012
  8.12848     8.13155     8.11830     8.13247     8.11266     8.12023     8.10095     8.11108
  8.12959     8.13278     8.11968     8.13412     8.11434     8.12199     8.10262     8.11301
  8.13001     8.13334     8.12036     8.13499     8.11527     8.12299     8.10357     8.11400
  8.13125     8.13470     8.12184     8.13665     8.11700     8.12477     8.10535     8.11581
  8.13140     8.13498     8.12219     8.13712     8.11749     8.12531     8.10600     8.11622
  8.13153     8.13521     8.12255     8.13753     8.11790     8.12582     8.10639     8.11659
  8.13071     8.13446     8.12187     8.13687     8.11723     8.12518     8.10595     8.11580
  8.13009     8.13386     8.12139     8.13643     8.11673     8.12470     8.10544     8.11515
  8.12854     8.13234     8.11998     8.13495     8.11518     8.12315     8.10400     8.11336
  8.12733     8.13119     8.11886     8.13379     8.11398     8.12190     8.10281     8.11201
  8.12616     8.13006     8.11780     8.13260     8.11265     8.12057     8.10164     8.11033
  8.12406     8.12796     8.11570     8.13050     8.11055     8.11847     8.09954     8.10823
  8.12346     8.12747     8.11522     8.12987     8.10989     8.11772     8.09875     8.10723
  8.12283     8.12693     8.11467     8.12907     8.10903     8.11679     8.09794     8.10596
  8.12212     8.12637     8.11405     8.12817     8.10808     8.11578     8.09694     8.10460
  8.12207     8.12640     8.11402     8.12782     8.10767     8.11528     8.09668     8.10376
  8.12204     8.12652     8.11402     8.12744     8.10720     8.11477     8.09623     8.10294
  8.12296     8.12751     8.11487     8.12794     8.10759     8.11506     8.09673     8.10299
  8.12381     8.12848     8.11569     8.12863     8.10787     8.11525     8.09702     8.10292
  8.12536     8.13004     8.11710     8.12960     8.10875     8.11603     8.09793     8.10356
  8.12717     8.13196     8.11885     8.13119     8.11022     8.11719     8.09913     8.10467
  8.12935     8.13416     8.12083     8.13278     8.11172     8.11859     8.10076     8.10605
  8.13259     8.13748     8.12396     8.13555     8.11458     8.12121     8.10333     8.10875
  8.13567     8.14060     8.12685     8.13813     8.11708     8.12363     8.10589     8.11130
  8.13912     8.14409     8.13015     8.14120     8.11996     8.12656     8.10876     8.11432
  8.14260     8.14753     8.13346     8.14429     8.12295     8.12956     8.11178     8.11759
  8.14608     8.15098     8.13672     8.14745     8.12599     8.13268     8.11486     8.12096
  8.15006     8.15485     8.14050     8.15122     8.12964     8.13645     8.11854     8.12517
  8.15311     8.15782     8.14332     8.15403     8.13242     8.13933     8.12138     8.12852
  8.15596     8.16047     8.14596     8.15682     8.13513     8.14224     8.12419     8.13206
  8.15854     8.16288     8.14835     8.15940     8.13762     8.14501     8.12679     8.13535
  8.16051     8.16468     8.15022     8.16159     8.13982     8.14742     8.12899     8.13841
  8.16239     8.16655     8.15209     8.16347     8.14169     8.14929     8.13086     8.14028
  8.16410     8.16803     8.15365     8.16546     8.14364     8.15157     8.13287     8.14316
  8.16506     8.16880     8.15459     8.16693     8.14516     8.15331     8.13435     8.14562
  8.16611     8.16967     8.15563     8.16860     8.14684     8.15526     8.13618     8.14825
  8.16640     8.16973     8.15603     8.16963     8.14794     8.15667     8.13729     8.15034
  8.16745     8.17063     8.15718     8.17154     8.14988     8.15896     8.13948     8.15323
  8.16685     8.16982     8.15675     8.17188     8.15033     8.15976     8.13998     8.15458
  8.16762     8.17043     8.15767     8.17366     8.15212     8.16195     8.14199     8.15731
  8.16712     8.16972     8.15737     8.17424     8.15280     8.16298     8.14273     8.15879
  8.16816     8.17062     8.15869     8.17642     8.15501     8.16559     8.14517     8.16178
  8.16814     8.17050     8.15901     8.17766     8.15632     8.16722     8.14640     8.16375
  8.16962     8.17194     8.16090     8.18039     8.15914     8.17036     8.14937     8.16715
  8.17022     8.17258     8.16194     8.18230     8.16117     8.17265     8.15123     8.16968
  8.17166     8.17403     8.16380     8.18504     8.16395     8.17570     8.15405     8.17292
  8.17331     8.17575     8.16589     8.18792     8.16694     8.17892     8.15702     8.17629
  8.17564     8.17811     8.16858     8.19144     8.17052     8.18275     8.16053     8.18017
  8.17791     8.18049     8.17129     8.19482     8.17402     8.18646     8.16401     8.18395
  8.18095     8.18354     8.17465     8.19891     8.17813     8.19080     8.16813     8.18833
  8.18318     8.18586     8.17728     8.20215     8.18142     8.19430     8.17131     8.19178
  8.18544     8.18813     8.17984     8.20532     8.18452     8.19768     8.17453     8.19516
  8.18421     8.18690     8.17862     8.20409     8.18329     8.19645     8.17331     8.19394
  8.18557     8.18829     8.18031     8.20631     8.18547     8.19884     8.17538     8.19624
  8.18804     8.19078     8.18307     8.20957     8.18861     8.20230     8.17863     8.19962
  8.18869     8.19148     8.18404     8.21095     8.18995     8.20384     8.17993     8.20103
  8.19021     8.19303     8.18589     8.21307     8.19216     8.20625     8.18208     8.20339
  8.19063     8.19346     8.18653     8.21409     8.19316     8.20741     8.18311     8.20439
  8.19101     8.19383     8.18713     8.21494     8.19408     8.20854     8.18401     8.20541
  8.19118     8.19396     8.18738     8.21555     8.19469     8.20934     8.18461     8.20597
  8.19065     8.19322     8.18697     8.21546     8.19491     8.20941     8.18454     8.20585
  8.18927     8.19182     8.18568     8.21447     8.19389     8.20858     8.18366     8.20476
  8.18739     8.18981     8.18394     8.21299     8.19275     8.20726     8.18218     8.20322
  8.18497     8.18744     8.18167     8.21092     8.19069     8.20534     8.18032     8.20110
  8.18175     8.18427     8.17859     8.20802     8.18785     8.20261     8.17740     8.19808
  8.17977     8.18233     8.17676     8.20631     8.18620     8.20105     8.17595     8.19629
  8.17623     8.17885     8.17341     8.20344     8.18300     8.19794     8.17266     8.19280
  8.17348     8.17616     8.17082     8.20087     8.18047     8.19548     8.17022     8.18997
  8.17184     8.17459     8.16936     8.19978     8.17903     8.19412     8.16870     8.18818
  8.16925     8.17205     8.16694     8.19729     8.17651     8.19168     8.16622     8.18532
  8.16856     8.17136     8.16631     8.19658     8.17566     8.19101     8.16544     8.18421
  8.16612     8.16893     8.16399     8.19408     8.17318     8.18855     8.16301     8.18135
  8.16547     8.16833     8.16345     8.19337     8.17230     8.18781     8.16226     8.18023
  8.15745     8.16030     8.15543     8.18532     8.16427     8.17977     8.15424     8.17219
  8.15733     8.16016     8.15530     8.18500     8.16394     8.17941     8.15389     8.17146
  8.15580     8.15875     8.15394     8.18338     8.16229     8.17776     8.15207     8.16938
  8.15616     8.15911     8.15429     8.18352     8.16237     8.17784     8.15213     8.16907
  8.15477     8.15779     8.15297     8.18195     8.16075     8.17617     8.15044     8.16696
  8.15431     8.15735     8.15252     8.18120     8.16001     8.17542     8.14964     8.16577
  8.15215     8.15524     8.15038     8.17877     8.15754     8.17291     8.14713     8.16279
  8.15013     8.15316     8.14834     8.17639     8.15515     8.17048     8.14466     8.15989
  8.14706     8.15011     8.14528     8.17300     8.15174     8.16703     8.14110     8.15584
  8.14417     8.14720     8.14237     8.16978     8.14848     8.16373     8.13781     8.15193
  8.14163     8.14463     8.13981     8.16685     8.14551     8.16066     8.13481     8.14812
  8.13690     8.13988     8.13509     8.16177     8.14036     8.15539     8.12963     8.14202
  8.13360     8.13655     8.13174     8.15799     8.13655     8.15142     8.12585     8.13706
  8.12825     8.13116     8.12640     8.15214     8.13067     8.14527     8.11979     8.12982
  8.12376     8.12673     8.12194     8.14710     8.12559     8.13993     8.11470     8.12318
  8.11838     8.12136     8.11655     8.14104     8.11949     8.13342     8.10841     8.11524
  8.11342     8.11652     8.11159     8.13530     8.11367     8.12719     8.10243     8.10736
  8.10771     8.11088     8.10581     8.12863     8.10690     8.11990     8.09533     8.09826
  8.10254     8.10579     8.10049     8.12229     8.10038     8.11281     8.08855     8.08926
  8.09757     8.10091     8.09540     8.11599     8.09387     8.10568     8.08170     8.08008
  8.08869     8.09202     8.08651     8.10709     8.08499     8.09679     8.07283     8.07121
  8.08492     8.08837     8.08250     8.10174     8.07925     8.09044     8.06695     8.06277
  8.08063     8.08422     8.07799     8.09569     8.07291     8.08334     8.06032     8.05339
  8.07791     8.08165     8.07485     8.09091     8.06767     8.07735     8.05496     8.04522
  8.07466     8.07861     8.07117     8.08544     8.06181     8.07053     8.04872     8.03619
  8.07329     8.07745     8.06926     8.08161     8.05754     8.06531     8.04413     8.02881
  8.07247     8.07680     8.06780     8.07810     8.05355     8.06029     8.03973     8.02171
  8.07154     8.07608     8.06615     8.07431     8.04919     8.05499     8.03504     8.01443
  8.07222     8.07691     8.06602     8.07195     8.04625     8.05108     8.03168     8.00857
  8.07239     8.07726     8.06528     8.06896     8.04264     8.04655     8.02776     8.00230
  8.07337     8.07836     8.06530     8.06670     8.03970     8.04275     8.02447     7.99686
  8.07496     8.08007     8.06583     8.06495     8.03747     8.03957     8.02184     7.99227
  8.07724     8.08239     8.06701     8.06391     8.03571     8.03711     8.01980     7.98853
  8.07856     8.08373     8.06716     8.06188     8.03321     8.03382     8.01687     7.98424
  8.08007     8.08522     8.06749     8.06017     8.03083     8.03118     8.01433     7.98040
  8.08123     8.08630     8.06744     8.05823     8.02829     8.02812     8.01153     7.97679
  8.08127     8.08626     8.06628     8.05533     8.02486     8.02459     8.00794     7.97250
  8.08255     8.08735     8.06637     8.05388     8.02290     8.02230     8.00581     7.97002
  8.08382     8.08842     8.06649     8.05264     8.02122     8.02040     8.00406     7.96809
  8.08348     8.08775     8.06507     8.05002     8.01823     8.01733     8.00092     7.96515
  8.08475     8.08874     8.06535     8.04932     8.01720     8.01627     7.99994     7.96440
  8.08942     8.09341     8.07001     8.05397     8.02183     8.02090     8.00456     7.96900
  8.09010     8.09370     8.06976     8.05298     8.02015     8.01971     8.00326     7.96827
  8.09059     8.09378     8.06946     8.05209     8.01907     8.01874     8.00232     7.96795
  8.10065     8.10342     8.07880     8.06106     8.02743     8.02773     8.01107     7.97763
  8.10375     8.10602     8.08130     8.06333     8.02960     8.03002     8.01343     7.98099
  8.10802     8.10982     8.08512     8.06712     8.03336     8.03412     8.01725     7.98605
  8.11445     8.11576     8.09116     8.07331     8.03954     8.04057     8.02370     7.99373
  8.11953     8.12036     8.09601     8.07845     8.04476     8.04626     8.02906     8.00054
  8.12603     8.12637     8.10238     8.08535     8.05170     8.05370     8.03636     8.00921
  8.13456     8.13450     8.11094     8.09461     8.06105     8.06360     8.04597     8.02036
  8.14106     8.14054     8.11754     8.10204     8.06860     8.07173     8.05387     8.02988
  8.14989     8.14899     8.12664     8.11210     8.07885     8.08258     8.06437     8.04208
  8.15828     8.15726     8.13532     8.12188     8.08885     8.09319     8.07471     8.05418
  8.16623     8.16482     8.14369     8.13143     8.09866     8.10367     8.08482     8.06614
  8.17540     8.17394     8.15331     8.14239     8.10987     8.11554     8.09641     8.07961
  8.18413     8.18238     8.16262     8.15304     8.12088     8.12726     8.10782     8.09281
  8.19413     8.19209     8.17321     8.16513     8.13327     8.14037     8.12076     8.10756
  8.20272     8.20053     8.18255     8.17601     8.14454     8.15235     8.13242     8.12096
  8.21236     8.20997     8.19293     8.18800     8.15694     8.16549     8.14530     8.13553
  8.22121     8.21874     8.20265     8.19948     8.16877     8.17801     8.15751     8.14934
  8.22948     8.22693     8.21185     8.21046     8.18010     8.19005     8.16925     8.16256
  8.23956     8.23701     8.22191     8.22052     8.19013     8.20008     8.17926     8.17256
  8.24629     8.24366     8.22962     8.23002     8.19996     8.21058     8.18949     8.18408
  8.24998     8.24720     8.23435     8.23660     8.20689     8.21816     8.19671     8.19256
  8.25380     8.25102     8.23922     8.24323     8.21382     8.22570     8.20411     8.20085
  8.25692     8.25407     8.24339     8.24918     8.22009     8.23250     8.21060     8.20820
  8.25850     8.25580     8.24600     8.25379     8.22470     8.23763     8.21561     8.21369
  8.26135     8.25878     8.24983     8.25918     8.23043     8.24375     8.22152     8.21993
  8.26252     8.26016     8.25192     8.26306     8.23428     8.24796     8.22572     8.22405
  8.26430     8.26219     8.25461     8.26706     8.23859     8.25252     8.23005     8.22828
  8.26513     8.26326     8.25626     8.26982     8.24158     8.25572     8.23326     8.23100
  8.26633     8.26478     8.25823     8.27274     8.24470     8.25894     8.23641     8.23354
  8.26807     8.26683     8.26066     8.27588     8.24798     8.26234     8.23979     8.23610
  8.26997     8.26901     8.26315     8.27887     8.25109     8.26545     8.24293     8.23820
  8.27174     8.27105     8.26536     8.28135     8.25366     8.26800     8.24553     8.23961
  8.27361     8.27317     8.26761     8.28368     8.25606     8.27027     8.24781     8.24062
  8.27502     8.27483     8.26927     8.28512     8.25763     8.27164     8.24928     8.24077
  8.27709     8.27710     8.27150     8.28706     8.25955     8.27333     8.25093     8.24109
  8.27851     8.27875     8.27299     8.28800     8.26046     8.27402     8.25165     8.24051
  8.27980     8.28020     8.27423     8.28873     8.26101     8.27426     8.25190     8.23950
  8.28020     8.28072     8.27447     8.28828     8.26035     8.27334     8.25103     8.23738
  8.27705     8.27757     8.27133     8.28513     8.25722     8.27020     8.24789     8.23425
  8.27632     8.27689     8.27033     8.28339     8.25524     8.26790     8.24559     8.23082
  8.27575     8.27627     8.26938     8.28164     8.25324     8.26565     8.24329     8.22747
  8.27377     8.27423     8.26699     8.27840     8.24973     8.26184     8.23951     8.22265
  8.27239     8.27273     8.26508     8.27564     8.24670     8.25861     8.23619     8.21844
  8.26807     8.26827     8.26027     8.26995     8.24074     8.25237     8.23005     8.21141
  8.26550     8.26552     8.25713     8.26603     8.23654     8.24793     8.22567     8.20620
  8.26063     8.26042     8.25175     8.25983     8.23011     8.24123     8.21930     8.19886
  8.25593     8.25543     8.24651     8.25386     8.22392     8.23478     8.21298     8.19181
  8.25179     8.25102     8.24186     8.24850     8.21837     8.22904     8.20735     8.18545
  8.24668     8.24559     8.23625     8.24227     8.21194     8.22243     8.20081     8.17831
  8.24252     8.24114     8.23158     8.23702     8.20651     8.21684     8.19523     8.17218
  8.23765     8.23605     8.22634     8.23127     8.20053     8.21074     8.18904     8.16556
  8.23708     8.23647     8.22397     8.23081     8.19564     8.20683     8.17825     8.16563
  8.23246     8.23171     8.21905     8.22546     8.19008     8.20115     8.17252     8.15949
  8.23204     8.23234     8.21696     8.22533     8.18551     8.19762     8.16204     8.15999
  8.22862     8.22885     8.21328     8.22127     8.18130     8.19329     8.15764     8.15517
  8.22505     8.22518     8.20946     8.21707     8.17693     8.18878     8.15323     8.15028
  8.22246     8.22253     8.20666     8.21382     8.17360     8.18531     8.14971     8.14626
  8.22033     8.22035     8.20426     8.21101     8.17067     8.18215     8.14662     8.14276
  8.21906     8.21901     8.20283     8.20927     8.16865     8.17992     8.14447     8.14014
  8.21980     8.21974     8.20356     8.21000     8.16937     8.18064     8.14519     8.14086
  8.21992     8.21980     8.20344     8.20940     8.16855     8.17967     8.14439     8.13962
  8.22226     8.22217     8.20565     8.21116     8.16995     8.18088     8.14573     8.14052
  8.22401     8.22387     8.20714     8.21210     8.17061     8.18148     8.14669     8.14083
  8.22761     8.22750     8.21056     8.21480     8.17308     8.18383     8.14928     8.14282
  8.23071     8.23056     8.21340     8.21694     8.17501     8.18564     8.15134     8.14445
  8.23414     8.23392     8.21651     8.21937     8.17721     8.18772     8.15363     8.14642
  8.23854     8.23820     8.22059     8.22275     8.18039     8.19079     8.15691     8.14949
  8.24259     8.24231     8.22425     8.22578     8.18313     8.19339     8.15959     8.15227
  8.24833     8.24792     8.22962     8.23050     8.18758     8.19780     8.16434     8.15691
  8.25297     8.25260     8.23386     8.23430     8.19089     8.20101     8.16774     8.16064
  8.25914     8.25865     8.23965     8.23951     8.19586     8.20593     8.17281     8.16602
  8.26415     8.26357     8.24437     8.24382     8.19973     8.20979     8.17694     8.17063
  8.27007     8.26942     8.24994     8.24893     8.20464     8.21469     8.18213     8.17644
  8.27529     8.27453     8.25487     8.25341     8.20890     8.21910     8.18676     8.18186
  8.27956     8.27871     8.25886     8.25702     8.21244     8.22276     8.19071     8.18680
  8.28425     8.28325     8.26330     8.26116     8.21653     8.22706     8.19529     8.19252
  8.28795     8.28680     8.26685     8.26447     8.21994     8.23070     8.19909     8.19755
  8.29171     8.29040     8.27049     8.26806     8.22359     8.23458     8.20311     8.20313
  8.29508     8.29368     8.27386     8.27156     8.22722     8.23848     8.20716     8.20869
  8.30208     8.30068     8.28084     8.27854     8.23417     8.24543     8.21409     8.21561
  8.30419     8.30264     8.28321     8.28105     8.23675     8.24828     8.21728     8.22039
  8.30512     8.30349     8.28427     8.28258     8.23848     8.25029     8.21934     8.22438
  8.30676     8.30496     8.28623     8.28503     8.24128     8.25321     8.22274     8.22945
  8.30667     8.30478     8.28648     8.28597     8.24260     8.25486     8.22444     8.23306
  8.30727     8.30526     8.28735     8.28772     8.24487     8.25733     8.22722     8.23761
  8.30710     8.30500     8.28761     8.28895     8.24653     8.25942     8.22943     8.24149
  8.30733     8.30518     8.28831     8.29075     8.24876     8.26196     8.23235     8.24600
  8.30702     8.30490     8.28854     8.29214     8.25060     8.26420     8.23478     8.24996
  8.30810     8.30595     8.29020     8.29502     8.25391     8.26784     8.23882     8.25543
  8.30868     8.30669     8.29152     8.29752     8.25687     8.27110     8.24213     8.26026
  8.31039     8.30832     8.29378     8.30100     8.26082     8.27530     8.24661     8.26590
  8.31289     8.31109     8.29710     8.30545     8.26572     8.28042     8.25177     8.27227
  8.31612     8.31444     8.30099     8.31043     8.27105     8.28605     8.25754     8.27892
  8.31896     8.31763     8.30467     8.31518     8.27615     8.29136     8.26288     8.28513
  8.32260     8.32165     8.30910     8.32058     8.28181     8.29730     8.26894     8.29171
  8.32621     8.32569     8.31347     8.32585     8.28737     8.30296     8.27477     8.29809
  8.32904     8.32894     8.31693     8.33018     8.29198     8.30767     8.27959     8.30323
  8.33422     8.33450     8.32262     8.33666     8.29866     8.31438     8.28627     8.31032
  8.33784     8.33851     8.32670     8.34138     8.30361     8.31942     8.29132     8.31552
  8.34245     8.34344     8.33171     8.34691     8.30928     8.32511     8.29676     8.32135
  8.34448     8.34547     8.33374     8.34894     8.31130     8.32713     8.29878     8.32338
  8.34766     8.34933     8.33775     8.35328     8.31577     8.33167     8.30311     8.32790
  8.35003     8.35205     8.34055     8.35633     8.31892     8.33474     8.30620     8.33110
  8.35193     8.35463     8.34321     8.35914     8.32186     8.33764     8.30898     8.33402
  8.35301     8.35600     8.34457     8.36062     8.32338     8.33910     8.31043     8.33567
  8.35291     8.35618     8.34461     8.36080     8.32369     8.33937     8.31057     8.33588
  8.35380     8.35725     8.34558     8.36180     8.32471     8.34039     8.31163     8.33690
  8.35023     8.35380     8.34205     8.35829     8.32135     8.33700     8.30816     8.33340
  8.34754     8.35120     8.33926     8.35565     8.31876     8.33437     8.30562     8.33068
  8.34156     8.34520     8.33319     8.34957     8.31279     8.32834     8.29947     8.32451
  8.33553     8.33920     8.32706     8.34355     8.30686     8.32229     8.29359     8.31850
  8.32853     8.33215     8.31998     8.33634     8.29972     8.31511     8.28627     8.31109
  8.32067     8.32431     8.31216     8.32839     8.29184     8.30706     8.27835     8.30297
  8.31266     8.31632     8.30459     8.32021     8.28378     8.29884     8.27026     8.29453
  8.30526     8.30896     8.29720     8.31284     8.27628     8.29107     8.26278     8.28661
  8.29723     8.30097     8.28958     8.30463     8.26819     8.28280     8.25455     8.27803
  8.29188     8.29552     8.28409     8.29917     8.26253     8.27691     8.24895     8.27186
  8.28583     8.28944     8.27794     8.29282     8.25617     8.27042     8.24244     8.26492
  8.28097     8.28440     8.27293     8.28750     8.25088     8.26500     8.23721     8.25903
  8.27728     8.28061     8.26905     8.28331     8.24665     8.26065     8.23285     8.25422
  8.27376     8.27692     8.26532     8.27920     8.24255     8.25641     8.22881     8.24943
  8.26913     8.27228     8.26069     8.27456     8.23793     8.25178     8.22420     8.24481
  8.26639     8.26936     8.25774     8.27114     8.23453     8.24817     8.22066     8.24079
  8.26443     8.26726     8.25548     8.26842     8.23183     8.24532     8.21791     8.23737
  8.26217     8.26479     8.25297     8.26541     8.22878     8.24210     8.21478     8.23375
  8.26103     8.26354     8.25156     8.26358     8.22685     8.24022     8.21280     8.23117
  8.26024     8.26258     8.25051     8.26199     8.22521     8.23844     8.21119     8.22903
  8.25939     8.26160     8.24946     8.26050     8.22359     8.23687     8.20953     8.22678
  8.25930     8.26132     8.24913     8.25969     8.22271     8.23583     8.20866     8.22546
  8.25835     8.26017     8.24797     8.25806     8.22103     8.23400     8.20696     8.22320
  8.25787     8.25939     8.24719     8.25690     8.21973     8.23257     8.20570     8.22157
  8.25656     8.25792     8.24566     8.25501     8.21779     8.23053     8.20360     8.21911
  8.25504     8.25621     8.24389     8.25294     8.21558     8.22822     8.20133     8.21658
  8.25336     8.25446     8.24209     8.25082     8.21341     8.22598     8.19890     8.21401
  8.25121     8.25223     8.23979     8.24829     8.21070     8.22328     8.19634     8.21112
  8.24903     8.24997     8.23750     8.24576     8.20805     8.22058     8.19353     8.20823
  8.24658     8.24740     8.23489     8.24294     8.20503     8.21765     8.19079     8.20517
  8.24442     8.24516     8.23262     8.24049     8.20252     8.21506     8.18826     8.20243
  8.24287     8.24350     8.23089     8.23856     8.20045     8.21307     8.18633     8.20028
  8.24055     8.24119     8.22865     8.23597     8.19794     8.21039     8.18370     8.19747
  8.23954     8.24017     8.22760     8.23477     8.19664     8.20909     8.18252     8.19596
  8.23938     8.24000     8.22743     8.23461     8.19647     8.20892     8.18236     8.19580
  8.23868     8.23931     8.22685     8.23370     8.19558     8.20794     8.18134     8.19464
  8.23968     8.24031     8.22784     8.23456     8.19640     8.20873     8.18226     8.19517
  8.24061     8.24130     8.22879     8.23536     8.19716     8.20943     8.18302     8.19574
  8.24301     8.24366     8.23112     8.23752     8.19929     8.21119     8.18529     8.19761
  8.24533     8.24597     8.23343     8.23967     8.20135     8.21325     8.18742     8.19959
  8.24883     8.24943     8.23686     8.24297     8.20461     8.21610     8.19067     8.20266
  8.25141     8.25188     8.23936     8.24532     8.20690     8.21838     8.19279     8.20491
  8.25464     8.25500     8.24252     8.24836     8.20995     8.22139     8.19565     8.20779
  8.25759     8.25780     8.24541     8.25107     8.21265     8.22410     8.19812     8.21051
  8.26017     8.26019     8.24787     8.25338     8.21497     8.22650     8.20046     8.21284
  8.26319     8.26306     8.25088     8.25619     8.21775     8.22950     8.20328     8.21579
  8.26519     8.26496     8.25285     8.25802     8.21968     8.23149     8.20535     8.21782
  8.26631     8.26598     8.25398     8.25903     8.22070     8.23265     8.20654     8.21910
  8.26785     8.26749     8.25554     8.26054     8.22233     8.23408     8.20815     8.22076
  8.26809     8.26771     8.25572     8.26076     8.22265     8.23428     8.20866     8.22119
  8.26914     8.26870     8.25680     8.26180     8.22382     8.23527     8.20982     8.22245
  8.26972     8.26934     8.25740     8.26250     8.22464     8.23603     8.21076     8.22337
  8.27030     8.26994     8.25806     8.26320     8.22547     8.23687     8.21159     8.22425
  8.27071     8.27045     8.25862     8.26382     8.22620     8.23762     8.21241     8.22511
  8.27178     8.27155     8.25978     8.26537     8.22757     8.23901     8.21373     8.22645
  8.27476     8.27453     8.26276     8.26836     8.23054     8.24198     8.21669     8.22942
  8.27656     8.27636     8.26461     8.27034     8.23261     8.24405     8.21876     8.23148
  8.27872     8.27853     8.26685     8.27297     8.23508     8.24647     8.22108     8.23382
  8.28076     8.28055     8.26894     8.27516     8.23732     8.24870     8.22348     8.23591
  8.28177     8.28164     8.26999     8.27640     8.23863     8.24996     8.22459     8.23704
  8.28381     8.28366     8.27202     8.27850     8.24083     8.25209     8.22686     8.23907
  8.28387     8.28383     8.27212     8.27870     8.24115     8.25204     8.22699     8.23908
  8.28534     8.28533     8.27357     8.28014     8.24273     8.25355     8.22876     8.24049
  8.28550     8.28559     8.27383     8.28030     8.24308     8.25346     8.22900     8.24059
  8.28533     8.28547     8.27371     8.28006     8.24295     8.25333     8.22886     8.24021
  8.28568     8.28584     8.27415     8.28028     8.24332     8.25359     8.22923     8.24044
  8.28437     8.28446     8.27283     8.27880     8.24197     8.25221     8.22767     8.23873
  8.28498     8.28499     8.27341     8.27922     8.24243     8.25259     8.22814     8.23897
  8.28478     8.28472     8.27319     8.27883     8.24213     8.25218     8.22789     8.23830
  8.28579     8.28559     8.27408     8.27953     8.24287     8.25282     8.22877     8.23881
  8.28614     8.28586     8.27442     8.27972     8.24306     8.25291     8.22899     8.23851
  8.28680     8.28634     8.27499     8.28000     8.24343     8.25318     8.22939     8.23875
  8.28729     8.28673     8.27546     8.28027     8.24375     8.25336     8.22975     8.23852
  8.28798     8.28733     8.27613     8.28067     8.24422     8.25373     8.23029     8.23881
  8.28815     8.28747     8.27618     8.28067     8.24425     8.25363     8.22918     8.23856
  8.29091     8.29023     8.27893     8.28342     8.24700     8.25637     8.23191     8.24130
  8.29016     8.28945     8.27825     8.28244     8.24608     8.25536     8.23109     8.24012
  8.29085     8.29009     8.27874     8.28311     8.24659     8.25582     8.23035     8.24034
  8.29042     8.28960     8.27839     8.28243     8.24598     8.25512     8.23001     8.23954
  8.29101     8.29010     8.27889     8.28295     8.24636     8.25544     8.23040     8.23965
  8.29167     8.29079     8.27967     8.28336     8.24689     8.25587     8.23141     8.24011
  8.29253     8.29167     8.28059     8.28403     8.24768     8.25654     8.23232     8.24078
  8.29394     8.29326     8.28224     8.28541     8.24919     8.25792     8.23402     8.24225
  8.29527     8.29464     8.28358     8.28662     8.25054     8.25914     8.23523     8.24359
  8.29657     8.29594     8.28501     8.28792     8.25200     8.26044     8.23677     8.24501
  8.29931     8.29874     8.28763     8.29068     8.25485     8.26319     8.23847     8.24787
  8.30108     8.30038     8.28942     8.29245     8.25672     8.26500     8.24056     8.24985
  8.30483     8.30420     8.29318     8.29649     8.26075     8.26895     8.24358     8.25391
  8.30676     8.30617     8.29522     8.29858     8.26293     8.27113     8.24601     8.25629
  8.30977     8.30923     8.29835     8.30200     8.26622     8.27443     8.24947     8.25992
  8.31235     8.31197     8.30111     8.30486     8.26923     8.27744     8.25266     8.26322
  8.31437     8.31418     8.30330     8.30729     8.27168     8.27993     8.25518     8.26619
  8.31782     8.31779     8.30688     8.31115     8.27568     8.28390     8.25938     8.27058
  8.31993     8.32011     8.30918     8.31371     8.27843     8.28665     8.26207     8.27381
  8.32202     8.32239     8.31140     8.31635     8.28130     8.28949     8.26502     8.27718
  8.32370     8.32426     8.31326     8.31863     8.28371     8.29191     8.26707     8.28017
  8.32700     8.32756     8.31657     8.32193     8.28699     8.29520     8.27036     8.28346
  8.32788     8.32852     8.31750     8.32329     8.28861     8.29686     8.27208     8.28571
  8.32923     8.33000     8.31894     8.32528     8.29072     8.29900     8.27394     8.28858
  8.33039     8.33118     8.32013     8.32693     8.29268     8.30102     8.27607     8.29120
  8.33178     8.33256     8.32146     8.32883     8.29486     8.30324     8.27848     8.29409
  8.33301     8.33385     8.32276     8.33069     8.29705     8.30550     8.28090     8.29698
  8.33360     8.33440     8.32331     8.33191     8.29857     8.30704     8.28254     8.29911
  8.33543     8.33640     8.32531     8.33451     8.30147     8.31001     8.28569     8.30269
  8.33697     8.33792     8.32687     8.33669     8.30397     8.31254     8.28841     8.30591
  8.33883     8.33974     8.32870     8.33920     8.30682     8.31541     8.29141     8.30938
  8.34107     8.34198     8.33100     8.34216     8.31011     8.31868     8.29501     8.31333
  8.34128     8.34203     8.33108     8.34304     8.31129     8.31987     8.29629     8.31512
  8.34130     8.34201     8.33113     8.34386     8.31241     8.32091     8.29769     8.31666
  8.34066     8.34140     8.33048     8.34402     8.31282     8.32136     8.29824     8.31753
  8.33942     8.34014     8.32927     8.34355     8.31263     8.32112     8.29830     8.31773
  8.33850     8.33922     8.32828     8.34330     8.31265     8.32111     8.29840     8.31803
  8.33672     8.33741     8.32651     8.34225     8.31182     8.32023     8.29786     8.31731
  8.33528     8.33585     8.32497     8.34139     8.31125     8.31948     8.29733     8.31682
  8.33216     8.33276     8.32198     8.33894     8.30910     8.31717     8.29528     8.31430
  8.33054     8.33090     8.32019     8.33769     8.30804     8.31599     8.29427     8.31304
  8.32461     8.32496     8.31427     8.33175     8.30212     8.31006     8.28836     8.30712
  8.32314     8.32355     8.31285     8.33079     8.30141     8.30916     8.28776     8.30591
  8.32000     8.32025     8.30955     8.32786     8.29863     8.30625     8.28481     8.30274
  8.31872     8.31903     8.30823     8.32687     8.29778     8.30527     8.28407     8.30126
  8.31659     8.31695     8.30608     8.32490     8.29595     8.30324     8.28212     8.29881
  8.31480     8.31522     8.30438     8.32323     8.29434     8.30153     8.28053     8.29637
  8.31392     8.31450     8.30358     8.32237     8.29352     8.30055     8.27963     8.29477
  8.31334     8.31395     8.30306     8.32162     8.29280     8.29973     8.27889     8.29304
  8.31324     8.31382     8.30290     8.32112     8.29231     8.29906     8.27845     8.29177
  8.31317     8.31374     8.30278     8.32061     8.29184     8.29846     8.27775     8.29024
  8.31335     8.31372     8.30278     8.32006     8.29129     8.29771     8.27725     8.28895
  8.31234     8.31268     8.30174     8.31848     8.28970     8.29601     8.27569     8.28656
  8.31312     8.31335     8.30237     8.31846     8.28965     8.29585     8.27565     8.28590
  8.31149     8.31168     8.30071     8.31615     8.28730     8.29343     8.27325     8.28300
  8.31089     8.31096     8.29992     8.31475     8.28585     8.29191     8.27214     8.28121
  8.30956     8.30954     8.29851     8.31271     8.28380     8.28977     8.26987     8.27879
  8.30698     8.30676     8.29574     8.30938     8.28042     8.28633     8.26670     8.27525
  8.30513     8.30475     8.29371     8.30688     8.27802     8.28381     8.26412     8.27281
  8.30261     8.30204     8.29106     8.30377     8.27494     8.28063     8.26119     8.26975
  8.29919     8.29843     8.28744     8.29998     8.27124     8.27685     8.25736     8.26622
  8.29695     8.29601     8.28510     8.29749     8.26881     8.27433     8.25519     8.26417
  8.29201     8.29107     8.28016     8.29255     8.26389     8.26941     8.25028     8.25925
  8.28967     8.28860     8.27767     8.29021     8.26164     8.26708     8.24789     8.25744
  8.28577     8.28460     8.27368     8.28637     8.25793     8.26335     8.24431     8.25426
  8.28258     8.28131     8.27040     8.28349     8.25519     8.26056     8.24146     8.25222
  8.27943     8.27817     8.26720     8.28074     8.25270     8.25803     8.23905     8.25031
  8.27522     8.27391     8.26291     8.27709     8.24927     8.25459     8.23546     8.24757
  8.27134     8.27016     8.25907     8.27398     8.24655     8.25179     8.23281     8.24536
  8.26778     8.26661     8.25545     8.27120     8.24411     8.24932     8.23029     8.24360
  8.26411     8.26302     8.25178     8.26844     8.24173     8.24672     8.22778     8.24167
  8.26207     8.26101     8.24969     8.26732     8.24095     8.24593     8.22718     8.24152
  8.26045     8.25945     8.24803     8.26672     8.24064     8.24547     8.22706     8.24167
  8.25849     8.25763     8.24609     8.26583     8.24006     8.24489     8.22653     8.24153
  8.25840     8.25754     8.24597     8.26678     8.24134     8.24618     8.22786     8.24306
  8.25699     8.25621     8.24456     8.26631     8.24123     8.24600     8.22778     8.24313
  8.25693     8.25612     8.24450     8.26712     8.24243     8.24716     8.22885     8.24421
  8.25708     8.25632     8.24468     8.26803     8.24365     8.24833     8.23006     8.24532
  8.25759     8.25679     8.24517     8.26914     8.24510     8.24976     8.23157     8.24642
  8.25864     8.25787     8.24629     8.27064     8.24689     8.25155     8.23345     8.24784
  8.26021     8.25939     8.24786     8.27256     8.24904     8.25371     8.23558     8.24950
  8.26202     8.26117     8.24970     8.27448     8.25119     8.25580     8.23792     8.25105
  8.26321     8.26241     8.25097     8.27574     8.25262     8.25718     8.23940     8.25169
  8.26081     8.26001     8.24858     8.27334     8.25023     8.25478     8.23701     8.24930
  8.26186     8.26106     8.24968     8.27422     8.25126     8.25572     8.23820     8.24938
  8.26247     8.26205     8.25038     8.27448     8.25165     8.25597     8.23865     8.24875
  8.26361     8.26317     8.25165     8.27510     8.25236     8.25652     8.23949     8.24831
  8.26422     8.26414     8.25243     8.27509     8.25238     8.25638     8.23950     8.24714
  8.26412     8.26408     8.25251     8.27422     8.25146     8.25529     8.23879     8.24492
  8.26471     8.26472     8.25330     8.27397     8.25114     8.25476     8.23851     8.24337
  8.26371     8.26380     8.25246     8.27189     8.24894     8.25240     8.23649     8.23986
  8.26397     8.26406     8.25282     8.27097     8.24786     8.25114     8.23543     8.23764
  8.26334     8.26350     8.25229     8.26906     8.24579     8.24891     8.23335     8.23435
  8.26139     8.26160     8.25051     8.26585     8.24237     8.24533     8.22970     8.22990
  8.26033     8.26069     8.24968     8.26357     8.23986     8.24273     8.22710     8.22637
  8.25818     8.25861     8.24769     8.26019     8.23627     8.23893     8.22334     8.22184
  8.25559     8.25613     8.24528     8.25633     8.23225     8.23475     8.21921     8.21705
  8.25414     8.25470     8.24390     8.25364     8.22937     8.23171     8.21616     8.21349
  8.25124     8.25190     8.24106     8.24955     8.22518     8.22734     8.21200     8.20863
  8.24890     8.24972     8.23872     8.24609     8.22161     8.22363     8.20838     8.20461
  8.24598     8.24687     8.23582     8.24224     8.21768     8.21957     8.20450     8.20026
  8.24390     8.24487     8.23366     8.23925     8.21459     8.21638     8.20149     8.19683
  8.24036     8.24130     8.23005     8.23504     8.21029     8.21199     8.19731     8.19226
  8.23856     8.23950     8.22826     8.23324     8.20850     8.21019     8.19552     8.19047
  8.23591     8.23689     8.22550     8.22993     8.20510     8.20672     8.19209     8.18681
  8.23364     8.23465     8.22316     8.22720     8.20232     8.20389     8.18920     8.18378
  8.23140     8.23245     8.22082     8.22448     8.19962     8.20107     8.18645     8.18076
  8.23025     8.23134     8.21964     8.22306     8.19823     8.19959     8.18485     8.17910
  8.22911     8.23018     8.21843     8.22165     8.19691     8.19815     8.18345     8.17736
  8.22886     8.22998     8.21817     8.22122     8.19661     8.19769     8.18296     8.17665
  8.22851     8.22959     8.21777     8.22063     8.19610     8.19711     8.18247     8.17564
  8.22833     8.22946     8.21752     8.22028     8.19587     8.19676     8.18223     8.17489
  8.22818     8.22924     8.21729     8.21988     8.19550     8.19633     8.18200     8.17399
  8.22797     8.22902     8.21694     8.21939     8.19508     8.19588     8.18167     8.17304
  8.22779     8.22883     8.21666     8.21895     8.19473     8.19539     8.18153     8.17210
  8.22803     8.22914     8.21683     8.21889     8.19480     8.19528     8.18148     8.17147
  8.22776     8.22882     8.21643     8.21811     8.19418     8.19452     8.18096     8.17011
  8.22820     8.22937     8.21673     8.21807     8.19429     8.19441     8.18093     8.16949
  8.22819     8.22929     8.21658     8.21739     8.19375     8.19378     8.18046     8.16807
  8.22850     8.22967     8.21666     8.21700     8.19348     8.19334     8.18011     8.16708
  8.22866     8.22981     8.21672     8.21641     8.19302     8.19272     8.17963     8.16574
  8.22923     8.23028     8.21712     8.21626     8.19289     8.19240     8.17954     8.16482
  8.22992     8.23086     8.21763     8.21617     8.19276     8.19210     8.17943     8.16383
  8.23092     8.23180     8.21851     8.21642     8.19302     8.19214     8.17960     8.16333
  8.23388     8.23475     8.22146     8.21937     8.19596     8.19508     8.18253     8.16625
  8.23446     8.23522     8.22180     8.21913     8.19557     8.19459     8.18224     8.16513
  8.23493     8.23569     8.22209     8.21877     8.19523     8.19405     8.18167     8.16402
  8.23412     8.23492     8.22110     8.21717     8.19357     8.19224     8.17993     8.16169
  8.23361     8.23431     8.22043     8.21572     8.19213     8.19068     8.17852     8.15963
  8.23249     8.23323     8.21915     8.21380     8.19018     8.18857     8.17646     8.15705
  8.23116     8.23185     8.21771     8.21158     8.18793     8.18618     8.17460     8.15429
  8.23031     8.23110     8.21670     8.20996     8.18630     8.18442     8.17288     8.15214
  8.22844     8.22913     8.21459     8.20721     8.18359     8.18159     8.17032     8.14891
  8.22695     8.22771     8.21289     8.20504     8.18141     8.17929     8.16808     8.14685
  8.22510     8.22577     8.21081     8.20247     8.17883     8.17662     8.16559     8.14380
  8.22303     8.22376     8.20866     8.19987     8.17624     8.17392     8.16280     8.14097
  8.22152     8.22227     8.20702     8.19783     8.17419     8.17174     8.16083     8.13851
  8.21994     8.22073     8.20540     8.19583     8.17218     8.16963     8.15873     8.13568
  8.21889     8.21977     8.20406     8.19431     8.17069     8.16805     8.15731     8.13375
  8.21830     8.21909     8.20333     8.19324     8.16968     8.16688     8.15627     8.13226
  8.21832     8.21919     8.20309     8.19286     8.16936     8.16641     8.15599     8.13137
  8.21813     8.21893     8.20280     8.19248     8.16887     8.16572     8.15532     8.13038
  8.21882     8.21945     8.20333     8.19271     8.16916     8.16587     8.15551     8.13014
  8.21964     8.22020     8.20407     8.19347     8.16969     8.16626     8.15590     8.13058
  8.22459     8.22515     8.20900     8.19840     8.17460     8.17117     8.16081     8.13547
  8.22658     8.22685     8.21073     8.19987     8.17601     8.17260     8.16235     8.13660
  8.22769     8.22792     8.21181     8.20076     8.17684     8.17337     8.16317     8.13750
  8.22900     8.22914     8.21304     8.20177     8.17782     8.17429     8.16432     8.13827
  8.22921     8.22933     8.21325     8.20174     8.17782     8.17421     8.16421     8.13821
  8.23131     8.23144     8.21531     8.20364     8.17978     8.17601     8.16627     8.13997
  8.23192     8.23197     8.21584     8.20407     8.18028     8.17640     8.16653     8.14051
  8.23435     8.23434     8.21822     8.20638     8.18261     8.17859     8.16882     8.14291
  8.23564     8.23551     8.21939     8.20759     8.18387     8.17979     8.17082     8.14443
  8.23694     8.23676     8.22065     8.20899     8.18530     8.18114     8.17221     8.14628
  8.23778     8.23752     8.22145     8.21006     8.18640     8.18222     8.17407     8.14790
  8.23839     8.23811     8.22208     8.21104     8.18743     8.18334     8.17501     8.14963
  8.23846     8.23805     8.22201     8.21161     8.18806     8.18402     8.17558     8.15095
  8.23848     8.23805     8.22208     8.21231     8.18891     8.18493     8.17630     8.15247
  8.23761     8.23703     8.22106     8.21210     8.18888     8.18501     8.17632     8.15305
  8.23701     8.23638     8.22048     8.21252     8.18948     8.18554     8.17676     8.15421
  8.23535     8.23457     8.21876     8.21175     8.18905     8.18509     8.17637     8.15407
  8.23462     8.23384     8.21811     8.21229     8.18979     8.18571     8.17696     8.15522
  8.23231     8.23173     8.21619     8.21136     8.18923     8.18512     8.17319     8.15483
  8.23029     8.22966     8.21430     8.21055     8.18875     8.18461     8.17275     8.15459
  8.22834     8.22797     8.21284     8.21003     8.18853     8.18444     8.16945     8.15452
  8.22934     8.22897     8.21383     8.21103     8.18952     8.18543     8.17044     8.15551
  8.22785     8.22733     8.21240     8.21057     8.18944     8.18529     8.17041     8.15533
  8.22705     8.22651     8.21173     8.21080     8.19001     8.18585     8.17103     8.15566
  8.22657     8.22591     8.21131     8.21120     8.19082     8.18646     8.17175     8.15595
  8.22645     8.22577     8.21128     8.21184     8.19177     8.18739     8.17288     8.15636
  8.22765     8.22697     8.21257     8.21366     8.19397     8.18938     8.17505     8.15795
  8.22740     8.22675     8.21249     8.21386     8.19443     8.18974     8.17573     8.15777
  8.22958     8.22901     8.21477     8.21636     8.19716     8.19226     8.17859     8.15987
  8.22955     8.22936     8.21495     8.21679     8.19780     8.19262     8.17937     8.15974
  8.23152     8.23148     8.21708     8.21878     8.20001     8.19449     8.18159     8.16125
  8.23276     8.23314     8.21850     8.22020     8.20150     8.19572     8.18326     8.16208
  8.23483     8.23546     8.22075     8.22208     8.20357     8.19740     8.18522     8.16349
  8.23626     8.23707     8.22228     8.22307     8.20472     8.19829     8.18639     8.16401
  8.23763     8.23860     8.22371     8.22400     8.20572     8.19900     8.18738     8.16456
  8.23892     8.23996     8.22491     8.22458     8.20646     8.19952     8.18805     8.16489
  8.23954     8.24066     8.22543     8.22453     8.20640     8.19931     8.18825     8.16461
  8.23969     8.24092     8.22558     8.22399     8.20595     8.19868     8.18775     8.16404
  8.24045     8.24178     8.22621     8.22410     8.20602     8.19865     8.18791     8.16418
  8.23957     8.24105     8.22519     8.22258     8.20454     8.19705     8.18691     8.16286
  8.24104     8.24249     8.22644     8.22342     8.20537     8.19782     8.18781     8.16394
  8.23960     8.24109     8.22476     8.22151     8.20344     8.19582     8.18625     8.16238
  8.24237     8.24386     8.22753     8.22428     8.20620     8.19858     8.18900     8.16513
  8.24204     8.24337     8.22690     8.22341     8.20532     8.19801     8.18848     8.16473
  8.24221     8.24356     8.22698     8.22340     8.20531     8.19800     8.18846     8.16527
  8.24145     8.24267     8.22598     8.22239     8.20425     8.19736     8.18769     8.16492
  8.24077     8.24195     8.22516     8.22170     8.20362     8.19680     8.18711     8.16512
  8.23966     8.24076     8.22386     8.22061     8.20254     8.19590     8.18619     8.16495
  8.23844     8.23945     8.22254     8.21962     8.20171     8.19512     8.18530     8.16507
  8.23838     8.23929     8.22235     8.21987     8.20203     8.19561     8.18572     8.16654
  8.23729     8.23818     8.22135     8.21933     8.20169     8.19541     8.18531     8.16743
  8.23775     8.23854     8.22176     8.22045     8.20290     8.19687     8.18672     8.17001
  8.23755     8.23820     8.22158     8.22101     8.20359     8.19787     8.18757     8.17225
  8.23815     8.23862     8.22212     8.22244     8.20526     8.19962     8.18956     8.17532
  8.23880     8.23902     8.22276     8.22409     8.20714     8.20180     8.19163     8.17841
  8.23977     8.23972     8.22371     8.22613     8.20951     8.20424     8.19449     8.18223
  8.24040     8.24009     8.22444     8.22809     8.21180     8.20679     8.19685     8.18567
  8.24038     8.23992     8.22465     8.22958     8.21365     8.20890     8.19905     8.18910
  8.24038     8.23978     8.22487     8.23124     8.21565     8.21118     8.20126     8.19265
  8.23969     8.23904     8.22459     8.23237     8.21714     8.21298     8.20300     8.19567
  8.23858     8.23787     8.22387     8.23315     8.21834     8.21440     8.20440     8.19829
  8.23792     8.23711     8.22363     8.23440     8.22000     8.21637     8.20632     8.20136
  8.23893     8.23812     8.22464     8.23541     8.22101     8.21738     8.20733     8.20237
  8.23891     8.23796     8.22507     8.23748     8.22349     8.22004     8.21009     8.20610
  8.24044     8.23939     8.22704     8.24105     8.22757     8.22436     8.21430     8.21137
  8.24190     8.24069     8.22892     8.24463     8.23157     8.22861     8.21871     8.21643
  8.24294     8.24162     8.23042     8.24778     8.23523     8.23235     8.22247     8.22103
  8.24500     8.24358     8.23285     8.25189     8.23980     8.23716     8.22744     8.22641
  8.24618     8.24469     8.23454     8.25515     8.24353     8.24090     8.23124     8.23089
  8.24860     8.24707     8.23742     8.25956     8.24843     8.24586     8.23661     8.23631
  8.25013     8.24868     8.23954     8.26313     8.25244     8.24991     8.24068     8.24076
  8.25235     8.25098     8.24215     8.26724     8.25701     8.25447     8.24562     8.24551
  8.25403     8.25282     8.24444     8.27077     8.26092     8.25844     8.24979     8.24954
  8.25649     8.25537     8.24725     8.27479     8.26535     8.26292     8.25433     8.25387
  8.25902     8.25810     8.25030     8.27883     8.26973     8.26736     8.25893     8.25823
  8.26106     8.26025     8.25273     8.28207     8.27339     8.27102     8.26268     8.26157
  8.26355     8.26295     8.25561     8.28574     8.27732     8.27488     8.26665     8.26541
  8.26365     8.26323     8.25611     8.28676     8.27864     8.27621     8.26816     8.26647
  8.26471     8.26453     8.25752     8.28870     8.28081     8.27823     8.27041     8.26836
  8.26609     8.26613     8.25928     8.29070     8.28299     8.28040     8.27274     8.27034
  8.26795     8.26828     8.26149     8.29314     8.28570     8.28295     8.27532     8.27268
  8.26914     8.26973     8.26307     8.29472     8.28746     8.28466     8.27722     8.27425
  8.27149     8.27233     8.26571     8.29740     8.29036     8.28745     8.28002     8.27702
  8.27056     8.27140     8.26478     8.29647     8.28942     8.28651     8.27909     8.27608
  8.27379     8.27474     8.26826     8.29980     8.29297     8.29004     8.28270     8.27961
  8.27599     8.27705     8.27059     8.30209     8.29536     8.29244     8.28516     8.28221
  8.27870     8.27979     8.27341     8.30489     8.29820     8.29538     8.28818     8.28540
  8.28214     8.28322     8.27693     8.30842     8.30177     8.29904     8.29194     8.28937
  8.28516     8.28620     8.28002     8.31153     8.30486     8.30230     8.29513     8.29299
