  7.99093     7.76795     7.71096     7.64073     7.54191     7.41826     7.13852     6.71061
  7.99093     7.76760     7.71042     7.64038     7.54158     7.41779     7.13808     6.70974
  7.99093     7.76733     7.71002     7.64019     7.54121     7.41748     7.13773     6.70907
  7.99093     7.76705     7.70946     7.64003     7.54095     7.41706     7.13745     6.70838
  7.99093     7.76686     7.70901     7.63996     7.54070     7.41676     7.13691     6.70783
  7.99093     7.76676     7.70868     7.63990     7.54049     7.41645     7.13660     6.70707
  7.99093     7.76672     7.70849     7.63975     7.54018     7.41615     7.13635     6.70644
  7.99093     7.76648     7.70820     7.63948     7.53983     7.41580     7.13591     6.70586
  7.99093     7.76624     7.70863     7.63940     7.53967     7.41554     7.13552     6.70528
  7.99093     7.76613     7.70947     7.63944     7.53958     7.41531     7.13512     6.70486
  7.99093     7.76574     7.70895     7.63906     7.53919     7.41477     7.13456     6.70440
  7.99093     7.76537     7.70863     7.63862     7.53877     7.41430     7.13434     6.70396
  7.99093     7.76497     7.70830     7.63830     7.53850     7.41399     7.13379     6.70349
  7.99093     7.76478     7.70786     7.63796     7.53818     7.41362     7.13343     6.70311
  7.99093     7.76460     7.70720     7.63772     7.53780     7.41328     7.13286     6.70277
  7.99093     7.76411     7.70605     7.63663     7.53624     7.41197     7.13112     6.70193
  7.99093     7.76386     7.70558     7.63628     7.53597     7.41165     7.13101     6.70176
  7.99093     7.76354     7.70515     7.63612     7.53566     7.41124     7.13087     6.70175
  7.99093     7.76313     7.70463     7.63589     7.53529     7.41099     7.13049     6.70200
  7.99093     7.76276     7.70400     7.63543     7.53492     7.41067     7.13027     6.70195
  7.99093     7.76247     7.70366     7.63505     7.53459     7.41045     7.13022     6.70202
  7.99093     7.76221     7.70342     7.63483     7.53440     7.41039     7.13041     6.70228
  7.99093     7.76198     7.70312     7.63469     7.53427     7.41033     7.13074     6.70242
  7.99093     7.76176     7.70282     7.63454     7.53411     7.41018     7.13099     6.70272
  7.99093     7.76154     7.70253     7.63435     7.53397     7.41000     7.13147     6.70338
  7.99093     7.76145     7.70251     7.63423     7.53382     7.40998     7.13226     6.70395
  7.99093     7.76116     7.70220     7.63400     7.53361     7.40994     7.13217     6.70477
  7.99093     7.76085     7.70185     7.63371     7.53338     7.40990     7.13137     6.70783
  7.99093     7.76035     7.70127     7.63339     7.53331     7.41007     7.13062     6.70839
  7.99093     7.75996     7.70054     7.63321     7.53310     7.41027     7.13300     6.70983
  7.99093     7.75971     7.70022     7.63308     7.53295     7.41028     7.13347     6.71031
  7.99093     7.75968     7.70010     7.63306     7.53282     7.41049     7.13435     6.71101
  7.99093     7.75970     7.69995     7.63308     7.53276     7.41063     7.13474     6.70986
  7.99093     7.75972     7.69977     7.63303     7.53278     7.41074     7.13608     6.70949
  7.99093     7.75954     7.69949     7.63290     7.53298     7.41084     7.13701     6.71010
  7.99093     7.75930     7.69924     7.63277     7.53316     7.41089     7.13723     6.71181
  7.99093     7.75903     7.69904     7.63272     7.53313     7.41086     7.13736     6.71354
  7.99093     7.75878     7.69872     7.63265     7.53305     7.41082     7.13739     6.71392
  7.99093     7.75875     7.69850     7.63248     7.53307     7.41085     7.13769     6.71429
  7.99093     7.75864     7.69844     7.63241     7.53308     7.41094     7.13812     6.71469
  7.99093     7.75837     7.69811     7.63234     7.53293     7.41089     7.13988     6.71472
  7.99093     7.75808     7.69773     7.63225     7.53277     7.41092     7.14670     6.71503
  7.99093     7.75781     7.69723     7.63203     7.53282     7.41074     7.14694     6.71538
  7.99093     7.75736     7.69634     7.63142     7.53252     7.41036     7.14943     6.71535
  7.99093     7.75696     7.69569     7.63077     7.53218     7.40992     7.14945     6.71481
  7.99093     7.75666     7.69538     7.63037     7.53183     7.40961     7.14919     6.71450
  7.99093     7.75636     7.69492     7.62996     7.53149     7.40923     7.14866     6.71402
  7.99093     7.75620     7.69455     7.62961     7.53126     7.40892     7.14849     6.71374
  7.99093     7.75599     7.69417     7.62930     7.53093     7.40865     7.14815     6.71348
  7.99093     7.75572     7.69385     7.62910     7.53067     7.40839     7.14503     6.71315
  7.99093     7.75551     7.69357     7.62897     7.53052     7.40821     7.14181     6.71242
  7.99093     7.75534     7.69316     7.62877     7.53035     7.40810     7.14160     6.71154
  7.99093     7.75516     7.69284     7.62854     7.53019     7.40803     7.14105     6.71151
  7.99093     7.75496     7.69248     7.62830     7.52993     7.40789     7.14043     6.71138
  7.99093     7.75480     7.69236     7.62822     7.52978     7.40773     7.14004     6.71117
  7.99093     7.75444     7.69199     7.62798     7.52947     7.40752     7.13955     6.71082
  7.99093     7.75444     7.69192     7.62784     7.52969     7.40759     7.13923     6.71055
  7.99093     7.75397     7.69130     7.62752     7.52907     7.40754     7.13951     6.71022
  7.99093     7.75406     7.69116     7.62752     7.52928     7.40770     7.14135     6.70981
  7.99093     7.75442     7.69118     7.62775     7.52933     7.40774     7.14184     6.71254
  7.99093     7.75480     7.69121     7.62793     7.52947     7.40785     7.14179     6.71346
  7.99093     7.75489     7.69126     7.62806     7.52954     7.40799     7.14172     6.71324
  7.99093     7.75491     7.69125     7.62809     7.52974     7.40801     7.14154     6.71294
  7.99093     7.75505     7.69114     7.62807     7.52998     7.40799     7.14149     6.71262
  7.99093     7.75513     7.69090     7.62800     7.53006     7.40794     7.14145     6.71225
  7.99093     7.75494     7.69042     7.62769     7.52994     7.40765     7.14099     6.71158
  7.99093     7.75476     7.68998     7.62738     7.52969     7.40720     7.14046     6.71070
  7.99093     7.75512     7.69025     7.62773     7.52995     7.40733     7.14034     6.71027
  7.99093     7.75556     7.69072     7.62821     7.53023     7.40759     7.14066     6.71005
  7.99093     7.75590     7.69069     7.62844     7.53030     7.40768     7.14158     6.70974
  7.99093     7.75612     7.68978     7.62875     7.53058     7.40779     7.14205     6.70947
  7.99093     7.75621     7.68973     7.62906     7.53056     7.40784     7.14145     6.70852
  7.99093     7.75633     7.68989     7.62911     7.53088     7.40789     7.14147     6.70823
  7.99093     7.75627     7.68974     7.62907     7.53092     7.40789     7.14113     6.70805
  7.99093     7.75631     7.68976     7.62918     7.53115     7.40795     7.14089     6.70790
  7.99093     7.75650     7.68970     7.62932     7.53131     7.40816     7.14107     6.70789
  7.99093     7.75680     7.68972     7.62948     7.53160     7.40854     7.14135     6.70795
  7.99093     7.75701     7.68986     7.62969     7.53199     7.40894     7.14152     6.70807
  7.99093     7.75720     7.69007     7.62998     7.53237     7.40941     7.14165     6.70839
  7.99093     7.75741     7.69029     7.63035     7.53277     7.40999     7.14186     6.70879
  7.99093     7.75747     7.69036     7.63069     7.53309     7.41048     7.14214     6.70919
  7.99093     7.75768     7.69060     7.63090     7.53355     7.41105     7.14252     6.70988
  7.99093     7.75779     7.69077     7.63119     7.53385     7.41165     7.14330     6.71086
  7.99093     7.75800     7.69072     7.63138     7.53443     7.41222     7.14381     6.71175
  7.99093     7.75821     7.69085     7.63171     7.53508     7.41307     7.14459     6.71284
  7.99093     7.75935     7.69012     7.63343     7.53719     7.41645     7.14733     6.71703
  7.99093     7.75973     7.69056     7.63396     7.53805     7.41757     7.14878     6.71842
  7.99093     7.75994     7.69072     7.63451     7.53873     7.41854     7.14982     6.71970
  7.99093     7.76024     7.69099     7.63517     7.53949     7.41950     7.15100     6.72091
  7.99093     7.76067     7.69116     7.63564     7.54009     7.42035     7.15210     6.72208
  7.99093     7.76118     7.69146     7.63613     7.54072     7.42121     7.15319     6.72321
  7.99093     7.76155     7.69177     7.63660     7.54134     7.42205     7.15423     6.72428
  7.99093     7.76175     7.69191     7.63698     7.54191     7.42283     7.15527     6.72518
  7.99093     7.76198     7.69199     7.63783     7.54247     7.42357     7.15640     6.72597
  7.99093     7.76230     7.69209     7.63914     7.54295     7.42424     7.15738     6.72672
  7.99093     7.76264     7.69242     7.63954     7.54357     7.42495     7.15841     6.72734
  7.99093     7.76266     7.69245     7.63974     7.54371     7.42532     7.15944     6.72789
  7.99093     7.76294     7.69276     7.64011     7.54414     7.42589     7.16035     6.72839
  7.99093     7.76294     7.69284     7.64007     7.54435     7.42630     7.16068     6.72867
  7.99093     7.76333     7.69302     7.64259     7.54511     7.42678     7.16235     6.72933
  7.99093     7.76326     7.69298     7.64254     7.54524     7.42686     7.16222     6.72952
  7.99093     7.76325     7.69287     7.64247     7.54517     7.42674     7.16220     6.72949
  7.99093     7.76317     7.69283     7.64240     7.54499     7.42644     7.16192     6.72924
  7.99093     7.76316     7.69262     7.64197     7.54472     7.42605     7.16150     6.72890
  7.99093     7.76319     7.69253     7.64157     7.54445     7.42575     7.16180     6.72844
  7.99093     7.76319     7.69246     7.64139     7.54415     7.42546     7.16210     6.72801
  7.99093     7.76317     7.69217     7.64130     7.54379     7.42506     7.16188     6.72762
  7.99093     7.76308     7.69174     7.64109     7.54338     7.42462     7.16163     6.72717
  7.99093     7.76300     7.69136     7.64082     7.54299     7.42423     7.16116     6.72681
  7.99093     7.76300     7.69124     7.64090     7.54278     7.42387     7.16053     6.72665
  7.99093     7.76273     7.69077     7.64032     7.54217     7.42311     7.15988     6.72623
  7.99093     7.76258     7.69047     7.63993     7.54185     7.42266     7.15910     6.72576
  7.99093     7.76208     7.69002     7.63947     7.54133     7.42205     7.15845     6.72539
  7.99093     7.76101     7.68856     7.63701     7.53970     7.42007     7.15668     6.72364
  7.99093     7.76050     7.68801     7.63645     7.53900     7.41941     7.15600     6.72304
  7.99093     7.76010     7.68761     7.63595     7.53851     7.41887     7.15534     6.72239
  7.99093     7.75939     7.68682     7.63530     7.53778     7.41810     7.15464     6.72166
  7.99093     7.75912     7.68619     7.63479     7.53722     7.41741     7.15391     6.72102
  7.99093     7.75877     7.68568     7.63426     7.53671     7.41672     7.15337     6.72035
  7.99093     7.75828     7.68505     7.63367     7.53610     7.41603     7.15277     6.71969
  7.99093     7.75797     7.68437     7.63316     7.53556     7.41543     7.15205     6.71906
  7.99093     7.75773     7.68376     7.63262     7.53509     7.41489     7.15131     6.71844
  7.99093     7.75748     7.68322     7.63198     7.53455     7.41439     7.15036     6.71783
  7.99093     7.75703     7.68279     7.63137     7.53396     7.41387     7.14962     6.71697
  7.99093     7.75655     7.68228     7.63086     7.53337     7.41327     7.14894     6.71624
  7.99093     7.75603     7.68174     7.63034     7.53303     7.41270     7.14816     6.71557
  7.99093     7.75573     7.68112     7.62966     7.53258     7.41227     7.14728     6.71482
  7.99093     7.75358     7.67862     7.62721     7.53023     7.40946     7.14444     6.71173
  7.99093     7.75329     7.67810     7.62663     7.52981     7.40916     7.14365     6.71122
  7.99093     7.75291     7.67769     7.62610     7.52944     7.40892     7.14280     6.71053
  7.99093     7.75264     7.67730     7.62591     7.52913     7.40862     7.14215     6.70987
  7.99093     7.75244     7.67782     7.62583     7.52901     7.40844     7.14161     6.70962
  7.99093     7.75234     7.67820     7.62563     7.52883     7.40839     7.14119     6.70958
  7.99093     7.75233     7.67812     7.62550     7.52873     7.40846     7.14090     6.70958
  7.99093     7.75225     7.67798     7.62550     7.52874     7.40851     7.14080     6.70968
  7.99093     7.75224     7.67793     7.62560     7.52894     7.40876     7.14095     6.71003
  7.99093     7.75252     7.67823     7.62582     7.52969     7.40915     7.14115     6.71055
  7.99093     7.75251     7.67824     7.62573     7.53046     7.40878     7.14128     6.71074
  7.99093     7.75248     7.67818     7.62569     7.53063     7.40895     7.14136     6.71101
  7.99093     7.75304     7.67800     7.62582     7.53097     7.40935     7.14171     6.71155
  7.99093     7.75325     7.67803     7.62592     7.53145     7.40998     7.14182     6.71240
  7.99093     7.75382     7.67836     7.62714     7.53275     7.41193     7.14384     6.71464
  7.99093     7.75439     7.67895     7.62771     7.53352     7.41294     7.14471     6.71589
  7.99093     7.75480     7.67938     7.62830     7.53432     7.41380     7.14580     6.71703
  7.99093     7.75466     7.67916     7.62840     7.53439     7.41411     7.14654     6.71781
  7.99093     7.75466     7.67924     7.62864     7.53418     7.41477     7.14747     6.71899
  7.99093     7.75490     7.67922     7.62897     7.53433     7.41564     7.14867     6.72026
  7.99093     7.75504     7.67927     7.62927     7.53483     7.41641     7.14972     6.72132
  7.99093     7.75514     7.67968     7.62977     7.53575     7.41723     7.15069     6.72250
  7.99093     7.75541     7.68011     7.63050     7.53696     7.41823     7.15185     6.72393
  7.99093     7.75586     7.68065     7.63128     7.53808     7.41936     7.15312     6.72531
  7.99093     7.75647     7.68117     7.63207     7.53943     7.42048     7.15452     6.72653
  7.99093     7.75706     7.68168     7.63283     7.54037     7.42161     7.15599     6.72773
  7.99093     7.75763     7.68204     7.63348     7.54113     7.42253     7.15745     6.72874
  7.99093     7.75820     7.68259     7.63401     7.54205     7.42351     7.15837     6.72992
  7.99093     7.75876     7.68417     7.63562     7.54439     7.42613     7.16227     6.73233
  7.99093     7.75906     7.68465     7.63613     7.54508     7.42699     7.16283     6.73349
  7.99093     7.75914     7.68500     7.63662     7.54579     7.42773     7.16378     6.73429
  7.99093     7.75927     7.68524     7.63705     7.54632     7.42836     7.16448     6.73510
  7.99093     7.75940     7.68533     7.63734     7.54607     7.42887     7.16518     6.73568
  7.99093     7.75956     7.68553     7.63755     7.54595     7.42925     7.16591     6.73624
  7.99093     7.75986     7.68595     7.63793     7.54638     7.42977     7.16659     6.73693
  7.99093     7.76029     7.68640     7.63847     7.54732     7.43028     7.16742     6.73765
  7.99093     7.76023     7.68627     7.63850     7.54795     7.43015     7.16797     6.73790
  7.99093     7.75931     7.68554     7.63788     7.54741     7.42964     7.16769     6.73755
  7.99093     7.75879     7.68549     7.63774     7.54752     7.42967     7.16771     6.73772
  7.99093     7.75858     7.68537     7.63769     7.54790     7.42961     7.16804     6.73777
  7.99093     7.75864     7.68549     7.63786     7.54789     7.42959     7.16872     6.73797
  7.99093     7.75803     7.68561     7.63790     7.54804     7.42968     7.16866     6.73810
  7.99093     7.75851     7.68580     7.63799     7.54781     7.43009     7.16964     6.73826
  7.99093     7.75872     7.68606     7.63795     7.54777     7.43008     7.17004     6.73846
  7.99093     7.75891     7.68615     7.63799     7.54759     7.43000     7.16991     6.73840
  7.99093     7.75819     7.68553     7.63721     7.54679     7.42922     7.16911     6.73760
  7.99093     7.75756     7.68498     7.63656     7.54614     7.42858     7.16873     6.73685
  7.99093     7.75717     7.68461     7.63604     7.54599     7.42812     7.16827     6.73635
  7.99093     7.75684     7.68449     7.63545     7.54582     7.42757     7.16764     6.73576
  7.99093     7.75624     7.68444     7.63491     7.54542     7.42693     7.16709     6.73496
  7.99093     7.75542     7.68410     7.63431     7.54495     7.42628     7.16659     6.73401
  7.99093     7.75496     7.68368     7.63355     7.54435     7.42552     7.16619     6.73287
  7.99093     7.75430     7.68324     7.63279     7.54366     7.42444     7.16554     6.73165
  7.99093     7.75377     7.68292     7.63232     7.54302     7.42362     7.16498     6.73056
  7.99093     7.75357     7.68279     7.63190     7.54256     7.42305     7.16441     6.72961
  7.99093     7.75318     7.68251     7.63126     7.54206     7.42238     7.16361     6.72864
  7.99093     7.75123     7.68046     7.62882     7.53946     7.41941     7.15970     6.72420
  7.99093     7.75039     7.67976     7.62761     7.53845     7.41801     7.15796     6.72224
  7.99093     7.74967     7.67895     7.62652     7.53731     7.41656     7.15593     6.72011
  7.99093     7.74888     7.67820     7.62553     7.53635     7.41522     7.15412     6.71814
  7.99093     7.74823     7.67737     7.62451     7.53533     7.41409     7.15255     6.71629
  7.99093     7.74768     7.67654     7.62346     7.53428     7.41291     7.15073     6.71452
  7.99093     7.74719     7.67573     7.62249     7.53338     7.41170     7.14890     6.71280
  7.99093     7.74664     7.67486     7.62158     7.53252     7.41052     7.14722     6.71112
  7.99093     7.74596     7.67389     7.62059     7.53145     7.40917     7.14543     6.70944
  7.99093     7.74513     7.67284     7.61949     7.53013     7.40770     7.14341     6.70764
  7.99093     7.74401     7.67180     7.61830     7.52884     7.40634     7.14087     6.70588
  7.99093     7.74327     7.67084     7.61743     7.52786     7.40524     7.13874     6.70429
  7.99093     7.74239     7.66971     7.61650     7.52678     7.40397     7.13658     6.70274
  7.99093     7.74189     7.66890     7.61576     7.52587     7.40304     7.13508     6.70130
  7.99093     7.74055     7.66679     7.61418     7.52383     7.40127     7.13092     6.69845
  7.99093     7.74046     7.66634     7.61391     7.52342     7.40096     7.12941     6.69819
  7.99093     7.74049     7.66606     7.61386     7.52307     7.40085     7.12867     6.69801
  7.99093     7.74048     7.66582     7.61383     7.52289     7.40063     7.12800     6.69790
  7.99093     7.74043     7.66571     7.61365     7.52264     7.40048     7.12768     6.69783
  7.99093     7.74047     7.66576     7.61360     7.52262     7.40060     7.12742     6.69809
  7.99093     7.74064     7.66589     7.61385     7.52273     7.40099     7.12729     6.69862
  7.99093     7.74092     7.66611     7.61433     7.52298     7.40157     7.12748     6.69858
  7.99093     7.74137     7.66661     7.61490     7.52348     7.40224     7.12810     6.69841
  7.99093     7.74182     7.66756     7.61543     7.52385     7.40288     7.12913     6.69950
  7.99093     7.74206     7.66872     7.61598     7.52430     7.40362     7.12991     6.70073
  7.99093     7.74263     7.66929     7.61677     7.52488     7.40460     7.13121     6.70204
  7.99093     7.74311     7.67005     7.61755     7.52562     7.40554     7.13217     6.70339
  7.99093     7.74376     7.67087     7.61823     7.52617     7.40633     7.13331     6.70485
  7.99093     7.74472     7.67278     7.61995     7.52800     7.40742     7.13540     6.70827
  7.99093     7.74520     7.67340     7.62032     7.52859     7.40822     7.13651     6.70873
  7.99093     7.74547     7.67397     7.62058     7.52909     7.40879     7.13754     6.70955
  7.99093     7.74586     7.67442     7.62104     7.52968     7.40936     7.13828     6.71021
  7.99093     7.74625     7.67483     7.62140     7.53017     7.40969     7.13891     6.71076
  7.99093     7.74672     7.67535     7.62169     7.53065     7.40997     7.13966     6.71139
  7.99093     7.74702     7.67585     7.62186     7.53096     7.41028     7.14026     6.71197
  7.99093     7.74715     7.67615     7.62195     7.53118     7.41047     7.14058     6.71229
  7.99093     7.74731     7.67623     7.62193     7.53139     7.41047     7.14083     6.71229
  7.99093     7.74743     7.67637     7.62174     7.53150     7.41045     7.14112     6.71225
  7.99093     7.74759     7.67675     7.62188     7.53194     7.41072     7.14148     6.71255
  7.99093     7.74757     7.67669     7.62184     7.53177     7.41051     7.14131     6.71264
  7.99093     7.74846     7.67676     7.62189     7.53195     7.41042     7.14089     6.71383
  7.99093     7.74829     7.67668     7.62156     7.53174     7.41007     7.14044     6.71369
  7.99093     7.74787     7.67556     7.62100     7.53158     7.40973     7.13920     6.71337
  7.99093     7.74785     7.67548     7.62077     7.53165     7.40993     7.13920     6.71356
  7.99093     7.74769     7.67548     7.62063     7.53184     7.41005     7.13905     6.71415
  7.99093     7.74764     7.67539     7.62075     7.53203     7.41025     7.13904     6.71467
  7.99093     7.74718     7.67486     7.62057     7.53182     7.41016     7.13855     6.71473
  7.99093     7.74699     7.67452     7.62048     7.53179     7.41031     7.13824     6.71500
  7.99093     7.74741     7.67458     7.62073     7.53219     7.41069     7.13855     6.71588
  7.99093     7.74796     7.67470     7.62114     7.53282     7.41120     7.13912     6.71709
  7.99093     7.74833     7.67480     7.62155     7.53352     7.41196     7.13972     6.71827
  7.99093     7.74864     7.67522     7.62203     7.53419     7.41278     7.14045     6.71942
  7.99093     7.74909     7.67612     7.62279     7.53504     7.41394     7.14146     6.72076
  7.99093     7.74789     7.67297     7.62177     7.53393     7.41332     7.14107     6.72011
  7.99093     7.73815     7.65137     7.61089     7.52225     7.40147     7.13111     6.70789
  7.99093     7.74572     7.67326     7.62258     7.53141     7.40723     7.13456     6.71779
  7.99093     7.74748     7.67435     7.62500     7.53407     7.41071     7.13917     6.72302
  7.99093     7.74795     7.67498     7.62602     7.53511     7.41157     7.14126     6.72468
  7.99093     7.74835     7.67574     7.62639     7.53620     7.41280     7.14328     6.72642
  7.99093     7.74903     7.67653     7.62724     7.53718     7.41392     7.14529     6.72807
  7.99093     7.74980     7.67724     7.62829     7.53820     7.41521     7.14683     6.72966
  7.99093     7.75055     7.67789     7.62929     7.53923     7.41658     7.14805     6.73129
  7.99093     7.75132     7.67870     7.63040     7.54030     7.41787     7.14976     6.73304
  7.99093     7.75215     7.67966     7.63160     7.54139     7.41907     7.15179     6.73485
  7.99093     7.75299     7.68057     7.63267     7.54245     7.42024     7.15329     6.73648
  7.99093     7.75336     7.68140     7.63346     7.54337     7.42136     7.15461     6.73771
  7.99093     7.75302     7.68206     7.63412     7.54407     7.42204     7.15632     6.73861
  7.99093     7.75339     7.68272     7.63474     7.54470     7.42263     7.15766     6.73943
  7.99093     7.75406     7.68323     7.63540     7.54553     7.42331     7.15875     6.74049
  7.99093     7.75466     7.68386     7.63600     7.54618     7.42418     7.15969     6.74140
  7.99093     7.75546     7.68506     7.63725     7.54747     7.42531     7.16296     6.74298
  7.99093     7.75556     7.68544     7.63734     7.54754     7.42543     7.16320     6.74325
  7.99093     7.75573     7.68580     7.63742     7.54784     7.42556     7.16350     6.74353
  7.99093     7.75592     7.68623     7.63759     7.54803     7.42552     7.16371     6.74364
  7.99093     7.75583     7.68647     7.63765     7.54799     7.42547     7.16354     6.74374
  7.99093     7.75560     7.68647     7.63757     7.54782     7.42527     7.16329     6.74343
  7.99093     7.75544     7.68639     7.63738     7.54766     7.42488     7.16337     6.74272
  7.99093     7.75525     7.68632     7.63711     7.54741     7.42437     7.16357     6.74193
  7.99093     7.75502     7.68615     7.63676     7.54702     7.42383     7.16321     6.74116
  7.99093     7.75480     7.68585     7.63628     7.54665     7.42336     7.16217     6.74045
  7.99093     7.75449     7.68542     7.63573     7.54623     7.42269     7.16136     6.73964
  7.99093     7.75433     7.68496     7.63528     7.54578     7.42215     7.16074     6.73885
  7.99093     7.75435     7.68471     7.63503     7.54534     7.42156     7.16018     6.73799
  7.99093     7.75492     7.68464     7.63465     7.54498     7.42126     7.15951     6.73722
  7.99093     7.75428     7.68370     7.63384     7.54371     7.41953     7.15718     6.73474
  7.99093     7.75413     7.68351     7.63360     7.54314     7.41926     7.15573     6.73408
  7.99093     7.75388     7.68315     7.63328     7.54292     7.41887     7.15469     6.73361
  7.99093     7.75361     7.68280     7.63300     7.54264     7.41850     7.15416     6.73305
  7.99093     7.75357     7.68256     7.63296     7.54232     7.41823     7.15374     6.73264
  7.99093     7.75351     7.68243     7.63294     7.54202     7.41805     7.15309     6.73243
  7.99093     7.75330     7.68226     7.63283     7.54193     7.41789     7.15270     6.73235
  7.99093     7.75336     7.68216     7.63279     7.54190     7.41797     7.15281     6.73224
  7.99093     7.75379     7.68232     7.63289     7.54179     7.41830     7.15287     6.73220
  7.99093     7.75402     7.68256     7.63305     7.54182     7.41851     7.15270     6.73241
  7.99093     7.75404     7.68263     7.63318     7.54186     7.41865     7.15263     6.73247
  7.99093     7.75420     7.68242     7.63326     7.54202     7.41861     7.15264     6.73263
  7.99093     7.75440     7.68251     7.63339     7.54213     7.41855     7.15286     6.73286
  7.99093     7.75446     7.68248     7.63331     7.54216     7.41888     7.15288     6.73331
  7.99093     7.75523     7.68241     7.63361     7.54311     7.41869     7.15373     6.73400
  7.99093     7.75543     7.68279     7.63380     7.54351     7.41900     7.15408     6.73464
  7.99093     7.75569     7.68297     7.63388     7.54358     7.41956     7.15446     6.73512
  7.99093     7.75598     7.68320     7.63400     7.54361     7.41976     7.15496     6.73539
  7.99093     7.75618     7.68342     7.63417     7.54358     7.41975     7.15514     6.73562
  7.99093     7.75623     7.68364     7.63433     7.54354     7.41991     7.15519     6.73587
  7.99093     7.75627     7.68376     7.63443     7.54351     7.42006     7.15549     6.73611
  7.99093     7.75632     7.68377     7.63445     7.54346     7.42000     7.15593     6.73628
  7.99093     7.75624     7.68379     7.63438     7.54341     7.41987     7.15635     6.73639
  7.99093     7.75612     7.68391     7.63433     7.54333     7.41986     7.15676     6.73648
  7.99093     7.75616     7.68416     7.63441     7.54355     7.42000     7.15701     6.73660
  7.99093     7.75623     7.68425     7.63449     7.54462     7.41992     7.15718     6.73656
  7.99093     7.75641     7.68438     7.63444     7.54469     7.41970     7.15741     6.73634
  7.99093     7.75634     7.68429     7.63413     7.54454     7.41977     7.15754     6.73630
  7.99093     7.75605     7.68395     7.63370     7.54442     7.41900     7.15773     6.73571
  7.99093     7.75595     7.68386     7.63342     7.54434     7.41897     7.15774     6.73556
  7.99093     7.75591     7.68393     7.63331     7.54445     7.41900     7.15742     6.73531
  7.99093     7.75591     7.68386     7.63312     7.54447     7.41888     7.15700     6.73516
  7.99093     7.75598     7.68396     7.63313     7.54440     7.41874     7.15712     6.73528
  7.99093     7.75599     7.68415     7.63313     7.54446     7.41874     7.15727     6.73566
  7.99093     7.75591     7.68426     7.63312     7.54440     7.41880     7.15728     6.73605
  7.99093     7.75586     7.68426     7.63319     7.54423     7.41883     7.15736     6.73620
  7.99093     7.75586     7.68426     7.63332     7.54422     7.41890     7.15748     6.73631
  7.99093     7.75584     7.68439     7.63347     7.54430     7.41909     7.15760     6.73664
  7.99093     7.75574     7.68447     7.63348     7.54439     7.41942     7.15763     6.73674
  7.99093     7.75577     7.68440     7.63362     7.54443     7.41969     7.15783     6.73687
  7.99093     7.75612     7.68453     7.63386     7.54458     7.41996     7.15802     6.73734
  7.99093     7.75618     7.68477     7.63406     7.54479     7.42011     7.15842     6.73783
  7.99093     7.75678     7.68529     7.63472     7.54570     7.42123     7.15907     6.73900
  7.99093     7.75669     7.68538     7.63482     7.54717     7.42147     7.15954     6.73926
  7.99093     7.75667     7.68547     7.63504     7.54848     7.42170     7.16011     6.73941
  7.99093     7.75688     7.68557     7.63535     7.54896     7.42196     7.16031     6.73970
  7.99093     7.75706     7.68571     7.63565     7.54902     7.42204     7.16041     6.73985
  7.99093     7.75709     7.68581     7.63579     7.54908     7.42225     7.16070     6.73991
  7.99093     7.75710     7.68589     7.63585     7.54929     7.42264     7.16104     6.74002
  7.99093     7.75725     7.68590     7.63590     7.54948     7.42285     7.16119     6.74009
  7.99093     7.75745     7.68590     7.63591     7.54947     7.42280     7.16127     6.73994
  7.99093     7.75750     7.68599     7.63595     7.54948     7.42278     7.16143     6.73965
  7.99093     7.75755     7.68602     7.63593     7.54976     7.42299     7.16161     6.73947
  7.99093     7.75773     7.68618     7.63597     7.54986     7.42296     7.16186     6.73893
  7.99093     7.75770     7.68618     7.63588     7.54966     7.42264     7.16144     6.73821
  7.99093     7.75744     7.68632     7.63580     7.54960     7.42216     7.16108     6.73797
  7.99093     7.75682     7.68560     7.63498     7.54840     7.42061     7.16055     6.73529
  7.99093     7.75582     7.68461     7.63382     7.54726     7.41940     7.15900     6.73379
  7.99093     7.75546     7.68419     7.63314     7.54671     7.41873     7.15766     6.73276
  7.99093     7.75532     7.68386     7.63260     7.54615     7.41807     7.15656     6.73195
  7.99093     7.75510     7.68355     7.63216     7.54534     7.41722     7.15579     6.73090
  7.99093     7.75470     7.68308     7.63159     7.54491     7.41627     7.15507     6.72956
  7.99093     7.75425     7.68253     7.63090     7.54458     7.41539     7.15421     6.72822
  7.99093     7.75389     7.68206     7.63024     7.54394     7.41452     7.15322     6.72698
  7.99093     7.75350     7.68169     7.62966     7.54322     7.41353     7.15207     6.72567
  7.99093     7.75294     7.68138     7.62908     7.54249     7.41254     7.15065     6.72424
  7.99093     7.75235     7.68089     7.62831     7.54189     7.41162     7.14918     6.72279
  7.99093     7.75176     7.68026     7.62759     7.54089     7.41050     7.14823     6.72116
  7.99093     7.74991     7.67836     7.62540     7.53862     7.40818     7.14579     6.71856
  7.99093     7.74917     7.67776     7.62464     7.53766     7.40703     7.14504     6.71700
  7.99093     7.74831     7.67641     7.62292     7.53425     7.40445     7.13979     6.71338
  7.99093     7.74790     7.67590     7.62235     7.53328     7.40356     7.13881     6.71201
  7.99093     7.74747     7.67540     7.62167     7.53269     7.40275     7.13774     6.71077
  7.99093     7.74704     7.67496     7.62111     7.53198     7.40188     7.13673     6.70968
  7.99093     7.74661     7.67451     7.62065     7.53116     7.40097     7.13566     6.70850
  7.99093     7.74616     7.67412     7.62008     7.53038     7.40013     7.13465     6.70738
  7.99093     7.74570     7.67370     7.61949     7.52959     7.39944     7.13360     6.70622
  7.99093     7.74540     7.67329     7.61904     7.52894     7.39875     7.13256     6.70501
  7.99093     7.74521     7.67301     7.61862     7.52841     7.39792     7.13175     6.70390
  7.99093     7.74481     7.67276     7.61810     7.52771     7.39708     7.13099     6.70268
  7.99093     7.74435     7.67242     7.61756     7.52714     7.39638     7.13019     6.70137
  7.99093     7.74417     7.67211     7.61717     7.52669     7.39567     7.12949     6.70036
  7.99093     7.74387     7.67159     7.61661     7.52584     7.39474     7.12839     6.69908
  7.99093     7.74352     7.67139     7.61613     7.52507     7.39390     7.12748     6.69792
  7.99093     7.74239     7.67016     7.61424     7.52280     7.39121     7.12453     6.69436
  7.99093     7.74182     7.66987     7.61366     7.52204     7.39040     7.12354     6.69319
  7.99093     7.74140     7.66933     7.61279     7.52145     7.38977     7.12286     6.69203
  7.99093     7.74123     7.66898     7.61219     7.52093     7.38893     7.12246     6.69101
  7.99093     7.74097     7.66871     7.61164     7.52028     7.38804     7.12165     6.68984
  7.99093     7.74060     7.66850     7.61109     7.51971     7.38726     7.12077     6.68876
  7.99093     7.74084     7.66886     7.61103     7.51977     7.38713     7.12038     6.68824
  7.99093     7.74124     7.66926     7.61111     7.51985     7.38714     7.11981     6.68784
  7.99093     7.74094     7.66903     7.61077     7.51921     7.38651     7.11869     6.68703
  7.99093     7.74064     7.66877     7.61044     7.51859     7.38591     7.11789     6.68619
  7.99093     7.74051     7.66848     7.61015     7.51818     7.38550     7.11735     6.68527
  7.99093     7.74039     7.66816     7.60975     7.51766     7.38495     7.11660     6.68450
  7.99093     7.74027     7.66812     7.60965     7.51744     7.38453     7.11623     6.68403
  7.99093     7.74009     7.66805     7.60994     7.51723     7.38393     7.11581     6.68340
  7.99093     7.73993     7.66804     7.60972     7.51634     7.38303     7.11439     6.68223
  7.99093     7.73997     7.66844     7.60990     7.51630     7.38307     7.11435     6.68199
  7.99093     7.74003     7.66857     7.60990     7.51638     7.38321     7.11403     6.68184
  7.99093     7.74009     7.66852     7.60984     7.51637     7.38314     7.11361     6.68155
  7.99093     7.74009     7.66894     7.60975     7.51618     7.38290     7.11318     6.68098
  7.99093     7.74009     7.66927     7.60966     7.51597     7.38264     7.11297     6.68051
  7.99093     7.74020     7.66932     7.60964     7.51597     7.38257     7.11279     6.68028
  7.99093     7.74041     7.66947     7.60971     7.51610     7.38258     7.11256     6.68012
  7.99093     7.74052     7.66966     7.60970     7.51606     7.38245     7.11241     6.67987
  7.99093     7.74050     7.66979     7.60955     7.51595     7.38229     7.11232     6.67961
  7.99093     7.74064     7.67000     7.60967     7.51614     7.38235     7.11239     6.67986
  7.99093     7.74087     7.67000     7.60973     7.51619     7.38225     7.11198     6.67965
  7.99093     7.74074     7.66999     7.60962     7.51613     7.38085     7.11146     6.67924
  7.99093     7.74057     7.67006     7.60952     7.51620     7.38069     7.11150     6.67899
  7.99093     7.74097     7.67045     7.61014     7.51672     7.38132     7.11158     6.67936
  7.99093     7.74098     7.67064     7.61026     7.51685     7.38130     7.11170     6.67955
  7.99093     7.74101     7.67080     7.61054     7.51720     7.38177     7.11225     6.68009
  7.99093     7.74104     7.67099     7.61073     7.51756     7.38227     7.11270     6.68072
  7.99093     7.74113     7.67135     7.61107     7.51797     7.38273     7.11304     6.68140
  7.99093     7.74123     7.67160     7.61144     7.51832     7.38319     7.11349     6.68212
  7.99093     7.74144     7.67181     7.61183     7.51883     7.38372     7.11385     6.68320
  7.99093     7.74164     7.67198     7.61210     7.51933     7.38423     7.11418     6.68437
  7.99093     7.74173     7.67221     7.61228     7.51962     7.38469     7.11500     6.68532
  7.99093     7.74194     7.67285     7.61276     7.52015     7.38530     7.11614     6.68644
  7.99093     7.74216     7.67345     7.61325     7.52072     7.38587     7.11692     6.68751
  7.99093     7.74251     7.67378     7.61371     7.52126     7.38671     7.11751     6.68876
  7.99093     7.74282     7.67429     7.61442     7.52183     7.38739     7.11878     6.69005
  7.99093     7.74303     7.67482     7.61492     7.52245     7.38820     7.12014     6.69114
  7.99093     7.74430     7.67647     7.61642     7.52460     7.39061     7.12304     6.69455
  7.99093     7.74486     7.67688     7.61686     7.52517     7.39125     7.12379     6.69537
  7.99093     7.74433     7.67645     7.61653     7.52497     7.39103     7.12371     6.69563
  7.99093     7.74426     7.67655     7.61675     7.52527     7.39131     7.12416     6.69623
  7.99093     7.74456     7.67734     7.61746     7.52601     7.39195     7.12513     6.69719
  7.99093     7.74494     7.67814     7.61808     7.52669     7.39209     7.12635     6.69789
  7.99093     7.74542     7.67874     7.61863     7.52732     7.39226     7.12678     6.69846
  7.99093     7.74587     7.67921     7.61909     7.52791     7.39281     7.12651     6.69931
  7.99093     7.74619     7.67965     7.61941     7.52835     7.39327     7.12688     6.70015
  7.99093     7.74658     7.68023     7.61992     7.52890     7.39382     7.12786     6.70072
  7.99093     7.74716     7.68082     7.62046     7.52963     7.39448     7.12854     6.70140
  7.99093     7.74761     7.68130     7.62088     7.53026     7.39526     7.12911     6.70192
  7.99093     7.74804     7.68152     7.62129     7.53054     7.39692     7.12986     6.70241
  7.99093     7.74842     7.68221     7.62179     7.53126     7.39768     7.13040     6.70302
  7.99093     7.74933     7.68342     7.62317     7.53244     7.39938     7.13149     6.70488
  7.99093     7.74961     7.68394     7.62374     7.53315     7.40004     7.13199     6.70544
  7.99093     7.74985     7.68417     7.62415     7.53371     7.40068     7.13247     6.70639
  7.99093     7.75018     7.68454     7.62459     7.53434     7.40149     7.13272     6.70734
  7.99093     7.75046     7.68500     7.62511     7.53505     7.40222     7.13312     6.70817
  7.99093     7.75135     7.68548     7.62565     7.53562     7.40288     7.13406     6.70904
  7.99093     7.75221     7.68587     7.62610     7.53614     7.40334     7.13483     6.70986
  7.99093     7.75247     7.68623     7.62649     7.53674     7.40374     7.13513     6.71053
  7.99093     7.75264     7.68679     7.62701     7.53736     7.40438     7.13607     6.71120
  7.99093     7.75289     7.68755     7.62769     7.53796     7.40508     7.13780     6.71194
  7.99093     7.75335     7.68827     7.62835     7.53838     7.40580     7.13882     6.71257
  7.99093     7.75384     7.68876     7.62900     7.53899     7.40645     7.13908     6.71330
  7.99093     7.75415     7.68908     7.62950     7.53953     7.40699     7.13953     6.71391
  7.99093     7.75452     7.68968     7.63001     7.54023     7.40766     7.14038     6.71449
  7.99093     7.75566     7.69124     7.63170     7.54150     7.40942     7.14249     6.71598
  7.99093     7.75605     7.69178     7.63236     7.54198     7.40976     7.14295     6.71636
  7.99093     7.75638     7.69210     7.63273     7.54217     7.40986     7.14335     6.71639
  7.99093     7.75673     7.69251     7.63315     7.54235     7.41010     7.14325     6.71654
  7.99093     7.75691     7.69297     7.63343     7.54346     7.41023     7.14314     6.71666
  7.99093     7.75699     7.69339     7.63363     7.54408     7.41026     7.14319     6.71660
  7.99093     7.75709     7.69358     7.63375     7.54389     7.41015     7.14294     6.71641
  7.99093     7.75717     7.69366     7.63380     7.54327     7.40997     7.14235     6.71616
  7.99093     7.75712     7.69389     7.63389     7.54250     7.40974     7.14200     6.71584
  7.99093     7.75697     7.69405     7.63387     7.54224     7.40927     7.14206     6.71532
  7.99093     7.75694     7.69410     7.63363     7.54174     7.40874     7.14197     6.71463
  7.99093     7.75709     7.69414     7.63346     7.54142     7.40832     7.14147     6.71397
  7.99093     7.75713     7.69409     7.63322     7.54102     7.40771     7.14092     6.71313
  7.99093     7.75700     7.69401     7.63287     7.54044     7.40692     7.14032     6.71236
  7.99093     7.75618     7.69328     7.63131     7.53769     7.40400     7.13748     6.70906
  7.99093     7.75573     7.69292     7.63080     7.53710     7.40299     7.13662     6.70808
  7.99093     7.75538     7.69238     7.62991     7.53636     7.40182     7.13581     6.70684
  7.99093     7.75498     7.69198     7.62916     7.53559     7.40080     7.13451     6.70563
  7.99093     7.75455     7.69165     7.62866     7.53485     7.39986     7.13336     6.70449
  7.99093     7.75416     7.69131     7.62811     7.53406     7.39878     7.13223     6.70322
  7.99093     7.75366     7.69072     7.62730     7.53309     7.39748     7.13089     6.70174
  7.99093     7.75311     7.69015     7.62653     7.53220     7.39629     7.12951     6.70039
  7.99093     7.75262     7.68985     7.62593     7.53156     7.39542     7.12834     6.69935
  7.99093     7.75207     7.68950     7.62524     7.53089     7.39455     7.12740     6.69836
  7.99093     7.75161     7.68916     7.62459     7.53015     7.39371     7.12628     6.69743
  7.99093     7.75110     7.68863     7.62382     7.52947     7.39285     7.12534     6.69654
  7.99093     7.75070     7.68845     7.62345     7.52913     7.39228     7.12430     6.69605
  7.99093     7.75016     7.68806     7.62289     7.52849     7.39156     7.12320     6.69556
  7.99093     7.74947     7.68710     7.62148     7.52744     7.38882     7.12074     6.69383
  7.99093     7.74899     7.68679     7.62118     7.52735     7.38840     7.12022     6.69384
  7.99093     7.74875     7.68651     7.62075     7.52726     7.38812     7.11972     6.69367
  7.99093     7.74866     7.68644     7.62061     7.52730     7.38808     7.11955     6.69372
  7.99093     7.74866     7.68668     7.62081     7.52752     7.38848     7.11951     6.69427
  7.99093     7.74867     7.68699     7.62114     7.52788     7.38904     7.11963     6.69504
  7.99093     7.74874     7.68716     7.62132     7.52822     7.38973     7.11995     6.69571
  7.99093     7.74890     7.68747     7.62151     7.52866     7.39060     7.12033     6.69649
  7.99093     7.74907     7.68802     7.62188     7.52928     7.39144     7.12080     6.69761
  7.99093     7.74922     7.68842     7.62229     7.52984     7.39222     7.12145     6.69869
  7.99093     7.74943     7.68880     7.62275     7.53045     7.39310     7.12215     6.69951
  7.99093     7.74946     7.68923     7.62343     7.53113     7.39424     7.12327     6.70050
  7.99093     7.74987     7.68988     7.62432     7.53191     7.39534     7.12409     6.70181
  7.99093     7.75022     7.69031     7.62493     7.53257     7.39610     7.12447     6.70305
  7.99093     7.75251     7.69316     7.62787     7.53565     7.39981     7.12811     6.70788
  7.99093     7.75331     7.69402     7.62894     7.53686     7.40123     7.12930     6.70949
  7.99093     7.75393     7.69474     7.62975     7.53785     7.40226     7.13083     6.71092
  7.99093     7.75442     7.69549     7.63053     7.53884     7.40322     7.13203     6.71211
  7.99093     7.75515     7.69663     7.63162     7.54009     7.40454     7.13380     6.71366
  7.99093     7.75684     7.69770     7.63270     7.54126     7.40560     7.13556     6.71557
  7.99093     7.75840     7.69850     7.63355     7.54216     7.40640     7.13696     6.71707
  7.99093     7.75909     7.69932     7.63440     7.54305     7.40738     7.13823     6.71819
  7.99093     7.75962     7.70024     7.63538     7.54406     7.40852     7.13960     6.71953
  7.99093     7.76023     7.70111     7.63628     7.54498     7.40948     7.14109     6.72102
  7.99093     7.76094     7.70180     7.63712     7.54579     7.40994     7.14207     6.72230
  7.99093     7.76164     7.70254     7.63790     7.54660     7.41076     7.14349     6.72348
  7.99093     7.76220     7.70332     7.63870     7.54764     7.41195     7.14459     6.72495
  7.99093     7.76296     7.70363     7.63938     7.54856     7.41296     7.14553     6.72616
  7.99093     7.76462     7.70642     7.64231     7.55081     7.41506     7.14892     6.72955
  7.99093     7.76508     7.70695     7.64291     7.55144     7.41559     7.14983     6.73045
  7.99093     7.76545     7.70727     7.64331     7.55185     7.41605     7.15076     6.73122
  7.99093     7.76582     7.70772     7.64385     7.55235     7.41663     7.15165     6.73210
  7.99093     7.76624     7.70840     7.64457     7.55308     7.41752     7.15209     6.73320
  7.99093     7.76664     7.70888     7.64514     7.55370     7.41827     7.15248     6.73431
  7.99093     7.76705     7.70922     7.64552     7.55417     7.41877     7.15296     6.73525
  7.99093     7.76738     7.70927     7.64593     7.55472     7.41929     7.15341     6.73604
  7.99093     7.76766     7.70918     7.64637     7.55533     7.41987     7.15402     6.73674
  7.99093     7.76805     7.70961     7.64681     7.55587     7.42044     7.15477     6.73745
  7.99093     7.76865     7.71010     7.64749     7.55635     7.42109     7.15544     6.73846
  7.99093     7.76956     7.71109     7.64882     7.55720     7.42188     7.15674     6.73955
  7.99093     7.76989     7.71166     7.64942     7.55789     7.42250     7.15728     6.74007
  7.99093     7.77019     7.71226     7.64989     7.55836     7.42314     7.15826     6.74067
  7.99093     7.77105     7.71374     7.65062     7.55966     7.42436     7.16017     6.74207
  7.99093     7.77133     7.71409     7.65098     7.56007     7.42483     7.15991     6.74251
  7.99093     7.77165     7.71427     7.65112     7.56040     7.42523     7.15956     6.74277
  7.99093     7.77202     7.71489     7.65149     7.56077     7.42563     7.16038     6.74294
  7.99093     7.77222     7.71552     7.65187     7.56115     7.42597     7.16108     6.74315
  7.99093     7.77242     7.71604     7.65222     7.56145     7.42618     7.16150     6.74354
  7.99093     7.77261     7.71636     7.65250     7.56154     7.42620     7.16170     6.74373
  7.99093     7.77275     7.71663     7.65274     7.56162     7.42627     7.16180     6.74376
  7.99093     7.77291     7.71709     7.65304     7.56187     7.42660     7.16205     6.74394
  7.99093     7.77308     7.71751     7.65329     7.56205     7.42690     7.16216     6.74408
  7.99093     7.77338     7.71775     7.65365     7.56213     7.42692     7.16222     6.74427
  7.99093     7.77348     7.71813     7.65463     7.56218     7.42685     7.16223     6.74428
  7.99093     7.77350     7.71840     7.65484     7.56236     7.42685     7.16204     6.74427
  7.99093     7.77375     7.71872     7.65497     7.56229     7.42688     7.16223     6.74447
  7.99093     7.77462     7.71875     7.65568     7.56223     7.42700     7.16262     6.74506
  7.99093     7.77462     7.71889     7.65572     7.56175     7.42694     7.16295     6.74525
  7.99093     7.77455     7.71888     7.65559     7.56134     7.42671     7.16279     6.74513
  7.99093     7.77445     7.71903     7.65555     7.56119     7.42646     7.16275     6.74503
  7.99093     7.77435     7.71921     7.65547     7.56107     7.42625     7.16270     6.74488
  7.99093     7.77430     7.71915     7.65514     7.56074     7.42580     7.16245     6.74473
  7.99093     7.77428     7.71902     7.65473     7.56034     7.42521     7.16186     6.74448
  7.99093     7.77424     7.71905     7.65446     7.55996     7.42465     7.16141     6.74422
  7.99093     7.77414     7.71917     7.65429     7.55954     7.42405     7.16142     6.74402
  7.99093     7.77402     7.71922     7.65401     7.55913     7.42345     7.16111     6.74369
  7.99093     7.77400     7.71950     7.65359     7.55866     7.42289     7.16047     6.74339
  7.99093     7.77372     7.72052     7.65319     7.55793     7.42216     7.15969     6.74273
  7.99093     7.77253     7.71942     7.65198     7.55618     7.42058     7.15858     6.74137
  7.99093     7.77212     7.71910     7.65157     7.55568     7.41991     7.15794     6.74066
  7.99093     7.77064     7.71774     7.64955     7.55322     7.41719     7.15525     6.73822
  7.99093     7.77005     7.71740     7.64895     7.55256     7.41627     7.15433     6.73732
  7.99093     7.76968     7.71709     7.64837     7.55188     7.41521     7.15346     6.73670
  7.99093     7.76929     7.71689     7.64782     7.55136     7.41427     7.15277     6.73617
  7.99093     7.76886     7.71655     7.64735     7.55069     7.41349     7.15205     6.73557
  7.99093     7.76841     7.71604     7.64671     7.54984     7.41271     7.15108     6.73484
  7.99093     7.76789     7.71536     7.64581     7.54878     7.41172     7.14985     6.73399
  7.99093     7.76737     7.71483     7.64499     7.54776     7.41074     7.14877     6.73324
  7.99093     7.76691     7.71454     7.64435     7.54705     7.40996     7.14789     6.73253
  7.99093     7.76642     7.71406     7.64365     7.54633     7.40911     7.14685     6.73160
  7.99093     7.76591     7.71343     7.64284     7.54548     7.40814     7.14588     6.73085
  7.99093     7.76530     7.71279     7.64205     7.54468     7.40730     7.14460     6.73004
  7.99093     7.76483     7.71249     7.64156     7.54411     7.40659     7.14393     6.72977
  7.99093     7.76428     7.71178     7.64090     7.54298     7.40505     7.14367     6.72913
  7.99093     7.76341     7.71108     7.63984     7.54176     7.40379     7.14196     6.72859
  7.99093     7.76331     7.71091     7.63954     7.54158     7.40355     7.14150     6.72856
  7.99093     7.76336     7.71084     7.63931     7.54130     7.40346     7.14114     6.72868
  7.99093     7.76320     7.71085     7.63933     7.54112     7.40335     7.14102     6.72894
  7.99093     7.76296     7.71080     7.63940     7.54106     7.40338     7.14106     6.72921
  7.99093     7.76281     7.71075     7.63936     7.54104     7.40344     7.14107     6.72957
  7.99093     7.76273     7.71075     7.63931     7.54111     7.40347     7.14114     6.73001
  7.99093     7.76263     7.71081     7.63934     7.54124     7.40350     7.14117     6.73037
  7.99093     7.76261     7.71095     7.63941     7.54138     7.40358     7.14089     6.73062
  7.99093     7.76279     7.71108     7.63949     7.54156     7.40382     7.14074     6.73097
  7.99093     7.76301     7.71126     7.63958     7.54160     7.40404     7.14125     6.73134
  7.99093     7.76318     7.71154     7.63982     7.54188     7.40419     7.14173     6.73151
  7.99093     7.76329     7.71176     7.64009     7.54221     7.40429     7.14182     6.73147
  7.99093     7.76340     7.71183     7.64017     7.54174     7.40447     7.14166     6.73141
  7.99093     7.76447     7.71303     7.64132     7.54294     7.40543     7.14232     6.73179
  7.99093     7.76488     7.71333     7.64170     7.54334     7.40577     7.14282     6.73163
  7.99093     7.76530     7.71369     7.64195     7.54369     7.40615     7.14286     6.73161
  7.99093     7.76553     7.71404     7.64239     7.54400     7.40648     7.14288     6.73163
  7.99093     7.76574     7.71443     7.64289     7.54441     7.40674     7.14306     6.73155
  7.99093     7.76607     7.71489     7.64336     7.54500     7.40713     7.14289     6.73147
  7.99093     7.76659     7.71547     7.64390     7.54568     7.40769     7.14293     6.73159
  7.99093     7.76715     7.71615     7.64462     7.54633     7.40851     7.14345     6.73183
  7.99093     7.76760     7.71680     7.64566     7.54696     7.40943     7.14333     6.73194
  7.99093     7.76816     7.71733     7.64677     7.54751     7.41001     7.14250     6.73205
  7.99093     7.76888     7.71785     7.64738     7.54799     7.41067     7.14289     6.73241
  7.99093     7.76957     7.71851     7.64812     7.54864     7.41135     7.14376     6.73311
  7.99093     7.77007     7.71935     7.64890     7.54942     7.41200     7.14400     6.73347
  7.99093     7.77161     7.72071     7.65039     7.55091     7.41373     7.14542     6.73453
