  8.01053     7.77095     7.69994     7.64825     7.55870     7.43851     7.17827     6.74212
  8.00976     7.76920     7.69845     7.64641     7.55698     7.43651     7.17566     6.73959
  8.00885     7.76770     7.69676     7.64458     7.55507     7.43433     7.17356     6.73681
  8.00818     7.76612     7.69535     7.64272     7.55340     7.43225     7.17097     6.73415
  8.00739     7.76469     7.69367     7.64086     7.55144     7.43017     7.16837     6.73135
  8.00666     7.76325     7.69215     7.63906     7.54974     7.42810     7.16568     6.72878
  8.00518     7.76062     7.68889     7.63553     7.54629     7.42420     7.16063     6.72383
  8.00458     7.75944     7.68730     7.63394     7.54458     7.42225     7.15828     6.72145
  8.00426     7.75809     7.68594     7.63242     7.54304     7.42049     7.15561     6.71933
  8.00392     7.75703     7.68455     7.63109     7.54151     7.41881     7.15322     6.71723
  8.00388     7.75584     7.68332     7.62986     7.54014     7.41730     7.15057     6.71539
  8.00361     7.75493     7.68213     7.62875     7.53889     7.41598     7.14840     6.71354
  8.00359     7.75410     7.68105     7.62779     7.53781     7.41482     7.14632     6.71207
  8.00346     7.75343     7.68008     7.62708     7.53689     7.41393     7.14463     6.71058
  8.00342     7.75297     7.67936     7.62641     7.53610     7.41325     7.14320     6.70970
  8.00340     7.75265     7.67869     7.62607     7.53556     7.41280     7.14157     6.70894
  8.00340     7.75260     7.67833     7.62587     7.53510     7.41258     7.14077     6.70863
  8.00349     7.75262     7.67804     7.62580     7.53491     7.41235     7.13961     6.70853
  8.00371     7.75284     7.67810     7.62588     7.53477     7.41247     7.13947     6.70860
  8.00391     7.75307     7.67823     7.62610     7.53502     7.41266     7.13906     6.70899
  8.00421     7.75344     7.67857     7.62646     7.53512     7.41315     7.13934     6.70951
  8.00436     7.75385     7.67895     7.62698     7.53568     7.41381     7.13943     6.70944
  8.00452     7.75442     7.67961     7.62762     7.53603     7.41456     7.14027     6.71044
  8.00462     7.75482     7.68061     7.62832     7.53666     7.41540     7.14086     6.71073
  8.00464     7.75545     7.68134     7.62904     7.53717     7.41628     7.14225     6.71200
  8.00473     7.75588     7.68255     7.62982     7.53788     7.41724     7.14318     6.71345
  8.00468     7.75648     7.68323     7.63055     7.53842     7.41814     7.14446     6.71489
  8.00470     7.75696     7.68404     7.63126     7.53922     7.41859     7.14521     6.71630
  8.00462     7.75742     7.68469     7.63193     7.53978     7.41935     7.14630     6.71757
  8.00464     7.75774     7.68541     7.63246     7.54040     7.41953     7.14684     6.71881
  8.00445     7.75803     7.68586     7.63285     7.54090     7.42023     7.14788     6.71941
  8.00434     7.75814     7.68638     7.63313     7.54128     7.42065     7.14862     6.72038
  8.00398     7.75832     7.68657     7.63327     7.54160     7.42109     7.14929     6.72057
  8.00366     7.75831     7.68680     7.63323     7.54179     7.42116     7.14987     6.72111
  8.00311     7.75831     7.68679     7.63316     7.54189     7.42116     7.15018     6.72130
  8.00265     7.75809     7.68680     7.63288     7.54173     7.42095     7.15029     6.72146
  8.00199     7.75786     7.68655     7.63249     7.54158     7.42059     7.15030     6.72134
  8.00152     7.75748     7.68633     7.63189     7.54115     7.42020     7.15019     6.72108
  8.00063     7.75687     7.68582     7.63123     7.54085     7.41965     7.14980     6.72062
  8.00017     7.75635     7.68533     7.63057     7.54024     7.41900     7.14943     6.72005
  7.99925     7.75611     7.68477     7.62984     7.53982     7.41832     7.14865     6.72020
  7.99876     7.75545     7.68421     7.62917     7.53912     7.41756     7.14790     6.71965
  7.99812     7.75527     7.68357     7.62845     7.53867     7.41685     7.14697     6.71978
  7.99764     7.75468     7.68268     7.62773     7.53798     7.41610     7.14607     6.71915
  7.99717     7.75405     7.68203     7.62708     7.53758     7.41562     7.14523     6.71876
  7.99668     7.75353     7.68115     7.62639     7.53704     7.41516     7.14460     6.71830
  7.99626     7.75291     7.68062     7.62587     7.53676     7.41486     7.14382     6.71835
  7.99582     7.75248     7.68010     7.62543     7.53648     7.41469     7.14351     6.71832
  7.99587     7.75204     7.67975     7.62521     7.53642     7.41464     7.14302     6.71867
  7.99559     7.75188     7.67940     7.62512     7.53639     7.41477     7.14283     6.71897
  7.99575     7.75199     7.67922     7.62527     7.53660     7.41491     7.14284     6.71966
  7.99554     7.75214     7.67905     7.62538     7.53695     7.41540     7.14299     6.72046
  7.99546     7.75253     7.67915     7.62570     7.53749     7.41587     7.14357     6.72161
  7.99532     7.75288     7.67960     7.62620     7.53821     7.41674     7.14425     6.72285
  7.99540     7.75332     7.68003     7.62696     7.53910     7.41799     7.14540     6.72434
  8.00335     7.75534     7.67482     7.62816     7.53991     7.41885     7.14710     6.72423
  7.99906     7.75548     7.68271     7.63083     7.54129     7.41876     7.14586     6.72678
  8.00730     7.75796     7.67744     7.63232     7.54242     7.41998     7.14832     6.72707
  8.00341     7.75842     7.68558     7.63531     7.54404     7.41993     7.14749     6.73003
  8.00406     7.75981     7.68665     7.63678     7.54569     7.42190     7.14967     6.73241
  8.00485     7.76098     7.68789     7.63853     7.54737     7.42353     7.15237     6.73487
  8.00558     7.76222     7.68925     7.63977     7.54917     7.42563     7.15468     6.73744
  8.00632     7.76360     7.69075     7.64164     7.55095     7.42730     7.15764     6.73979
  8.00706     7.76494     7.69224     7.64298     7.55280     7.42947     7.16003     6.74222
  8.00785     7.76653     7.69376     7.64488     7.55459     7.43147     7.16246     6.74463
  8.00855     7.76803     7.69532     7.64672     7.55642     7.43355     7.16498     6.74705
  8.00928     7.76963     7.69687     7.64861     7.55823     7.43554     7.16718     6.74952
  8.01000     7.77114     7.69857     7.65039     7.56005     7.43757     7.16965     6.75184
  8.01081     7.77213     7.70019     7.65217     7.56178     7.43931     7.17226     6.75398
  8.01167     7.77353     7.70187     7.65378     7.56346     7.44111     7.17438     6.75586
  8.01254     7.77445     7.70332     7.65532     7.56511     7.44265     7.17671     6.75765
  8.01331     7.77569     7.70477     7.65671     7.56651     7.44415     7.17864     6.75922
  8.01405     7.77687     7.70597     7.65799     7.56787     7.44545     7.18049     6.76076
  8.01471     7.77800     7.70718     7.65919     7.56911     7.44671     7.18224     6.76206
  8.01539     7.77890     7.70823     7.66025     7.57016     7.44775     7.18390     6.76320
  8.01613     7.77983     7.70937     7.66122     7.57114     7.44866     7.18529     6.76422
  8.01671     7.78065     7.71030     7.66201     7.57208     7.44942     7.18645     6.76508
  8.01732     7.78140     7.71134     7.66273     7.57274     7.44999     7.18716     6.76575
  8.01785     7.78187     7.71211     7.66327     7.57336     7.45054     7.18763     6.76642
  8.01838     7.78239     7.71281     7.66382     7.57383     7.45079     7.18810     6.76655
  8.01889     7.78267     7.71334     7.66416     7.57416     7.45103     7.18853     6.76662
  8.01952     7.78303     7.71382     7.66454     7.57445     7.45108     7.18904     6.76637
  8.01999     7.78333     7.71412     7.66461     7.57462     7.45111     7.18903     6.76600
  8.02062     7.78362     7.71444     7.66475     7.57478     7.45095     7.18916     6.76564
  8.02110     7.78390     7.71450     7.66471     7.57480     7.45093     7.18866     6.76528
  8.02163     7.78421     7.71464     7.66478     7.57484     7.45070     7.18837     6.76481
  8.02205     7.78483     7.71475     7.66471     7.57480     7.45065     7.18805     6.76434
  8.02250     7.78509     7.71482     7.66484     7.57480     7.45040     7.18776     6.76379
  8.02294     7.78574     7.71503     7.66491     7.57481     7.45034     7.18737     6.76335
  8.02349     7.78603     7.71525     7.66517     7.57487     7.45026     7.18706     6.76290
  8.02400     7.78635     7.71545     7.66535     7.57482     7.45028     7.18624     6.76259
  8.02463     7.78673     7.71576     7.66570     7.57508     7.45040     7.18593     6.76245
  8.02524     7.78709     7.71605     7.66599     7.57515     7.45063     7.18542     6.76230
  8.02587     7.78761     7.71635     7.66647     7.57552     7.45089     7.18527     6.76244
  8.02661     7.78809     7.71683     7.66698     7.57587     7.45129     7.18529     6.76266
  8.02729     7.78866     7.71726     7.66761     7.57641     7.45173     7.18568     6.76306
  8.02805     7.78956     7.71798     7.66832     7.57686     7.45256     7.18604     6.76350
  8.02873     7.79027     7.71866     7.66898     7.57757     7.45321     7.18655     6.76421
  8.02953     7.79130     7.71957     7.66989     7.57824     7.45429     7.18735     6.76479
  8.03024     7.79225     7.72026     7.67068     7.57902     7.45503     7.18786     6.76562
  8.03106     7.79315     7.72118     7.67163     7.57986     7.45586     7.18867     6.76645
  8.03187     7.79404     7.72181     7.67238     7.58072     7.45676     7.18939     6.76745
  8.03277     7.79493     7.72264     7.67323     7.58162     7.45750     7.19037     6.76832
  8.03362     7.79616     7.72335     7.67408     7.58240     7.45840     7.19119     6.76942
  8.03447     7.79701     7.72423     7.67498     7.58380     7.45916     7.19238     6.77036
  8.03519     7.79819     7.72504     7.67585     7.58459     7.45995     7.19323     6.77148
  8.03587     7.79913     7.72593     7.67671     7.58585     7.46094     7.19445     6.77253
  8.03641     7.79991     7.72681     7.67740     7.58653     7.46165     7.19537     6.77345
  8.03711     7.80082     7.72765     7.67818     7.58715     7.46262     7.19620     6.77441
  8.03763     7.80147     7.72843     7.67884     7.58767     7.46327     7.19702     6.77510
  8.03824     7.80220     7.72912     7.67956     7.58818     7.46383     7.19781     6.77585
  8.03873     7.80266     7.72973     7.68008     7.58861     7.46436     7.19852     6.77648
  8.03923     7.80309     7.73023     7.68054     7.58900     7.46478     7.19948     6.77705
  8.03993     7.80371     7.73114     7.68122     7.59023     7.46538     7.20080     6.77782
  8.04015     7.80405     7.73159     7.68144     7.59046     7.46554     7.20126     6.77796
  8.04039     7.80428     7.73181     7.68157     7.59127     7.46579     7.20165     6.77813
  8.04055     7.80437     7.73201     7.68154     7.59150     7.46566     7.20199     6.77797
  8.04068     7.80449     7.73197     7.68143     7.59151     7.46571     7.20207     6.77797
  8.04071     7.80434     7.73194     7.68131     7.59150     7.46545     7.20232     6.77778
  8.04065     7.80424     7.73171     7.68101     7.59138     7.46528     7.20214     6.77755
  8.04047     7.80405     7.73160     7.68082     7.59123     7.46498     7.20192     6.77723
  8.04029     7.80382     7.73128     7.68034     7.59098     7.46471     7.20149     6.77692
  8.03996     7.80354     7.73115     7.68007     7.59073     7.46438     7.20123     6.77664
  8.03963     7.80321     7.73085     7.67958     7.59047     7.46400     7.20066     6.77656
  8.03923     7.80281     7.73061     7.67931     7.58991     7.46359     7.20057     6.77650
  8.03879     7.80236     7.73025     7.67888     7.58956     7.46325     7.20020     6.77638
  8.03832     7.80186     7.72989     7.67860     7.58900     7.46290     7.19991     6.77636
  8.03788     7.80137     7.72950     7.67819     7.58863     7.46270     7.19955     6.77602
  8.03747     7.80096     7.72911     7.67798     7.58827     7.46252     7.19939     6.77593
  8.03698     7.80063     7.72879     7.67764     7.58795     7.46241     7.19904     6.77584
  8.03657     7.80025     7.72847     7.67742     7.58769     7.46226     7.19900     6.77579
  8.03606     7.79997     7.72818     7.67717     7.58743     7.46222     7.19880     6.77579
  8.03561     7.79974     7.72791     7.67695     7.58735     7.46209     7.19856     6.77588
  8.03517     7.79945     7.72774     7.67679     7.58719     7.46205     7.19858     6.77593
  8.03486     7.79926     7.72750     7.67663     7.58802     7.46210     7.19850     6.77600
  8.03453     7.79906     7.72734     7.67660     7.58845     7.46199     7.19877     6.77603
  8.03427     7.79889     7.72719     7.67655     7.58922     7.46204     7.19881     6.77612
  8.03403     7.79872     7.72710     7.67664     7.58964     7.46193     7.19900     6.77602
  8.03376     7.79861     7.72693     7.67656     7.58955     7.46203     7.19900     6.77602
  8.03351     7.79845     7.72681     7.67654     7.58947     7.46200     7.19899     6.77590
  8.03334     7.79843     7.72664     7.67637     7.58940     7.46204     7.19906     6.77579
  8.03312     7.79827     7.72655     7.67625     7.58928     7.46197     7.19911     6.77547
  8.03297     7.79829     7.72635     7.67607     7.58934     7.46198     7.19904     6.77529
  8.03278     7.79824     7.72634     7.67596     7.58918     7.46174     7.19917     6.77465
  8.03267     7.79814     7.72622     7.67579     7.58913     7.46160     7.19890     6.77410
  8.03251     7.79796     7.72625     7.67562     7.58903     7.46121     7.19876     6.77357
  8.03246     7.79777     7.72614     7.67541     7.58875     7.46084     7.19845     6.77285
  8.03245     7.79754     7.72608     7.67523     7.58852     7.46029     7.19820     6.77218
  8.03246     7.79730     7.72582     7.67493     7.58807     7.45975     7.19797     6.77129
  8.03289     7.79702     7.72551     7.67450     7.58762     7.45917     7.19736     6.77027
  8.03280     7.79675     7.72509     7.67395     7.58700     7.45842     7.19641     6.76910
  8.03319     7.79644     7.72468     7.67334     7.58637     7.45770     7.19526     6.76816
  8.03301     7.79605     7.72424     7.67268     7.58551     7.45677     7.19410     6.76690
  8.03303     7.79572     7.72373     7.67203     7.58516     7.45588     7.19313     6.76571
  8.03292     7.79526     7.72322     7.67136     7.58423     7.45485     7.19220     6.76432
  8.03290     7.79480     7.72262     7.67060     7.58382     7.45379     7.19117     6.76285
  8.03274     7.79416     7.72208     7.66985     7.58290     7.45267     7.18984     6.76128
  8.03271     7.79359     7.72153     7.66900     7.58222     7.45160     7.18831     6.75980
  8.03251     7.79293     7.72100     7.66831     7.58117     7.45039     7.18707     6.75807
  8.03332     7.79231     7.72042     7.66739     7.58037     7.44934     7.18550     6.75654
  8.03325     7.79166     7.71983     7.66667     7.57937     7.44818     7.18467     6.75486
  8.03403     7.79107     7.71921     7.66569     7.57847     7.44712     7.18305     6.75344
  8.03393     7.79052     7.71864     7.66502     7.57758     7.44602     7.18173     6.75198
  8.03388     7.79008     7.71803     7.66424     7.57593     7.44501     7.17974     6.75055
  8.03374     7.78965     7.71746     7.66363     7.57512     7.44400     7.17833     6.74916
  8.03370     7.78928     7.71688     7.66295     7.57354     7.44305     7.17667     6.74773
  8.03371     7.78881     7.71639     7.66238     7.57273     7.44209     7.17572     6.74643
  8.03370     7.78835     7.71586     7.66175     7.57197     7.44117     7.17448     6.74511
  8.03375     7.78790     7.71550     7.66118     7.57121     7.44030     7.17353     6.74403
  8.03374     7.78744     7.71498     7.66065     7.57031     7.43948     7.17227     6.74266
  8.03370     7.78707     7.71459     7.66006     7.56964     7.43859     7.17128     6.74148
  8.03367     7.78663     7.71417     7.65948     7.56877     7.43775     7.17022     6.74013
  8.03360     7.78620     7.71375     7.65890     7.56814     7.43688     7.16925     6.73873
  8.03346     7.78580     7.71336     7.65830     7.56741     7.43591     7.16839     6.73748
  8.03349     7.78538     7.71290     7.65771     7.56664     7.43505     7.16736     6.73605
  8.03327     7.78489     7.71244     7.65704     7.56581     7.43403     7.16633     6.73472
  8.03316     7.78446     7.71189     7.65632     7.56497     7.43311     7.16508     6.73344
  8.03300     7.78389     7.71141     7.65558     7.56399     7.43195     7.16387     6.73207
  8.03282     7.78335     7.71081     7.65475     7.56302     7.43092     7.16276     6.73064
  8.03263     7.78261     7.71027     7.65393     7.56204     7.42977     7.16145     6.72926
  8.03243     7.78202     7.70944     7.65287     7.56105     7.42870     7.16055     6.72768
  8.03206     7.78129     7.70884     7.65197     7.56003     7.42746     7.15951     6.72625
  8.03176     7.78062     7.70806     7.65085     7.55906     7.42638     7.15832     6.72468
  8.03132     7.77992     7.70743     7.64990     7.55814     7.42510     7.15739     6.72330
  8.03037     7.77930     7.70683     7.64889     7.55715     7.42400     7.15590     6.72175
  8.02991     7.77850     7.70619     7.64799     7.55617     7.42286     7.15446     6.72044
  8.02886     7.77775     7.70549     7.64701     7.55508     7.42177     7.15296     6.71905
  8.02830     7.77700     7.70470     7.64615     7.55404     7.42072     7.15156     6.71765
  8.02779     7.77624     7.70387     7.64524     7.55287     7.41958     7.15016     6.71634
  8.02709     7.77543     7.70305     7.64437     7.55190     7.41851     7.14910     6.71502
  8.02648     7.77469     7.70222     7.64371     7.55090     7.41733     7.14789     6.71372
  8.02577     7.77383     7.70148     7.64278     7.54995     7.41622     7.14678     6.71270
  8.02503     7.77303     7.70067     7.64220     7.54893     7.41508     7.14568     6.71154
  8.02423     7.77218     7.69997     7.64138     7.54794     7.41402     7.14444     6.71045
  8.02328     7.77128     7.69923     7.64054     7.54681     7.41305     7.14340     6.70935
  8.02232     7.77040     7.69845     7.63971     7.54589     7.41214     7.14206     6.70824
  8.02129     7.76945     7.69764     7.63879     7.54487     7.41113     7.14094     6.70706
  8.02032     7.76853     7.69712     7.63778     7.54389     7.41017     7.13962     6.70582
  8.01933     7.76762     7.69615     7.63677     7.54282     7.40903     7.13849     6.70463
  8.01826     7.76666     7.69552     7.63569     7.54177     7.40794     7.13713     6.70328
  8.01710     7.76568     7.69459     7.63463     7.54063     7.40670     7.13601     6.70209
  8.01593     7.76460     7.69353     7.63339     7.53949     7.40554     7.13469     6.70074
  8.01455     7.76345     7.69250     7.63222     7.53836     7.40425     7.13350     6.69973
  8.01331     7.76235     7.69133     7.63094     7.53709     7.40305     7.13208     6.69831
  8.01204     7.76110     7.69026     7.62973     7.53597     7.40109     7.13075     6.69722
  8.01066     7.75984     7.68897     7.62843     7.53475     7.39980     7.12934     6.69584
  8.00934     7.75856     7.68786     7.62724     7.53362     7.39787     7.12786     6.69456
  8.00794     7.75722     7.68646     7.62595     7.53237     7.39663     7.12663     6.69323
  8.00641     7.75585     7.68530     7.62473     7.53118     7.39542     7.12532     6.69219
  8.00497     7.75455     7.68392     7.62350     7.52992     7.39419     7.12410     6.69105
  8.00346     7.75314     7.68269     7.62233     7.52882     7.39322     7.12317     6.69031
  8.00202     7.75175     7.68152     7.62108     7.52770     7.39210     7.12214     6.68953
  8.00043     7.75031     7.68030     7.61999     7.52668     7.39121     7.12126     6.68893
  7.99896     7.74894     7.67909     7.61883     7.52561     7.39034     7.12045     6.68843
  7.99740     7.74768     7.67797     7.61784     7.52481     7.38948     7.11932     6.68827
  7.99610     7.74647     7.67681     7.61678     7.52381     7.38871     7.11877     6.68802
  7.99458     7.74530     7.67583     7.61583     7.52305     7.38799     7.11817     6.68813
  7.99332     7.74418     7.67499     7.61491     7.52227     7.38728     7.11782     6.68808
  7.99187     7.74309     7.67409     7.61401     7.52147     7.38675     7.11745     6.68815
  7.99042     7.74195     7.67333     7.61328     7.52071     7.38604     7.11730     6.68818
  7.98758     7.73979     7.67161     7.61169     7.51930     7.38507     7.11694     6.68851
  7.98612     7.73878     7.67071     7.61086     7.51865     7.38461     7.11668     6.68842
  7.98476     7.73784     7.67006     7.61006     7.51811     7.38415     7.11670     6.68850
  7.98339     7.73710     7.66916     7.60927     7.51749     7.38367     7.11613     6.68832
  7.98264     7.73620     7.66845     7.60853     7.51696     7.38314     7.11603     6.68822
  7.98134     7.73537     7.66761     7.60781     7.51636     7.38258     7.11563     6.68800
  7.98051     7.73430     7.66702     7.60716     7.51579     7.38193     7.11532     6.68792
  7.97912     7.73330     7.66622     7.60637     7.51510     7.38081     7.11518     6.68741
  7.97762     7.73231     7.66563     7.60571     7.51451     7.38013     7.11419     6.68710
  7.97626     7.73140     7.66485     7.60479     7.51376     7.37895     7.11366     6.68674
  7.97485     7.73048     7.66411     7.60404     7.51307     7.37826     7.11275     6.68621
  7.97344     7.72961     7.66326     7.60313     7.51236     7.37754     7.11186     6.68597
  7.97212     7.72874     7.66258     7.60234     7.51172     7.37691     7.11154     6.68540
  7.97077     7.72798     7.66171     7.60158     7.51098     7.37694     7.11113     6.68492
  7.96943     7.72713     7.66106     7.60080     7.51047     7.37644     7.11051     6.68440
  7.96830     7.72642     7.66029     7.60015     7.50982     7.37656     7.11006     6.68396
  7.96707     7.72563     7.65965     7.59946     7.50915     7.37616     7.10919     6.68359
  7.96596     7.72483     7.65905     7.59892     7.50863     7.37570     7.10888     6.68331
  7.96485     7.72410     7.65843     7.59837     7.50808     7.37537     7.10806     6.68300
  7.96388     7.72340     7.65784     7.59794     7.50768     7.37511     7.10797     6.68313
  7.96284     7.72275     7.65736     7.59750     7.50746     7.37497     7.10736     6.68302
  7.96198     7.72215     7.65686     7.59718     7.50731     7.37487     7.10714     6.68330
  7.96109     7.72224     7.65652     7.59686     7.50707     7.37487     7.10711     6.68353
  7.96040     7.72185     7.65624     7.59668     7.50713     7.37470     7.10689     6.68375
  7.95971     7.72202     7.65609     7.59654     7.50703     7.37475     7.10716     6.68399
  7.95909     7.72168     7.65605     7.59651     7.50714     7.37467     7.10777     6.68427
  7.95846     7.72141     7.65611     7.59649     7.50706     7.37481     7.10808     6.68440
  7.95791     7.72124     7.65625     7.59668     7.50724     7.37502     7.10874     6.68475
  7.95739     7.72113     7.65633     7.59680     7.50722     7.37521     7.10915     6.68496
  7.95690     7.72114     7.65646     7.59697     7.50747     7.37547     7.10930     6.68526
  7.95657     7.72120     7.65646     7.59711     7.50760     7.37570     7.10948     6.68551
  7.95609     7.72117     7.65666     7.59724     7.50779     7.37602     7.11004     6.68563
  7.95575     7.72119     7.65681     7.59750     7.50786     7.37621     7.11030     6.68593
  7.95533     7.72124     7.65703     7.59776     7.50799     7.37640     7.11067     6.68595
  7.95505     7.72126     7.65721     7.59804     7.50802     7.37641     7.11095     6.68607
  7.95476     7.72139     7.65747     7.59836     7.50811     7.37649     7.11075     6.68613
  7.95459     7.72142     7.65768     7.59844     7.50886     7.37635     7.11081     6.68597
  7.95437     7.72146     7.65794     7.59861     7.50871     7.37635     7.11051     6.68585
  7.95428     7.72146     7.65807     7.59862     7.50934     7.37613     7.11010     6.68566
  7.95403     7.72129     7.65817     7.59856     7.50845     7.37586     7.10962     6.68525
  7.95390     7.72112     7.65813     7.59847     7.50811     7.37538     7.10923     6.68477
  7.95368     7.72089     7.65809     7.59819     7.50703     7.37482     7.10873     6.68408
  7.95346     7.72067     7.65802     7.59792     7.50658     7.37418     7.10832     6.68332
  7.95329     7.72048     7.65786     7.59750     7.50592     7.37341     7.10788     6.68235
  7.95311     7.72032     7.65767     7.59705     7.50526     7.37260     7.10714     6.68145
  7.95289     7.72011     7.65736     7.59640     7.50447     7.37162     7.10636     6.68015
  7.95270     7.71967     7.65698     7.59582     7.50333     7.37052     7.10532     6.67908
  7.95246     7.71919     7.65651     7.59499     7.50234     7.36926     7.10416     6.67766
  7.95214     7.71844     7.65585     7.59420     7.50108     7.36793     7.10289     6.67637
  7.95187     7.71780     7.65512     7.59313     7.50002     7.36647     7.10156     6.67490
  7.95145     7.71691     7.65435     7.59211     7.49891     7.36506     7.09997     6.67341
  7.95099     7.71606     7.65341     7.59092     7.49767     7.36347     7.09860     6.67173
  7.95053     7.71519     7.65260     7.58978     7.49637     7.36192     7.09672     6.66997
  7.95007     7.71418     7.65156     7.58861     7.49498     7.36022     7.09505     6.66815
  7.94946     7.71317     7.65065     7.58740     7.49362     7.35858     7.09312     6.66634
  7.94898     7.71205     7.64956     7.58606     7.49225     7.35690     7.09149     6.66456
  7.94826     7.71089     7.64858     7.58476     7.49084     7.35533     7.08951     6.66290
  7.94764     7.70968     7.64747     7.58335     7.48952     7.35381     7.08801     6.66134
  7.94679     7.70842     7.64640     7.58201     7.48815     7.35228     7.08607     6.65986
  7.94612     7.70719     7.64524     7.58063     7.48677     7.35079     7.08439     6.65854
  7.94526     7.70598     7.64414     7.57928     7.48554     7.34933     7.08264     6.65712
  7.94453     7.70478     7.64299     7.57800     7.48429     7.34799     7.08072     6.65591
  7.94362     7.70376     7.64188     7.57672     7.48313     7.34596     7.07935     6.65461
  7.94287     7.70253     7.64072     7.57553     7.48215     7.34485     7.07770     6.65366
  7.94194     7.70159     7.63963     7.57432     7.48117     7.34302     7.07649     6.65266
  7.94109     7.70043     7.63864     7.57332     7.48040     7.34215     7.07541     6.65207
  7.94015     7.69945     7.63778     7.57235     7.47959     7.34143     7.07429     6.65156
  7.93921     7.69850     7.63704     7.57162     7.47900     7.34088     7.07356     6.65127
  7.93826     7.69768     7.63636     7.57091     7.47839     7.34078     7.07290     6.65119
  7.93728     7.69683     7.63590     7.57035     7.47804     7.34062     7.07235     6.65135
  7.93645     7.69614     7.63534     7.56979     7.47768     7.34071     7.07218     6.65158
  7.93555     7.69553     7.63502     7.56935     7.47751     7.34078     7.07187     6.65183
  7.93468     7.69472     7.63459     7.56907     7.47733     7.34099     7.07208     6.65223
  7.93382     7.69426     7.63433     7.56896     7.47726     7.34122     7.07207     6.65263
  7.93309     7.69372     7.63406     7.56892     7.47728     7.34156     7.07224     6.65317
  7.93218     7.69352     7.63406     7.56905     7.47736     7.34196     7.07253     6.65394
  7.93151     7.69341     7.63406     7.56915     7.47756     7.34228     7.07287     6.65486
  7.93058     7.69334     7.63424     7.56938     7.47781     7.34282     7.07317     6.65577
  7.92974     7.69332     7.63429     7.56958     7.47814     7.34334     7.07383     6.65674
  7.92897     7.69324     7.63446     7.56984     7.47852     7.34388     7.07448     6.65769
  7.92821     7.69317     7.63458     7.57010     7.47899     7.34444     7.07502     6.65849
  7.92732     7.69308     7.63481     7.57032     7.47939     7.34492     7.07623     6.65944
  7.92659     7.69383     7.63497     7.57054     7.47977     7.34514     7.07690     6.66047
  7.92569     7.69387     7.63522     7.57074     7.48007     7.34557     7.07797     6.66122
  7.92490     7.69458     7.63539     7.57103     7.48041     7.34582     7.07864     6.66226
  7.92412     7.69458     7.63555     7.57117     7.48060     7.34620     7.07960     6.66298
  7.92341     7.69453     7.63570     7.57147     7.48092     7.34633     7.08003     6.66373
  7.92255     7.69438     7.63576     7.57156     7.48102     7.34657     7.08098     6.66444
  7.92175     7.69428     7.63579     7.57168     7.48127     7.34667     7.08130     6.66525
  7.92088     7.69420     7.63549     7.57161     7.48134     7.34679     7.08179     6.66577
  7.92002     7.69394     7.63546     7.57157     7.48145     7.34701     7.08189     6.66636
  7.91910     7.69372     7.63520     7.57144     7.48140     7.34700     7.08238     6.66687
  7.91818     7.69342     7.63531     7.57173     7.48137     7.34693     7.08251     6.66722
  7.91734     7.69310     7.63519     7.57156     7.48122     7.34672     7.08302     6.66760
  7.91648     7.69279     7.63516     7.57176     7.48109     7.34658     7.08345     6.66786
  7.91565     7.69241     7.63487     7.57154     7.48092     7.34641     7.08362     6.66812
  7.91482     7.69202     7.63463     7.57136     7.48076     7.34643     7.08349     6.66845
  7.91403     7.69166     7.63428     7.57114     7.48056     7.34631     7.08353     6.66883
  7.91317     7.69127     7.63408     7.57092     7.48044     7.34632     7.08310     6.66918
  7.91244     7.69090     7.63330     7.57068     7.48032     7.34624     7.08297     6.66952
  7.91167     7.69056     7.63301     7.57036     7.48017     7.34607     7.08297     6.66964
  7.91092     7.69021     7.63225     7.57014     7.47999     7.34600     7.08279     6.66990
  7.90983     7.68986     7.63200     7.57008     7.47974     7.34571     7.08303     6.66994
  7.90906     7.68955     7.63174     7.56993     7.47958     7.34564     7.08285     6.67007
  7.90799     7.68919     7.63159     7.56991     7.47929     7.34542     7.08317     6.67011
  7.90738     7.68886     7.63143     7.56983     7.47920     7.34529     7.08314     6.67004
  7.90602     7.68815     7.63122     7.56918     7.47886     7.34503     7.08343     6.66996
  7.90540     7.68784     7.63109     7.56864     7.47870     7.34486     7.08310     6.66982
  7.90479     7.68765     7.63092     7.56845     7.47863     7.34486     7.08267     6.66982
  7.90421     7.68743     7.63094     7.56832     7.47849     7.34476     7.08263     6.66962
  7.90377     7.68724     7.63090     7.56812     7.47844     7.34473     7.08225     6.66950
  7.90323     7.68706     7.63105     7.56806     7.47827     7.34452     7.08270     6.66939
  7.90290     7.68685     7.63111     7.56801     7.47812     7.34433     7.08257     6.66917
  7.90249     7.68669     7.63119     7.56797     7.47798     7.34416     7.08259     6.66921
  7.90217     7.68649     7.63124     7.56793     7.47777     7.34403     7.08236     6.66892
  7.90181     7.68643     7.63121     7.56781     7.47762     7.34387     7.08223     6.66887
  7.90144     7.68617     7.63134     7.56821     7.47739     7.34369     7.08198     6.66861
  7.90113     7.68606     7.63128     7.56810     7.47726     7.34344     7.08163     6.66847
  7.90083     7.68596     7.63138     7.56848     7.47695     7.34312     7.08149     6.66832
  7.90054     7.68593     7.63090     7.56833     7.47677     7.34286     7.08106     6.66826
  7.90019     7.68584     7.63096     7.56822     7.47635     7.34255     7.08088     6.66816
  7.89979     7.68577     7.63037     7.56805     7.47599     7.34224     7.08071     6.66802
  7.89945     7.68555     7.63035     7.56788     7.47532     7.34188     7.08061     6.66794
  7.89913     7.68527     7.63016     7.56769     7.47487     7.34150     7.08040     6.66757
  7.89879     7.68487     7.63001     7.56736     7.47421     7.34101     7.08031     6.66738
  7.89852     7.68450     7.62980     7.56694     7.47368     7.34051     7.07983     6.66692
  7.89820     7.68413     7.62950     7.56639     7.47308     7.33974     7.07941     6.66657
  7.89784     7.68372     7.62920     7.56579     7.47250     7.33903     7.07856     6.66596
  7.89747     7.68332     7.62881     7.56511     7.47167     7.33803     7.07812     6.66553
  7.89712     7.68288     7.62849     7.56449     7.47096     7.33711     7.07726     6.66483
  7.89657     7.68232     7.62803     7.56362     7.46997     7.33598     7.07650     6.66420
  7.89608     7.68168     7.62831     7.56291     7.46899     7.33489     7.07557     6.66329
  7.89596     7.68092     7.62758     7.56188     7.46768     7.33362     7.07454     6.66233
  7.89534     7.68003     7.62754     7.56093     7.46653     7.33238     7.07326     6.66115
  7.89526     7.67905     7.62659     7.55977     7.46507     7.33098     7.07197     6.65996
  7.89445     7.67803     7.62563     7.55866     7.46382     7.32956     7.07059     6.65875
  7.89417     7.67696     7.62463     7.55744     7.46246     7.32817     7.06925     6.65735
  7.89328     7.67581     7.62364     7.55619     7.46112     7.32658     7.06767     6.65602
  7.89281     7.67464     7.62255     7.55489     7.45963     7.32490     7.06632     6.65455
  7.89194     7.67329     7.62148     7.55349     7.45827     7.32316     7.06472     6.65312
  7.89102     7.67200     7.62020     7.55207     7.45660     7.32134     7.06304     6.65170
  7.89012     7.67065     7.61894     7.55050     7.45505     7.31960     7.06131     6.65025
  7.88934     7.66936     7.61756     7.54901     7.45323     7.31790     7.05950     6.64877
  7.88839     7.66796     7.61624     7.54734     7.45149     7.31617     7.05766     6.64726
  7.88763     7.66665     7.61485     7.54574     7.44974     7.31444     7.05570     6.64560
  7.88666     7.66522     7.61348     7.54406     7.44800     7.31261     7.05397     6.64411
  7.88580     7.66379     7.61205     7.54243     7.44638     7.31092     7.05188     6.64237
  7.88480     7.66233     7.61062     7.54082     7.44473     7.30913     7.05017     6.64104
  7.88400     7.66092     7.60910     7.53925     7.44292     7.30711     7.04858     6.63954
  7.88298     7.65947     7.60779     7.53762     7.44139     7.30552     7.04679     6.63839
  7.88193     7.65809     7.60635     7.53628     7.43968     7.30359     7.04555     6.63707
  7.88090     7.65671     7.60505     7.53474     7.43819     7.30213     7.04393     6.63603
  7.87974     7.65547     7.60379     7.53347     7.43689     7.30079     7.04247     6.63493
  7.87857     7.65421     7.60250     7.53210     7.43542     7.29949     7.04105     6.63405
  7.87745     7.65296     7.60136     7.53094     7.43421     7.29826     7.03979     6.63324
  7.87629     7.65175     7.60016     7.52974     7.43295     7.29722     7.03862     6.63249
  7.87517     7.65049     7.59911     7.52868     7.43181     7.29612     7.03758     6.63193
  7.87404     7.64922     7.59796     7.52762     7.43082     7.29518     7.03672     6.63136
  7.87301     7.64810     7.59704     7.52660     7.42987     7.29421     7.03565     6.63083
  7.87195     7.64712     7.59608     7.52565     7.42910     7.29340     7.03461     6.63034
  7.87093     7.64620     7.59526     7.52474     7.42817     7.29257     7.03385     6.62983
  7.86990     7.64536     7.59447     7.52392     7.42746     7.29182     7.03299     6.62923
  7.86891     7.64460     7.59373     7.52315     7.42673     7.29109     7.03244     6.62860
  7.86797     7.64382     7.59300     7.52241     7.42573     7.29039     7.03179     6.62789
  7.86696     7.64309     7.59234     7.52178     7.42519     7.28969     7.03134     6.62710
  7.86608     7.64247     7.59171     7.52118     7.42433     7.28914     7.03050     6.62629
  7.86506     7.64184     7.59117     7.52060     7.42377     7.28850     7.02987     6.62568
  7.86411     7.64133     7.59058     7.52009     7.42330     7.28800     7.02938     6.62471
  7.86319     7.64084     7.59015     7.51954     7.42280     7.28747     7.02839     6.62412
  7.86235     7.64033     7.58966     7.51921     7.42238     7.28705     7.02799     6.62329
  7.86154     7.63989     7.58930     7.51881     7.42203     7.28662     7.02734     6.62256
  7.86083     7.63948     7.58905     7.51865     7.42190     7.28639     7.02649     6.62194
  7.86001     7.63917     7.58884     7.51844     7.42171     7.28608     7.02618     6.62136
  7.85929     7.63890     7.58877     7.51846     7.42175     7.28627     7.02555     6.62079
  7.85860     7.63882     7.58873     7.51882     7.42174     7.28623     7.02455     6.62039
  7.85797     7.63882     7.58876     7.51898     7.42173     7.28658     7.02437     6.62007
  7.85744     7.63895     7.58886     7.51956     7.42187     7.28675     7.02376     6.62005
  7.85696     7.63911     7.58910     7.51981     7.42205     7.28698     7.02356     6.61997
  7.85648     7.63943     7.58926     7.52015     7.42237     7.28736     7.02394     6.62010
  7.85609     7.63968     7.58973     7.52053     7.42273     7.28774     7.02412     6.62036
  7.85569     7.64002     7.59004     7.52095     7.42319     7.28831     7.02444     6.62049
  7.85538     7.64046     7.59053     7.52148     7.42373     7.28885     7.02502     6.62105
  7.85507     7.64090     7.59099     7.52209     7.42469     7.28954     7.02537     6.62156
  7.85474     7.64149     7.59158     7.52277     7.42533     7.29041     7.02608     6.62226
  7.85447     7.64205     7.59212     7.52381     7.42640     7.29110     7.02650     6.62303
  7.85411     7.64267     7.59281     7.52453     7.42693     7.29207     7.02732     6.62390
  7.85377     7.64328     7.59345     7.52552     7.42778     7.29287     7.02796     6.62484
  7.85333     7.64375     7.59405     7.52630     7.42842     7.29363     7.02861     6.62598
  7.85297     7.64425     7.59468     7.52706     7.42917     7.29452     7.02939     6.62708
  7.85262     7.64470     7.59533     7.52776     7.42990     7.29527     7.02992     6.62833
  7.85228     7.64512     7.59599     7.52849     7.43053     7.29663     7.03097     6.62934
  7.85193     7.64550     7.59670     7.52901     7.43115     7.29739     7.03219     6.63036
  7.85162     7.64596     7.59734     7.52968     7.43209     7.29867     7.03328     6.63136
  7.85122     7.64633     7.59791     7.53023     7.43268     7.29942     7.03454     6.63225
  7.85082     7.64672     7.59840     7.53083     7.43353     7.30010     7.03536     6.63340
  7.85038     7.64698     7.59884     7.53132     7.43403     7.30073     7.03585     6.63443
  7.84984     7.64723     7.59925     7.53166     7.43389     7.30122     7.03662     6.63530
  7.84921     7.64728     7.59983     7.53186     7.43425     7.30170     7.03703     6.63623
  7.84855     7.64729     7.60012     7.53206     7.43384     7.30207     7.03796     6.63719
  7.84787     7.64719     7.60056     7.53210     7.43412     7.30243     7.03872     6.63789
  7.84716     7.64757     7.60065     7.53223     7.43418     7.30316     7.03941     6.63881
  7.84636     7.64737     7.60065     7.53217     7.43427     7.30341     7.03999     6.63954
  7.84554     7.64761     7.60063     7.53203     7.43433     7.30388     7.04058     6.64000
  7.84473     7.64723     7.60046     7.53159     7.43417     7.30391     7.04067     6.64048
  7.84382     7.64674     7.60025     7.53129     7.43410     7.30376     7.04122     6.64090
  7.84301     7.64611     7.59981     7.53067     7.43377     7.30357     7.04131     6.64099
  7.84205     7.64539     7.59948     7.53023     7.43328     7.30312     7.04156     6.64120
  7.84107     7.64462     7.59869     7.52966     7.43282     7.30268     7.04179     6.64101
  7.84012     7.64385     7.59818     7.52895     7.43217     7.30206     7.04184     6.64081
  7.83923     7.64311     7.59732     7.52823     7.43156     7.30143     7.04195     6.64028
  7.83842     7.64294     7.59657     7.52733     7.43082     7.30065     7.04178     6.63980
  7.83770     7.64220     7.59578     7.52644     7.43008     7.29984     7.04143     6.63893
  7.83702     7.64200     7.59499     7.52545     7.42925     7.29889     7.04068     6.63793
  7.83576     7.64031     7.59333     7.52423     7.42754     7.29683     7.03849     6.63548
  7.83509     7.63941     7.59242     7.52407     7.42657     7.29565     7.03738     6.63408
  7.83447     7.63854     7.59156     7.52297     7.42560     7.29451     7.03595     6.63260
  7.83375     7.63768     7.59071     7.52203     7.42451     7.29330     7.03462     6.63103
  7.83319     7.63680     7.58981     7.52105     7.42349     7.29209     7.03304     6.62917
  7.83271     7.63615     7.58908     7.52022     7.42241     7.29086     7.03154     6.62733
  7.83224     7.63538     7.58825     7.51935     7.42139     7.28971     7.02967     6.62532
  7.83195     7.63484     7.58757     7.51855     7.42026     7.28838     7.02825     6.62340
  7.83170     7.63419     7.58679     7.51775     7.41923     7.28723     7.02614     6.62149
  7.83136     7.63362     7.58616     7.51694     7.41812     7.28594     7.02453     6.61975
  7.83114     7.63302     7.58547     7.51619     7.41716     7.28479     7.02268     6.61787
  7.83090     7.63246     7.58511     7.51541     7.41615     7.28360     7.02088     6.61620
  7.83062     7.63197     7.58450     7.51472     7.41529     7.28262     7.01928     6.61445
  7.83039     7.63147     7.58414     7.51398     7.41442     7.28152     7.01749     6.61291
  7.83013     7.63087     7.58350     7.51331     7.41371     7.28063     7.01607     6.61134
  7.82984     7.63039     7.58280     7.51256     7.41294     7.27965     7.01456     6.61004
  7.82962     7.62985     7.58224     7.51192     7.41233     7.27874     7.01351     6.60866
  7.82930     7.62942     7.58159     7.51129     7.41163     7.27787     7.01219     6.60749
  7.82904     7.62903     7.58120     7.51074     7.41100     7.27712     7.01119     6.60636
  7.82874     7.62863     7.58087     7.51017     7.41038     7.27637     7.00972     6.60536
  7.82829     7.62823     7.58050     7.50969     7.40982     7.27570     7.00878     6.60460
  7.82796     7.62775     7.58006     7.50902     7.40919     7.27510     7.00751     6.60380
  7.82748     7.62727     7.57962     7.50853     7.40854     7.27444     7.00631     6.60331
  7.82694     7.62669     7.57905     7.50790     7.40788     7.27380     7.00523     6.60258
  7.82636     7.62579     7.57849     7.50740     7.40722     7.27315     7.00428     6.60185
  7.82550     7.62508     7.57797     7.50684     7.40666     7.27256     7.00321     6.60119
  7.82483     7.62420     7.57735     7.50628     7.40601     7.27193     7.00257     6.60048
  7.82395     7.62357     7.57678     7.50572     7.40552     7.27134     7.00182     6.59988
  7.82318     7.62306     7.57619     7.50507     7.40491     7.27072     7.00125     6.59940
  7.82240     7.62243     7.57556     7.50443     7.40441     7.27016     7.00055     6.59896
  7.82158     7.62174     7.57493     7.50377     7.40388     7.26965     7.00009     6.59872
  7.82075     7.62098     7.57419     7.50327     7.40346     7.26922     6.99952     6.59842
  7.81996     7.62015     7.57357     7.50265     7.40298     7.26820     6.99850     6.59822
  7.81912     7.61932     7.57281     7.50218     7.40263     7.26789     6.99820     6.59804
  7.81833     7.61868     7.57219     7.50153     7.40225     7.26687     6.99751     6.59771
  7.81713     7.61788     7.57151     7.50104     7.40196     7.26663     6.99727     6.59754
  7.81643     7.61733     7.57097     7.50043     7.40166     7.26646     6.99714     6.59733
  7.81528     7.61665     7.57031     7.50008     7.40140     7.26621     6.99701     6.59752
  7.81461     7.61608     7.56981     7.49972     7.40111     7.26611     6.99671     6.59759
  7.81383     7.61558     7.56919     7.49943     7.40094     7.26602     6.99682     6.59804
  7.81324     7.61506     7.56870     7.49919     7.40078     7.26603     6.99646     6.59819
  7.81267     7.61467     7.56825     7.49901     7.40065     7.26610     6.99664     6.59855
  7.81222     7.61427     7.56797     7.49879     7.40062     7.26604     6.99517     6.59884
  7.81174     7.61398     7.56778     7.49869     7.40052     7.26605     6.99574     6.59933
  7.81131     7.61367     7.56767     7.49857     7.40057     7.26610     6.99479     6.60057
  7.81091     7.61306     7.56756     7.49861     7.40057     7.26621     6.99577     6.60123
  7.81055     7.61288     7.56742     7.49860     7.40068     7.26651     6.99624     6.60245
  7.81016     7.61246     7.56736     7.49870     7.40076     7.26677     6.99678     6.60320
  7.80988     7.61243     7.56726     7.49882     7.40091     7.26705     6.99695     6.60387
  7.80947     7.61254     7.56732     7.49902     7.40109     7.26734     6.99717     6.60480
  7.80927     7.61263     7.56728     7.49917     7.40144     7.26768     6.99751     6.60580
  7.80903     7.61269     7.56743     7.49941     7.40174     7.26804     6.99803     6.60683
  7.80892     7.61282     7.56755     7.49964     7.40208     7.26854     6.99624     6.60780
  7.80869     7.61290     7.56769     7.49991     7.40234     7.26887     6.99672     6.60891
  7.80865     7.61301     7.56787     7.50012     7.40266     7.26930     6.99494     6.60986
  7.80856     7.61308     7.56801     7.50032     7.40290     7.27000     6.99551     6.61098
  7.80858     7.61310     7.56808     7.50045     7.40321     7.27036     6.99639     6.61207
  7.80853     7.61308     7.56824     7.50056     7.40349     7.27110     6.99727     6.61327
  7.80841     7.61296     7.56831     7.50068     7.40385     7.27153     6.99854     6.61452
  7.80828     7.61285     7.56843     7.50083     7.40416     7.27192     6.99907     6.61582
  7.80809     7.61276     7.56843     7.50095     7.40438     7.27227     6.99983     6.61743
  7.80790     7.61270     7.56844     7.50096     7.40454     7.27266     7.00015     6.61868
  7.80768     7.61266     7.56834     7.50101     7.40460     7.27301     7.00092     6.62030
  7.80732     7.61252     7.56829     7.50094     7.40463     7.27338     7.00154     6.62161
  7.80702     7.61231     7.56808     7.50090     7.40466     7.27364     7.00264     6.62303
  7.80671     7.61208     7.56806     7.50079     7.40474     7.27385     7.00333     6.62425
  7.80637     7.61175     7.56791     7.50067     7.40470     7.27403     7.00421     6.62568
  7.80608     7.61148     7.56778     7.50049     7.40469     7.27419     7.00501     6.62663
  7.80557     7.61117     7.56758     7.50040     7.40458     7.27429     7.00574     6.62801
  7.80520     7.61082     7.56734     7.50015     7.40453     7.27454     7.00655     6.62905
  7.80471     7.61040     7.56702     7.49999     7.40443     7.27455     7.00726     6.62983
  7.80431     7.61001     7.56671     7.49973     7.40431     7.27473     7.00794     6.63116
  7.80369     7.60966     7.56659     7.49949     7.40419     7.27473     7.00829     6.63183
  7.80306     7.60926     7.56621     7.49918     7.40407     7.27470     7.00883     6.63287
  7.80234     7.60885     7.56608     7.49889     7.40389     7.27462     7.00907     6.63359
  7.80169     7.60840     7.56558     7.49855     7.40373     7.27460     7.00948     6.63429
  7.80100     7.60784     7.56515     7.49808     7.40348     7.27447     7.00983     6.63469
  7.80029     7.60726     7.56465     7.49769     7.40323     7.27438     7.01027     6.63530
  7.79949     7.60665     7.56421     7.49717     7.40293     7.27422     7.01030     6.63546
  7.79866     7.60609     7.56370     7.49671     7.40267     7.27395     7.01031     6.63584
  7.79787     7.60551     7.56325     7.49626     7.40249     7.27371     7.01011     6.63577
  7.79710     7.60502     7.56273     7.49582     7.40222     7.27347     7.00995     6.63572
  7.79629     7.60458     7.56227     7.49541     7.40203     7.27323     7.00973     6.63554
  7.79538     7.60413     7.56181     7.49511     7.40179     7.27295     7.00990     6.63519
  7.79455     7.60299     7.56135     7.49468     7.40159     7.27272     7.00974     6.63478
  7.79372     7.60258     7.56085     7.49445     7.40140     7.27243     7.00984     6.63437
  7.79303     7.60147     7.56044     7.49405     7.40121     7.27221     7.00965     6.63381
  7.79230     7.60113     7.55997     7.49387     7.40104     7.27205     7.00940     6.63342
  7.79165     7.60081     7.55968     7.49361     7.40101     7.27187     7.00919     6.63303
  7.79103     7.60056     7.55945     7.49360     7.40092     7.27181     7.00876     6.63266
  7.79047     7.60034     7.55929     7.49361     7.40101     7.27180     7.00843     6.63222
  7.78997     7.60069     7.55929     7.49370     7.40103     7.27179     7.00795     6.63194
  7.78951     7.60065     7.55929     7.49388     7.40122     7.27190     7.00771     6.63155
  7.78908     7.60113     7.55935     7.49409     7.40140     7.27193     7.00722     6.63124
  7.78880     7.60076     7.55940     7.49445     7.40168     7.27215     7.00724     6.63103
  7.78895     7.60101     7.55954     7.49481     7.40205     7.27235     7.00688     6.63071
  7.78887     7.60077     7.55980     7.49518     7.40238     7.27264     7.00719     6.63051
  7.78901     7.60111     7.56015     7.49560     7.40281     7.27312     7.00712     6.63027
  7.78890     7.60153     7.56054     7.49602     7.40321     7.27346     7.00751     6.63022
  7.78878     7.60196     7.56099     7.49641     7.40367     7.27403     7.00743     6.63010
  7.78882     7.60251     7.56138     7.49701     7.40412     7.27439     7.00766     6.63018
  7.78907     7.60262     7.56195     7.49738     7.40463     7.27502     7.00783     6.63026
  7.78930     7.60326     7.56249     7.49807     7.40508     7.27543     7.00827     6.63027
  7.78963     7.60347     7.56317     7.49857     7.40562     7.27603     7.00850     6.63050
  7.78999     7.60414     7.56379     7.49933     7.40609     7.27654     7.00926     6.63057
  7.79069     7.60486     7.56449     7.49999     7.40657     7.27705     7.00939     6.63081
  7.79112     7.60556     7.56504     7.50021     7.40700     7.27753     7.00990     6.63119
  7.79207     7.60675     7.56629     7.50090     7.40794     7.27849     7.01047     6.63178
  7.79256     7.60728     7.56684     7.50140     7.40844     7.27891     7.01083     6.63193
  7.79283     7.60776     7.56746     7.50192     7.40893     7.27933     7.01111     6.63214
  7.79341     7.60844     7.56798     7.50205     7.40933     7.27961     7.01131     6.63220
  7.79394     7.60901     7.56847     7.50239     7.40969     7.27999     7.01148     6.63204
  7.79446     7.60976     7.56888     7.50238     7.40985     7.28019     7.01199     6.63208
  7.79493     7.61058     7.56921     7.50260     7.41004     7.28036     7.01198     6.63172
  7.79561     7.61107     7.56949     7.50275     7.41001     7.28034     7.01267     6.63149
  7.79610     7.61164     7.56976     7.50271     7.40996     7.28024     7.01248     6.63095
  7.79672     7.61187     7.56982     7.50278     7.40982     7.28002     7.01253     6.63040
  7.79677     7.61196     7.56997     7.50250     7.40959     7.27962     7.01193     6.62951
  7.79728     7.61208     7.56992     7.50233     7.40932     7.27911     7.01147     6.62865
  7.79728     7.61212     7.56977     7.50192     7.40893     7.27847     7.01071     6.62725
  7.79786     7.61222     7.56964     7.50144     7.40845     7.27777     7.00992     6.62596
  7.79815     7.61262     7.56934     7.50085     7.40787     7.27693     7.00903     6.62433
  7.79852     7.61241     7.56923     7.50026     7.40711     7.27611     7.00797     6.62268
  7.79867     7.61251     7.56881     7.49957     7.40636     7.27511     7.00670     6.62103
  7.79895     7.61204     7.56857     7.49877     7.40552     7.27396     7.00569     6.61925
  7.79909     7.61141     7.56802     7.49867     7.40470     7.27287     7.00421     6.61733
  7.79927     7.61093     7.56746     7.49840     7.40377     7.27168     7.00272     6.61539
  7.79935     7.61037     7.56680     7.49822     7.40290     7.27052     7.00122     6.61342
