  7.98736     7.74848     7.67766     7.62612     7.53683     7.41699     7.15750     6.72260
  7.98736     7.74747     7.67692     7.62503     7.53585     7.41571     7.15560     6.72074
  7.98736     7.74686     7.67611     7.62406     7.53480     7.41438     7.15430     6.71873
  7.98736     7.74592     7.67535     7.62285     7.53376     7.41292     7.15232     6.71663
  7.98736     7.74527     7.67442     7.62174     7.53254     7.41158     7.15044     6.71450
  7.98736     7.74453     7.67361     7.62065     7.53154     7.41020     7.14841     6.71256
  7.98736     7.74335     7.67177     7.61853     7.52949     7.40767     7.14468     6.70886
  7.98736     7.74275     7.67077     7.61752     7.52836     7.40628     7.14289     6.70699
  7.98736     7.74172     7.66970     7.61631     7.52712     7.40483     7.14050     6.70515
  7.98736     7.74098     7.66865     7.61530     7.52591     7.40346     7.13842     6.70334
  7.98736     7.73983     7.66745     7.61411     7.52457     7.40200     7.13582     6.70154
  7.98736     7.73919     7.66653     7.61326     7.52359     7.40092     7.13388     6.69991
  7.98736     7.73837     7.66547     7.61232     7.52253     7.39979     7.13183     6.69847
  7.98736     7.73783     7.66463     7.61174     7.52173     7.39902     7.13025     6.69707
  7.98736     7.73743     7.66395     7.61111     7.52099     7.39838     7.12888     6.69624
  7.98736     7.73711     7.66330     7.61079     7.52046     7.39795     7.12725     6.69549
  7.98736     7.73706     7.66295     7.61059     7.52001     7.39772     7.12647     6.69519
  7.98736     7.73699     7.66256     7.61043     7.51973     7.39741     7.12521     6.69501
  7.98736     7.73700     7.66243     7.61030     7.51938     7.39734     7.12490     6.69489
  7.98736     7.73704     7.66235     7.61033     7.51943     7.39733     7.12429     6.69512
  7.98736     7.73712     7.66241     7.61041     7.51926     7.39755     7.12432     6.69538
  7.98736     7.73739     7.66265     7.61078     7.51968     7.39807     7.12426     6.69520
  7.98736     7.73781     7.66315     7.61128     7.51988     7.39868     7.12497     6.69605
  7.98736     7.73810     7.66405     7.61186     7.52041     7.39940     7.12546     6.69625
  7.98736     7.73871     7.66475     7.61257     7.52089     7.40027     7.12682     6.69750
  7.98736     7.73904     7.66588     7.61326     7.52152     7.40114     7.12767     6.69888
  7.98736     7.73970     7.66659     7.61404     7.52210     7.40209     7.12900     6.70036
  7.98736     7.74015     7.66738     7.61473     7.52288     7.40251     7.12972     6.70175
  7.98736     7.74069     7.66812     7.61546     7.52352     7.40334     7.13089     6.70308
  7.98736     7.74099     7.66882     7.61598     7.52412     7.40352     7.13142     6.70430
  7.98736     7.74146     7.66945     7.61654     7.52480     7.40438     7.13262     6.70506
  7.98736     7.74168     7.67007     7.61693     7.52528     7.40490     7.13346     6.70612
  7.98736     7.74220     7.67062     7.61741     7.52594     7.40568     7.13445     6.70661
  7.98736     7.74251     7.67114     7.61768     7.52642     7.40603     7.13531     6.70741
  7.98736     7.74304     7.67167     7.61814     7.52705     7.40655     7.13611     6.70808
  7.98736     7.74327     7.67212     7.61830     7.52732     7.40678     7.13664     6.70862
  7.98736     7.74368     7.67251     7.61854     7.52781     7.40703     7.13722     6.70906
  7.98736     7.74375     7.67273     7.61839     7.52781     7.40707     7.13754     6.70918
  7.98736     7.74400     7.67307     7.61857     7.52834     7.40734     7.13794     6.70948
  7.98736     7.74393     7.67303     7.61836     7.52817     7.40711     7.13798     6.70929
  7.98736     7.74459     7.67334     7.61850     7.52861     7.40729     7.13803     6.71021
  7.98736     7.74440     7.67325     7.61829     7.52837     7.40698     7.13771     6.71007
  7.98736     7.74483     7.67323     7.61818     7.52853     7.40686     7.13736     6.71074
  7.98736     7.74472     7.67281     7.61792     7.52829     7.40657     7.13689     6.71051
  7.98736     7.74452     7.67261     7.61771     7.52834     7.40651     7.13646     6.71051
  7.98736     7.74450     7.67220     7.61750     7.52826     7.40653     7.13628     6.71047
  7.98736     7.74428     7.67207     7.61738     7.52838     7.40660     7.13586     6.71087
  7.98736     7.74429     7.67198     7.61736     7.52851     7.40685     7.13596     6.71122
  7.98736     7.74379     7.67158     7.61710     7.52840     7.40675     7.13541     6.71151
  7.98736     7.74391     7.67150     7.61727     7.52864     7.40713     7.13547     6.71206
  7.98736     7.74386     7.67118     7.61727     7.52870     7.40714     7.13535     6.71262
  7.98736     7.74420     7.67120     7.61758     7.52925     7.40781     7.13568     6.71358
  7.98736     7.74468     7.67137     7.61797     7.52986     7.40835     7.13635     6.71481
  7.98736     7.74516     7.67195     7.61861     7.53070     7.40935     7.13714     6.71615
  7.98736     7.74553     7.67230     7.61929     7.53153     7.41053     7.13822     6.71758
  7.98736     7.73984     7.65949     7.61293     7.52485     7.40403     7.13282     6.71080
  7.98736     7.74413     7.67147     7.61967     7.53026     7.40791     7.13541     6.71694
  7.98736     7.73864     7.65831     7.61331     7.52364     7.40150     7.13052     6.71031
  7.98736     7.74286     7.67017     7.62001     7.52891     7.40506     7.13315     6.71653
  7.98736     7.74362     7.67061     7.62084     7.52994     7.40641     7.13475     6.71837
  7.98736     7.74402     7.67109     7.62184     7.53088     7.40732     7.13674     6.72016
  7.98736     7.74455     7.67176     7.62238     7.53199     7.40872     7.13839     6.72211
  7.98736     7.74521     7.67253     7.62354     7.53307     7.40971     7.14068     6.72383
  7.98736     7.74583     7.67331     7.62418     7.53421     7.41118     7.14241     6.72563
  7.98736     7.74666     7.67408     7.62531     7.53526     7.41245     7.14413     6.72738
  7.98736     7.74748     7.67496     7.62649     7.53642     7.41388     7.14602     6.72921
  7.98736     7.74837     7.67580     7.62767     7.53755     7.41519     7.14757     6.73105
  7.98736     7.74918     7.67681     7.62877     7.53868     7.41655     7.14938     6.73276
  7.98736     7.74937     7.67764     7.62977     7.53964     7.41754     7.15127     6.73420
  7.98736     7.74994     7.67850     7.63054     7.54050     7.41853     7.15261     6.73535
  7.98736     7.75002     7.67911     7.63126     7.54134     7.41927     7.15416     6.73642
  7.98736     7.75051     7.67983     7.63191     7.54201     7.42004     7.15540     6.73733
  7.98736     7.75097     7.68029     7.63249     7.54267     7.42065     7.15657     6.73824
  7.98736     7.75145     7.68088     7.63305     7.54328     7.42130     7.15773     6.73900
  7.98736     7.75170     7.68127     7.63346     7.54368     7.42169     7.15878     6.73955
  7.98736     7.75191     7.68170     7.63373     7.54397     7.42194     7.15950     6.73995
  7.98736     7.75217     7.68208     7.63396     7.54436     7.42215     7.16014     6.74031
  7.98736     7.75232     7.68252     7.63410     7.54444     7.42215     7.16030     6.74047
  7.98736     7.75228     7.68279     7.63413     7.54457     7.42221     7.16030     6.74069
  7.98736     7.75227     7.68297     7.63418     7.54453     7.42197     7.16029     6.74038
  7.98736     7.75208     7.68302     7.63403     7.54438     7.42174     7.16027     6.74003
  7.98736     7.75182     7.68289     7.63380     7.54407     7.42121     7.16020     6.73924
  7.98736     7.75167     7.68273     7.63343     7.54380     7.42079     7.15979     6.73847
  7.98736     7.75134     7.68245     7.63297     7.54337     7.42006     7.15935     6.73760
  7.98736     7.75115     7.68205     7.63246     7.54293     7.41959     7.15842     6.73681
  7.98736     7.75096     7.68168     7.63204     7.54248     7.41887     7.15767     6.73592
  7.98736     7.75116     7.68139     7.63157     7.54204     7.41844     7.15697     6.73509
  7.98736     7.75099     7.68102     7.63126     7.54162     7.41776     7.15627     6.73416
  7.98736     7.75120     7.68081     7.63091     7.54121     7.41729     7.15549     6.73335
  7.98736     7.75097     7.68050     7.63064     7.54075     7.41671     7.15469     6.73245
  7.98736     7.75079     7.68022     7.63035     7.54023     7.41627     7.15343     6.73171
  7.98736     7.75057     7.67993     7.63010     7.53989     7.41580     7.15255     6.73105
  7.98736     7.75034     7.67964     7.62981     7.53940     7.41548     7.15152     6.73038
  7.98736     7.75024     7.67933     7.62968     7.53917     7.41514     7.15079     6.73000
  7.98736     7.75001     7.67910     7.62949     7.53883     7.41486     7.15015     6.72958
  7.98736     7.74992     7.67887     7.62947     7.53871     7.41466     7.14994     6.72942
  7.98736     7.75008     7.67887     7.62945     7.53846     7.41479     7.14962     6.72922
  7.98736     7.75013     7.67888     7.62947     7.53853     7.41481     7.14952     6.72936
  7.98736     7.75037     7.67902     7.62959     7.53843     7.41513     7.14960     6.72926
  7.98736     7.75064     7.67902     7.62971     7.53854     7.41522     7.14946     6.72949
  7.98736     7.75074     7.67916     7.62987     7.53860     7.41528     7.14955     6.72962
  7.98736     7.75085     7.67901     7.62986     7.53871     7.41544     7.14954     6.72995
  7.98736     7.75086     7.67898     7.62985     7.53876     7.41533     7.14971     6.73005
  7.98736     7.75127     7.67887     7.62989     7.53874     7.41545     7.14978     6.73045
  7.98736     7.75130     7.67894     7.62998     7.53932     7.41542     7.15020     6.73067
  7.98736     7.75178     7.67906     7.63016     7.53945     7.41554     7.15041     6.73118
  7.98736     7.75205     7.67929     7.63036     7.54005     7.41590     7.15101     6.73164
  7.98736     7.75231     7.67965     7.63054     7.54023     7.41611     7.15144     6.73211
  7.98736     7.75254     7.67982     7.63066     7.54019     7.41642     7.15165     6.73247
  7.98736     7.75268     7.68009     7.63082     7.54021     7.41659     7.15200     6.73273
  7.98736     7.75282     7.68020     7.63095     7.54015     7.41658     7.15225     6.73296
  7.98736     7.75279     7.68034     7.63100     7.54012     7.41666     7.15251     6.73318
  7.98736     7.75275     7.68035     7.63098     7.54004     7.41663     7.15303     6.73333
  7.98736     7.75269     7.68059     7.63100     7.54061     7.41657     7.15372     6.73351
  7.98736     7.75282     7.68084     7.63102     7.54062     7.41653     7.15399     6.73346
  7.98736     7.75280     7.68082     7.63091     7.54121     7.41654     7.15415     6.73344
  7.98736     7.75276     7.68087     7.63074     7.54128     7.41628     7.15435     6.73313
  7.98736     7.75273     7.68069     7.63049     7.54117     7.41620     7.15430     6.73303
  7.98736     7.75257     7.68064     7.63036     7.54114     7.41592     7.15454     6.73282
  7.98736     7.75253     7.68046     7.63010     7.54106     7.41580     7.15441     6.73264
  7.98736     7.75251     7.68053     7.63008     7.54108     7.41567     7.15435     6.73247
  7.98736     7.75246     7.68039     7.62979     7.54102     7.41558     7.15409     6.73231
  7.98736     7.75250     7.68058     7.62983     7.54106     7.41554     7.15411     6.73231
  7.98736     7.75248     7.68058     7.62965     7.54112     7.41548     7.15384     6.73250
  7.98736     7.75248     7.68075     7.62976     7.54094     7.41544     7.15411     6.73280
  7.98736     7.75244     7.68078     7.62975     7.54100     7.41550     7.15413     6.73302
  7.98736     7.75240     7.68089     7.62991     7.54089     7.41559     7.15426     6.73341
  7.98736     7.75234     7.68091     7.62994     7.54093     7.41579     7.15430     6.73343
  7.98736     7.75233     7.68094     7.63012     7.54097     7.41600     7.15451     6.73370
  7.98736     7.75247     7.68106     7.63024     7.54111     7.41634     7.15459     6.73400
  7.98736     7.75249     7.68115     7.63041     7.54122     7.41656     7.15492     6.73430
  7.98736     7.75270     7.68135     7.63066     7.54146     7.41700     7.15517     6.73474
  7.98736     7.75291     7.68151     7.63086     7.54179     7.41728     7.15533     6.73519
  7.98736     7.75304     7.68176     7.63111     7.54204     7.41765     7.15574     6.73561
  7.98736     7.75315     7.68182     7.63125     7.54316     7.41798     7.15594     6.73593
  7.98736     7.75327     7.68198     7.63153     7.54391     7.41818     7.15651     6.73625
  7.98736     7.75336     7.68207     7.63173     7.54491     7.41847     7.15678     6.73656
  7.98736     7.75342     7.68220     7.63204     7.54555     7.41858     7.15718     6.73665
  7.98736     7.75357     7.68230     7.63222     7.54572     7.41893     7.15742     6.73688
  7.98736     7.75365     7.68242     7.63243     7.54587     7.41913     7.15762     6.73697
  7.98736     7.75379     7.68242     7.63243     7.54596     7.41933     7.15786     6.73700
  7.98736     7.75385     7.68253     7.63252     7.54605     7.41947     7.15809     6.73687
  7.98736     7.75400     7.68248     7.63249     7.54625     7.41960     7.15816     6.73682
  7.98736     7.75415     7.68265     7.63256     7.54627     7.41954     7.15846     6.73635
  7.98736     7.75415     7.68264     7.63250     7.54632     7.41951     7.15830     6.73589
  7.98736     7.75412     7.68281     7.63248     7.54637     7.41927     7.15830     6.73550
  7.98736     7.75399     7.68276     7.63232     7.54613     7.41895     7.15803     6.73481
  7.98736     7.75376     7.68270     7.63214     7.54591     7.41841     7.15779     6.73415
  7.98736     7.75352     7.68244     7.63183     7.54546     7.41787     7.15755     6.73326
  7.98736     7.75283     7.68173     7.63101     7.54462     7.41690     7.15656     6.73190
  7.98736     7.75264     7.68139     7.63055     7.54408     7.41623     7.15570     6.73081
  7.98736     7.75196     7.68062     7.62957     7.54309     7.41515     7.15421     6.72956
  7.98736     7.75174     7.68034     7.62909     7.54240     7.41439     7.15321     6.72844
  7.98736     7.75140     7.67982     7.62841     7.54203     7.41349     7.15224     6.72725
  7.98736     7.75104     7.67941     7.62785     7.54122     7.41257     7.15140     6.72596
  7.98736     7.75061     7.67883     7.62712     7.54083     7.41153     7.15041     6.72451
  7.98736     7.75012     7.67846     7.62651     7.54007     7.41057     7.14922     6.72308
  7.98736     7.74959     7.67794     7.62571     7.53942     7.40954     7.14773     6.72164
  7.98736     7.74913     7.67761     7.62522     7.53856     7.40852     7.14668     6.72009
  7.98736     7.74773     7.67626     7.62352     7.53700     7.40672     7.14439     6.71789
  7.98736     7.74714     7.67573     7.62287     7.53607     7.40563     7.14363     6.71627
  7.98736     7.74582     7.67438     7.62115     7.53445     7.40387     7.14133     6.71421
  7.98736     7.74536     7.67390     7.62059     7.53366     7.40285     7.14010     6.71284
  7.98736     7.74497     7.67335     7.61985     7.53206     7.40190     7.13817     6.71146
  7.98736     7.74468     7.67291     7.61939     7.53139     7.40103     7.13689     6.71020
  7.98736     7.74435     7.67237     7.61875     7.52986     7.40012     7.13528     6.70880
  7.98736     7.74388     7.67187     7.61818     7.52904     7.39915     7.13432     6.70751
  7.98736     7.74343     7.67136     7.61755     7.52830     7.39825     7.13311     6.70620
  7.98736     7.74294     7.67095     7.61694     7.52749     7.39734     7.13211     6.70509
  7.98736     7.74248     7.67043     7.61642     7.52660     7.39653     7.13086     6.70373
  7.98736     7.74216     7.67009     7.61587     7.52598     7.39568     7.12991     6.70259
  7.98736     7.74174     7.66971     7.61533     7.52515     7.39488     7.12889     6.70128
  7.98736     7.74139     7.66936     7.61481     7.52459     7.39407     7.12799     6.69994
  7.98736     7.74113     7.66910     7.61436     7.52399     7.39324     7.12725     6.69882
  7.98736     7.74067     7.66862     7.61374     7.52320     7.39235     7.12621     6.69737
  7.98736     7.74040     7.66837     7.61329     7.52258     7.39155     7.12538     6.69624
  7.98736     7.74007     7.66792     7.61267     7.52184     7.39072     7.12423     6.69505
  7.98736     7.73967     7.66761     7.61209     7.52101     7.38973     7.12317     6.69383
  7.98736     7.73931     7.66716     7.61143     7.52022     7.38886     7.12222     6.69255
  7.98736     7.73876     7.66682     7.61080     7.51942     7.38790     7.12109     6.69134
  7.98736     7.73837     7.66618     7.60994     7.51863     7.38703     7.12037     6.68994
  7.98736     7.73798     7.66593     7.60938     7.51795     7.38612     7.11966     6.68882
  7.98736     7.73761     7.66544     7.60855     7.51728     7.38533     7.11875     6.68751
  7.98736     7.73733     7.66524     7.60803     7.51676     7.38445     7.11821     6.68650
  7.98736     7.73763     7.66554     7.60791     7.51667     7.38423     7.11757     6.68575
  7.98736     7.73727     7.66535     7.60747     7.51612     7.38353     7.11654     6.68482
  7.98736     7.73755     7.66567     7.60748     7.51604     7.38341     7.11599     6.68433
  7.98736     7.73734     7.66542     7.60717     7.51553     7.38288     7.11510     6.68340
  7.98736     7.73708     7.66508     7.60674     7.51483     7.38222     7.11416     6.68252
  7.98736     7.73695     7.66492     7.60653     7.51452     7.38179     7.11371     6.68178
  7.98736     7.73679     7.66468     7.60646     7.51410     7.38117     7.11305     6.68099
  7.98736     7.73663     7.66461     7.60620     7.51381     7.38072     7.11258     6.68057
  7.98736     7.73654     7.66452     7.60633     7.51349     7.38027     7.11213     6.68003
  7.98736     7.73646     7.66458     7.60626     7.51324     7.37995     7.11160     6.67961
  7.98736     7.73648     7.66476     7.60633     7.51302     7.37985     7.11141     6.67930
  7.98736     7.73654     7.66490     7.60642     7.51301     7.37984     7.11093     6.67900
  7.98736     7.73658     7.66508     7.60648     7.51296     7.37979     7.11073     6.67869
  7.98736     7.73660     7.66549     7.60640     7.51289     7.37972     7.11028     6.67826
  7.98736     7.73664     7.66547     7.60632     7.51276     7.37950     7.11003     6.67791
  7.98736     7.73673     7.66587     7.60627     7.51272     7.37940     7.10963     6.67744
  7.98736     7.73687     7.66604     7.60631     7.51266     7.37923     7.10954     6.67723
  7.98736     7.73693     7.66610     7.60618     7.51262     7.37916     7.10926     6.67685
  7.98736     7.73711     7.66640     7.60632     7.51278     7.37913     7.10930     6.67699
  7.98736     7.73722     7.66642     7.60623     7.51269     7.37908     7.10898     6.67663
  7.98736     7.73721     7.66657     7.60624     7.51277     7.37829     7.10879     6.67659
  7.98736     7.73727     7.66660     7.60624     7.51284     7.37827     7.10860     6.67637
  7.98736     7.73727     7.66676     7.60631     7.51294     7.37757     7.10830     6.67618
  7.98736     7.73729     7.66671     7.60635     7.51301     7.37762     7.10832     6.67603
  7.98736     7.73739     7.66701     7.60659     7.51325     7.37782     7.10837     6.67625
  7.98736     7.73749     7.66702     7.60673     7.51335     7.37792     7.10843     6.67633
  7.98736     7.73754     7.66724     7.60700     7.51367     7.37835     7.10884     6.67686
  7.98736     7.73756     7.66745     7.60713     7.51392     7.37856     7.10910     6.67728
  7.98736     7.73764     7.66776     7.60755     7.51438     7.37914     7.10963     6.67800
  7.98736     7.73770     7.66795     7.60778     7.51470     7.37962     7.11012     6.67873
  7.98736     7.73795     7.66833     7.60828     7.51536     7.38021     7.11038     6.67986
  7.98736     7.73800     7.66841     7.60844     7.51558     7.38063     7.11098     6.68071
  7.98736     7.73830     7.66890     7.60895     7.51626     7.38132     7.11174     6.68209
  7.98736     7.73840     7.66926     7.60923     7.51666     7.38177     7.11250     6.68308
  7.98736     7.73872     7.66975     7.60971     7.51722     7.38258     7.11343     6.68437
  7.98736     7.73898     7.67039     7.61037     7.51784     7.38321     7.11457     6.68561
  7.98736     7.73958     7.67140     7.61149     7.51911     7.38487     7.11674     6.68832
  7.98736     7.73998     7.67191     7.61204     7.51982     7.38577     7.11778     6.68946
  7.98736     7.74037     7.67255     7.61253     7.52056     7.38656     7.11902     6.69067
  7.98736     7.74095     7.67298     7.61306     7.52124     7.38735     7.11968     6.69166
  7.98736     7.74077     7.67299     7.61302     7.52140     7.38751     7.12025     6.69217
  7.98736     7.74120     7.67340     7.61354     7.52203     7.38813     7.12100     6.69304
  7.98736     7.74094     7.67360     7.61368     7.52224     7.38827     7.12143     6.69366
  7.98736     7.74129     7.67414     7.61423     7.52287     7.38842     7.12253     6.69432
  7.98736     7.74176     7.67499     7.61500     7.52368     7.38913     7.12288     6.69527
  7.98736     7.74216     7.67551     7.61538     7.52421     7.38921     7.12356     6.69604
  7.98736     7.74261     7.67613     7.61597     7.52485     7.38982     7.12390     6.69670
  7.98736     7.74311     7.67664     7.61640     7.52547     7.39041     7.12428     6.69764
  7.98736     7.74352     7.67724     7.61689     7.52610     7.39101     7.12514     6.69819
  7.98736     7.74408     7.67765     7.61740     7.52663     7.39230     7.12594     6.69883
  7.98736     7.74452     7.67831     7.61791     7.52738     7.39304     7.12652     6.69945
  7.98736     7.74490     7.67862     7.61833     7.52780     7.39421     7.12707     6.69996
  7.98736     7.74530     7.67917     7.61882     7.52828     7.39496     7.12731     6.70062
  7.98736     7.74557     7.67963     7.61934     7.52881     7.39551     7.12797     6.70127
  7.98736     7.74593     7.68008     7.61985     7.52930     7.39622     7.12815     6.70188
  7.98736     7.74617     7.68042     7.62035     7.52981     7.39685     7.12893     6.70284
  7.98736     7.74654     7.68095     7.62090     7.53058     7.39769     7.12925     6.70360
  7.98736     7.74676     7.68127     7.62140     7.53124     7.39838     7.12979     6.70461
  7.98736     7.74772     7.68178     7.62192     7.53184     7.39920     7.13055     6.70558
  7.98736     7.74800     7.68218     7.62242     7.53257     7.39968     7.13097     6.70639
  7.98736     7.74885     7.68269     7.62293     7.53310     7.40037     7.13185     6.70721
  7.98736     7.74911     7.68325     7.62350     7.53381     7.40086     7.13302     6.70802
  7.98736     7.74944     7.68391     7.62408     7.53431     7.40159     7.13389     6.70867
  7.98736     7.74982     7.68459     7.62481     7.53502     7.40231     7.13505     6.70949
  7.98736     7.75022     7.68517     7.62542     7.53550     7.40299     7.13593     6.71014
  7.98736     7.75070     7.68577     7.62606     7.53621     7.40371     7.13651     6.71086
  7.98736     7.75108     7.68609     7.62651     7.53665     7.40424     7.13699     6.71139
  7.98736     7.75152     7.68675     7.62710     7.53729     7.40501     7.13797     6.71189
  7.98736     7.75186     7.68723     7.62769     7.53769     7.40552     7.13854     6.71249
  7.98736     7.75232     7.68786     7.62835     7.53821     7.40610     7.13931     6.71286
  7.98736     7.75261     7.68831     7.62890     7.53851     7.40637     7.13983     6.71322
  7.98736     7.75303     7.68885     7.62950     7.53888     7.40671     7.13990     6.71353
  7.98736     7.75324     7.68923     7.62975     7.53980     7.40675     7.14011     6.71352
  7.98736     7.75347     7.68969     7.63012     7.53985     7.40693     7.13999     6.71358
  7.98736     7.75358     7.68993     7.63022     7.54058     7.40682     7.13968     6.71347
  7.98736     7.75364     7.69026     7.63039     7.53991     7.40677     7.13941     6.71326
  7.98736     7.75361     7.69036     7.63044     7.53971     7.40641     7.13914     6.71290
  7.98736     7.75358     7.69052     7.63035     7.53881     7.40605     7.13883     6.71238
  7.98736     7.75358     7.69065     7.63031     7.53857     7.40560     7.13861     6.71181
  7.98736     7.75356     7.69065     7.63004     7.53807     7.40498     7.13832     6.71097
  7.98736     7.75358     7.69065     7.62977     7.53759     7.40435     7.13774     6.71023
  7.98736     7.75357     7.69055     7.62933     7.53700     7.40356     7.13716     6.70911
  7.98736     7.75331     7.69034     7.62892     7.53602     7.40264     7.13628     6.70817
  7.98736     7.75306     7.69011     7.62833     7.53527     7.40160     7.13533     6.70698
  7.98736     7.75263     7.68975     7.62783     7.53429     7.40057     7.13434     6.70593
  7.98736     7.75224     7.68928     7.62703     7.53349     7.39935     7.13326     6.70470
  7.98736     7.75177     7.68892     7.62640     7.53278     7.39832     7.13203     6.70355
  7.98736     7.75136     7.68842     7.62565     7.53197     7.39715     7.13107     6.70224
  7.98736     7.75094     7.68806     7.62495     7.53111     7.39602     7.12961     6.70088
  7.98736     7.75037     7.68745     7.62421     7.53013     7.39475     7.12833     6.69942
  7.98736     7.74994     7.68712     7.62357     7.52935     7.39366     7.12695     6.69814
  7.98736     7.74928     7.68649     7.62268     7.52841     7.39242     7.12572     6.69673
  7.98736     7.74882     7.68621     7.62207     7.52769     7.39152     7.12439     6.69569
  7.98736     7.74821     7.68568     7.62124     7.52694     7.39055     7.12343     6.69463
  7.98736     7.74778     7.68545     7.62072     7.52638     7.38982     7.12225     6.69386
  7.98736     7.74720     7.68492     7.61997     7.52564     7.38894     7.12117     6.69310
  7.98736     7.74681     7.68464     7.61945     7.52520     7.38827     7.12017     6.69239
  7.98736     7.74632     7.68420     7.61885     7.52463     7.38760     7.11889     6.69179
  7.98736     7.74618     7.68395     7.61844     7.52432     7.38641     7.11833     6.69125
  7.98736     7.74567     7.68353     7.61796     7.52406     7.38599     7.11734     6.69093
  7.98736     7.74564     7.68333     7.61764     7.52396     7.38502     7.11696     6.69071
  7.98736     7.74529     7.68315     7.61745     7.52398     7.38492     7.11664     6.69082
  7.98736     7.74524     7.68320     7.61737     7.52407     7.38508     7.11635     6.69111
  7.98736     7.74519     7.68335     7.61754     7.52435     7.38540     7.11646     6.69161
  7.98736     7.74529     7.68359     7.61774     7.52464     7.38618     7.11665     6.69232
  7.98736     7.74539     7.68408     7.61812     7.52523     7.38693     7.11697     6.69332
  7.98736     7.74551     7.68432     7.61835     7.52566     7.38780     7.11755     6.69425
  7.98736     7.74577     7.68486     7.61877     7.52634     7.38871     7.11804     6.69526
  7.98736     7.74581     7.68528     7.61933     7.52698     7.38973     7.11904     6.69639
  7.98736     7.74618     7.68585     7.62004     7.52772     7.39077     7.11979     6.69753
  7.98736     7.74635     7.68628     7.62071     7.52843     7.39178     7.12063     6.69869
  7.98736     7.74704     7.68718     7.62170     7.52938     7.39304     7.12173     6.70023
  7.98736     7.74759     7.68781     7.62246     7.53021     7.39398     7.12267     6.70171
  7.98736     7.74842     7.68890     7.62357     7.53136     7.39539     7.12382     6.70342
  7.98736     7.74922     7.68976     7.62458     7.53248     7.39669     7.12522     6.70510
  7.98736     7.74988     7.69069     7.62559     7.53361     7.39796     7.12658     6.70672
  7.98736     7.75058     7.69155     7.62658     7.53479     7.39925     7.12780     6.70817
  7.98736     7.75134     7.69264     7.62765     7.53604     7.40054     7.12982     6.70988
  7.98736     7.75282     7.69351     7.62858     7.53711     7.40146     7.13116     6.71153
  7.98736     7.75374     7.69463     7.62965     7.53828     7.40273     7.13304     6.71305
  7.98736     7.75522     7.69557     7.63070     7.53937     7.40372     7.13444     6.71477
  7.98736     7.75599     7.69649     7.63158     7.54030     7.40483     7.13610     6.71615
  7.98736     7.75662     7.69733     7.63259     7.54131     7.40563     7.13717     6.71751
  7.98736     7.75732     7.69823     7.63349     7.54222     7.40667     7.13890     6.71896
  7.98736     7.75799     7.69903     7.63439     7.54323     7.40752     7.13995     6.72045
  7.98736     7.75879     7.69958     7.63517     7.54413     7.40846     7.14123     6.72171
  7.98736     7.75935     7.70038     7.63594     7.54505     7.40948     7.14210     6.72304
  7.98736     7.76004     7.70101     7.63671     7.54589     7.41033     7.14343     6.72434
  7.98736     7.76063     7.70202     7.63788     7.54674     7.41113     7.14439     6.72547
  7.98736     7.76115     7.70271     7.63853     7.54739     7.41170     7.14567     6.72658
  7.98736     7.76166     7.70352     7.63956     7.54807     7.41236     7.14687     6.72756
  7.98736     7.76210     7.70403     7.64012     7.54869     7.41296     7.14778     6.72852
  7.98736     7.76252     7.70459     7.64075     7.54931     7.41376     7.14841     6.72956
  7.98736     7.76293     7.70502     7.64128     7.54987     7.41438     7.14915     6.73062
  7.98736     7.76338     7.70564     7.64191     7.55057     7.41519     7.14950     6.73170
  7.98736     7.76372     7.70557     7.64236     7.55115     7.41579     7.15003     6.73267
  7.98736     7.76413     7.70603     7.64279     7.55173     7.41634     7.15074     6.73344
  7.98736     7.76451     7.70600     7.64329     7.55227     7.41698     7.15122     6.73435
  7.98736     7.76524     7.70682     7.64428     7.55305     7.41771     7.15246     6.73532
  7.98736     7.76568     7.70730     7.64487     7.55364     7.41837     7.15297     6.73610
  7.98736     7.76637     7.70819     7.64589     7.55435     7.41915     7.15426     6.73707
  7.98736     7.76662     7.70862     7.64639     7.55485     7.41958     7.15478     6.73750
  7.98736     7.76724     7.70972     7.64705     7.55579     7.42060     7.15630     6.73857
  7.98736     7.76754     7.71021     7.64711     7.55624     7.42101     7.15653     6.73897
  7.98736     7.76796     7.71063     7.64751     7.55674     7.42159     7.15666     6.73949
  7.98736     7.76829     7.71122     7.64794     7.55715     7.42202     7.15714     6.73978
  7.98736     7.76854     7.71160     7.64816     7.55752     7.42241     7.15715     6.74003
  7.98736     7.76888     7.71229     7.64862     7.55786     7.42269     7.15809     6.74038
  7.98736     7.76899     7.71266     7.64889     7.55803     7.42281     7.15826     6.74045
  7.98736     7.76925     7.71315     7.64925     7.55830     7.42304     7.15867     6.74083
  7.98736     7.76935     7.71350     7.64951     7.55838     7.42320     7.15870     6.74082
  7.98736     7.76965     7.71384     7.64975     7.55858     7.42338     7.15891     6.74108
  7.98736     7.76975     7.71433     7.65050     7.55871     7.42355     7.15900     6.74113
  7.98736     7.76995     7.71457     7.65070     7.55887     7.42358     7.15892     6.74125
  7.98736     7.77014     7.71496     7.65136     7.55884     7.42355     7.15904     6.74136
  7.98736     7.77039     7.71475     7.65149     7.55893     7.42356     7.15887     6.74153
  7.98736     7.77064     7.71516     7.65172     7.55884     7.42357     7.15901     6.74174
  7.98736     7.77097     7.71496     7.65195     7.55887     7.42364     7.15920     6.74194
  7.98736     7.77108     7.71526     7.65210     7.55851     7.42359     7.15940     6.74215
  7.98736     7.77111     7.71538     7.65222     7.55836     7.42351     7.15950     6.74205
  7.98736     7.77104     7.71557     7.65222     7.55801     7.42333     7.15970     6.74214
  7.98736     7.77094     7.71562     7.65206     7.55774     7.42308     7.15947     6.74191
  7.98736     7.77087     7.71564     7.65181     7.55745     7.42260     7.15934     6.74183
  7.98736     7.77081     7.71568     7.65155     7.55720     7.42222     7.15880     6.74151
  7.98736     7.77077     7.71565     7.65121     7.55671     7.42156     7.15868     6.74141
  7.98736     7.77067     7.71566     7.65092     7.55633     7.42094     7.15813     6.74098
  7.98736     7.77064     7.71572     7.65058     7.55585     7.42033     7.15786     6.74082
  7.98736     7.77048     7.71650     7.65034     7.55535     7.41968     7.15737     6.74032
  7.98736     7.76982     7.71587     7.64941     7.55412     7.41850     7.15643     6.73945
  7.98736     7.76954     7.71644     7.64905     7.55356     7.41783     7.15569     6.73879
  7.98736     7.76863     7.71556     7.64796     7.55215     7.41649     7.15446     6.73764
  7.98736     7.76839     7.71537     7.64761     7.55167     7.41583     7.15381     6.73711
  7.98736     7.76760     7.71465     7.64666     7.55056     7.41469     7.15271     6.73594
  7.98736     7.76730     7.71450     7.64626     7.55005     7.41391     7.15191     6.73535
  7.98736     7.76657     7.71386     7.64539     7.54899     7.41264     7.15097     6.73427
  7.98736     7.76607     7.71364     7.64482     7.54844     7.41171     7.15015     6.73356
  7.98736     7.76567     7.71324     7.64427     7.54764     7.41073     7.14928     6.73290
  7.98736     7.76519     7.71284     7.64355     7.54693     7.40981     7.14833     6.73220
  7.98736     7.76465     7.71220     7.64280     7.54583     7.40882     7.14721     6.73137
  7.98736     7.76416     7.71178     7.64204     7.54498     7.40795     7.14619     6.73065
  7.98736     7.76359     7.71114     7.64115     7.54395     7.40692     7.14491     6.72963
  7.98736     7.76310     7.71070     7.64039     7.54311     7.40598     7.14404     6.72896
  7.98736     7.76250     7.71009     7.63958     7.54229     7.40508     7.14271     6.72792
  7.98736     7.76199     7.70961     7.63890     7.54156     7.40421     7.14188     6.72743
  7.98736     7.76135     7.70886     7.63809     7.54050     7.40292     7.14100     6.72659
  7.98736     7.76089     7.70853     7.63743     7.53992     7.40225     7.14010     6.72628
  7.98736     7.76051     7.70809     7.63708     7.53919     7.40127     7.13979     6.72584
  7.98736     7.76013     7.70778     7.63653     7.53867     7.40077     7.13908     6.72567
  7.98736     7.76003     7.70763     7.63637     7.53847     7.40050     7.13865     6.72556
  7.98736     7.75991     7.70749     7.63612     7.53808     7.40029     7.13828     6.72566
  7.98736     7.75974     7.70741     7.63601     7.53794     7.40009     7.13801     6.72579
  7.98736     7.75965     7.70735     7.63592     7.53776     7.40014     7.13788     6.72601
  7.98736     7.75947     7.70736     7.63593     7.53768     7.40006     7.13783     6.72640
  7.98736     7.75931     7.70731     7.63595     7.53776     7.40016     7.13799     6.72679
  7.98736     7.75919     7.70739     7.63593     7.53779     7.40015     7.13785     6.72713
  7.98736     7.75924     7.70745     7.63598     7.53801     7.40032     7.13774     6.72756
  7.98736     7.75929     7.70761     7.63604     7.53805     7.40043     7.13790     6.72789
  7.98736     7.75947     7.70782     7.63622     7.53832     7.40066     7.13796     6.72817
  7.98736     7.75966     7.70803     7.63639     7.53852     7.40083     7.13829     6.72837
  7.98736     7.75981     7.70823     7.63657     7.53841     7.40101     7.13849     6.72846
  7.98736     7.76006     7.70853     7.63689     7.53883     7.40124     7.13895     6.72853
  7.98736     7.76031     7.70877     7.63715     7.53880     7.40153     7.13890     6.72845
  7.98736     7.76068     7.70920     7.63754     7.53921     7.40183     7.13918     6.72871
  7.98736     7.76109     7.70954     7.63795     7.53964     7.40223     7.13954     6.72853
  7.98736     7.76150     7.71000     7.63828     7.54001     7.40255     7.13937     6.72872
  7.98736     7.76181     7.71033     7.63877     7.54040     7.40292     7.13974     6.72860
  7.98736     7.76217     7.71076     7.63914     7.54083     7.40324     7.13980     6.72855
  7.98736     7.76245     7.71121     7.63967     7.54136     7.40368     7.13960     6.72852
  7.98736     7.76294     7.71179     7.64025     7.54195     7.40412     7.14001     6.72863
  7.98736     7.76338     7.71242     7.64096     7.54268     7.40500     7.14003     6.72867
  7.98736     7.76399     7.71307     7.64201     7.54334     7.40561     7.13965     6.72887
  7.98736     7.76460     7.71371     7.64278     7.54393     7.40656     7.14004     6.72908
  7.98736     7.76525     7.71434     7.64389     7.54458     7.40723     7.13989     6.72952
  7.98736     7.76590     7.71506     7.64461     7.54523     7.40792     7.14013     6.72984
  7.98736     7.76669     7.71568     7.64542     7.54601     7.40875     7.14094     6.73038
  7.98736     7.76734     7.71656     7.64620     7.54677     7.40952     7.14150     6.73098
  7.98736     7.76807     7.71726     7.64701     7.54761     7.41047     7.14217     6.73145
  7.98736     7.76883     7.71807     7.64785     7.54846     7.41131     7.14305     6.73230
  7.98736     7.76958     7.71883     7.64877     7.54972     7.41231     7.14369     6.73307
  7.98736     7.77051     7.71976     7.64978     7.55069     7.41349     7.14471     6.73407
  7.98736     7.77134     7.72058     7.65111     7.55205     7.41446     7.14538     6.73510
  7.98736     7.77234     7.72163     7.65219     7.55294     7.41579     7.14655     6.73628
  7.98736     7.77329     7.72262     7.65353     7.55413     7.41692     7.14750     6.73753
  7.98736     7.77420     7.72365     7.65475     7.55520     7.41811     7.14857     6.73907
  7.98736     7.77508     7.72465     7.65587     7.55631     7.41936     7.14970     6.74050
  7.98736     7.77587     7.72566     7.65693     7.55739     7.42046     7.15054     6.74207
  7.98736     7.77664     7.72666     7.65800     7.55835     7.42215     7.15192     6.74338
  7.98736     7.77737     7.72772     7.65886     7.55932     7.42326     7.15348     6.74472
  7.98736     7.77815     7.72869     7.65985     7.56057     7.42485     7.15487     6.74600
  7.98736     7.77892     7.72966     7.66080     7.56155     7.42600     7.15652     6.74726
  7.98736     7.77972     7.73055     7.66180     7.56281     7.42706     7.15772     6.74877
  7.98736     7.78041     7.73144     7.66273     7.56375     7.42812     7.15862     6.75020
  7.98736     7.78120     7.73237     7.66360     7.56412     7.42913     7.15990     6.75155
  7.98736     7.78189     7.73360     7.66443     7.56510     7.43021     7.16089     6.75304
  7.98736     7.78253     7.73453     7.66528     7.56531     7.43121     7.16243     6.75457
  7.98736     7.78311     7.73565     7.66598     7.56625     7.43221     7.16382     6.75588
  7.98736     7.78419     7.73644     7.66681     7.56699     7.43365     7.16517     6.75742
  7.98736     7.78480     7.73723     7.66752     7.56785     7.43465     7.16650     6.75885
  7.98736     7.78586     7.73803     7.66819     7.56873     7.43591     7.16785     6.76003
  7.98736     7.78628     7.73865     7.66853     7.56933     7.43671     7.16868     6.76121
  7.98736     7.78667     7.73933     7.66912     7.57015     7.43742     7.17008     6.76242
  7.98736     7.78683     7.73968     7.66928     7.57059     7.43799     7.17090     6.76321
  7.98736     7.78705     7.74030     7.66976     7.57103     7.43846     7.17204     6.76426
  7.98736     7.78724     7.74046     7.67015     7.57149     7.43892     7.17317     6.76491
  7.98736     7.78740     7.74088     7.67034     7.57175     7.43920     7.17409     6.76552
  7.98736     7.78753     7.74089     7.67049     7.57199     7.43939     7.17501     6.76576
  7.98736     7.78816     7.74091     7.67035     7.57202     7.43937     7.17558     6.76595
  7.98736     7.78813     7.74082     7.67016     7.57196     7.43922     7.17588     6.76570
  7.98736     7.78860     7.74068     7.66981     7.57177     7.43891     7.17575     6.76527
  7.98736     7.78813     7.74024     7.66981     7.57124     7.43801     7.17467     6.76387
  7.98736     7.78788     7.73998     7.67031     7.57091     7.43744     7.17415     6.76301
  7.98736     7.78761     7.73971     7.66978     7.57051     7.43687     7.17326     6.76205
  7.98736     7.78745     7.73955     7.66953     7.57010     7.43632     7.17256     6.76105
  7.98736     7.78711     7.73919     7.66908     7.56959     7.43562     7.17145     6.75965
  7.98736     7.78693     7.73892     7.66869     7.56896     7.43481     7.17037     6.75818
  7.98736     7.78659     7.73854     7.66827     7.56837     7.43408     7.16890     6.75654
  7.98736     7.78633     7.73814     7.66774     7.56750     7.43301     7.16771     6.75483
  7.98736     7.78592     7.73759     7.66717     7.56670     7.43207     7.16580     6.75310
  7.98736     7.78568     7.73728     7.66668     7.56590     7.43108     7.16446     6.75162
  7.98736     7.78529     7.73680     7.66613     7.56513     7.43011     7.16278     6.74990
  7.98736     7.78495     7.73665     7.66557     7.56433     7.42912     7.16115     6.74839
  7.98736     7.78472     7.73631     7.66513     7.56371     7.42839     7.15978     6.74685
  7.98736     7.78445     7.73617     7.66461     7.56306     7.42748     7.15816     6.74547
  7.98736     7.78410     7.73578     7.66418     7.56258     7.42683     7.15696     6.74410
  7.98736     7.78389     7.73534     7.66370     7.56207     7.42610     7.15568     6.74302
  7.98736     7.78356     7.73499     7.66326     7.56166     7.42538     7.15481     6.74181
  7.98736     7.78344     7.73465     7.66293     7.56125     7.42479     7.15376     6.74089
  7.98736     7.78330     7.73450     7.66262     7.56085     7.42428     7.15297     6.73995
  7.98736     7.78320     7.73447     7.66234     7.56052     7.42379     7.15175     6.73919
  7.98736     7.78323     7.73453     7.66228     7.56038     7.42354     7.15120     6.73881
  7.98736     7.78308     7.73442     7.66193     7.56006     7.42324     7.15020     6.73827
  7.98736     7.78306     7.73444     7.66189     7.55986     7.42302     7.14942     6.73819
  7.98736     7.78301     7.73440     7.66178     7.55972     7.42289     7.14881     6.73791
  7.98736     7.78267     7.73439     7.66183     7.55960     7.42278     7.14837     6.73766
  7.98736     7.78279     7.73471     7.66210     7.55985     7.42298     7.14806     6.73773
  7.98736     7.78257     7.73474     7.66219     7.55983     7.42298     7.14802     6.73757
  7.98736     7.78279     7.73502     7.66247     7.56019     7.42321     7.14805     6.73773
  7.98736     7.78305     7.73519     7.66258     7.56031     7.42330     7.14819     6.73789
  7.98736     7.78317     7.73531     7.66268     7.56055     7.42349     7.14818     6.73812
  7.98736     7.78328     7.73549     7.66282     7.56081     7.42373     7.14846     6.73858
  7.98736     7.78333     7.73554     7.66311     7.56117     7.42408     7.14864     6.73899
  7.98736     7.78326     7.73569     7.66324     7.56145     7.42378     7.14830     6.73946
  7.98736     7.78326     7.73574     7.66359     7.56191     7.42426     7.14877     6.74000
  7.98736     7.78339     7.73590     7.66371     7.56228     7.42397     7.14879     6.74035
  7.98736     7.78377     7.73639     7.66438     7.56314     7.42487     7.14964     6.74120
  7.98736     7.78391     7.73654     7.66445     7.56352     7.42537     7.15016     6.74161
  7.98736     7.78436     7.73699     7.66522     7.56436     7.42619     7.15107     6.74278
  7.98736     7.78444     7.73714     7.66551     7.56472     7.42673     7.15138     6.74344
  7.98736     7.78471     7.73729     7.66599     7.56530     7.42738     7.15222     6.74457
  7.98736     7.78477     7.73737     7.66631     7.56571     7.42795     7.15238     6.74524
  7.98736     7.78492     7.73747     7.66669     7.56613     7.42857     7.15308     6.74609
  7.98736     7.78498     7.73764     7.66690     7.56655     7.42895     7.15199     6.74678
  7.98736     7.78516     7.73791     7.66728     7.56691     7.42941     7.15301     6.74770
  7.98736     7.78525     7.73822     7.66757     7.56737     7.42986     7.15244     6.74933
  7.98736     7.78504     7.73851     7.66801     7.56775     7.43036     7.15382     6.75036
  7.98736     7.78521     7.73872     7.66834     7.56821     7.43099     7.15462     6.75191
  7.98736     7.78517     7.73905     7.66883     7.56868     7.43164     7.15553     6.75302
  7.98736     7.78542     7.73923     7.66923     7.56910     7.43219     7.15596     6.75395
  7.98736     7.78594     7.73970     7.66983     7.56968     7.43287     7.15655     6.75526
  7.98736     7.78624     7.73985     7.67018     7.57023     7.43341     7.15708     6.75643
  7.98736     7.78654     7.74024     7.67067     7.57077     7.43400     7.15783     6.75770
  7.98736     7.78679     7.74048     7.67102     7.57123     7.43463     7.15612     6.75879
  7.98736     7.78709     7.74084     7.67151     7.57171     7.43518     7.15681     6.76012
  7.98736     7.78725     7.74107     7.67177     7.57208     7.43566     7.15504     6.76114
  7.98736     7.78738     7.74129     7.67206     7.57240     7.43647     7.15569     6.76235
  7.98736     7.78739     7.74134     7.67217     7.57270     7.43681     7.15657     6.76345
  7.98736     7.78742     7.74157     7.67233     7.57304     7.43761     7.15752     6.76471
  7.98736     7.78743     7.74175     7.67257     7.57352     7.43817     7.15893     6.76610
  7.98736     7.78745     7.74201     7.67286     7.57397     7.43869     7.15960     6.76755
  7.98736     7.78755     7.74221     7.67317     7.57438     7.43924     7.16054     6.76937
  7.98736     7.78768     7.74239     7.67337     7.57473     7.43982     7.16105     6.77081
  7.98736     7.78786     7.74252     7.67365     7.57501     7.44039     7.16204     6.77267
  7.98736     7.78807     7.74282     7.67392     7.57539     7.44111     7.16300     6.77431
  7.98736     7.78815     7.74291     7.67417     7.57571     7.44166     7.16440     6.77603
  7.98736     7.78822     7.74319     7.67437     7.57609     7.44217     7.16540     6.77754
  7.98736     7.78823     7.74337     7.67458     7.57638     7.44268     7.16661     6.77930
  7.98736     7.78824     7.74353     7.67467     7.57665     7.44311     7.16770     6.78052
  7.98736     7.78842     7.74382     7.67507     7.57703     7.44371     7.16891     6.78237
  7.98736     7.78845     7.74396     7.67519     7.57734     7.44431     7.17007     6.78376
  7.98736     7.78851     7.74412     7.67551     7.57771     7.44480     7.17125     6.78499
  7.98736     7.78851     7.74420     7.67564     7.57799     7.44536     7.17231     6.78671
  7.98736     7.78875     7.74468     7.67600     7.57845     7.44596     7.17323     6.78793
  7.98736     7.78899     7.74492     7.67630     7.57894     7.44653     7.17437     6.78954
  7.98736     7.78927     7.74549     7.67671     7.57946     7.44713     7.17529     6.79090
  7.98736     7.78947     7.74563     7.67701     7.57993     7.44772     7.17630     6.79218
  7.98736     7.78958     7.74587     7.67721     7.58033     7.44826     7.17729     6.79318
  7.98736     7.78971     7.74606     7.67751     7.58079     7.44883     7.17840     6.79444
  7.98736     7.78988     7.74641     7.67776     7.58124     7.44943     7.17916     6.79530
  7.98736     7.79013     7.74672     7.67811     7.58179     7.44996     7.17995     6.79642
  7.98736     7.79032     7.74704     7.67843     7.58237     7.45046     7.18045     6.79702
  7.98736     7.79060     7.74728     7.67873     7.58285     7.45096     7.18102     6.79765
  7.98736     7.79096     7.74762     7.67912     7.58345     7.45149     7.18153     6.79817
  7.98736     7.79141     7.74804     7.67969     7.58409     7.45206     7.18254     6.79859
  7.98736     7.79107     7.74840     7.68007     7.58468     7.45262     7.18315     6.79891
  7.98736     7.79147     7.74870     7.68065     7.58529     7.45311     7.18400     6.79920
  7.98736     7.79103     7.74897     7.68092     7.58577     7.45355     7.18445     6.79925
  7.98736     7.79139     7.74920     7.68145     7.58630     7.45407     7.18485     6.79947
  7.98736     7.79173     7.74956     7.68184     7.58691     7.45454     7.18525     6.79965
  7.98736     7.79209     7.74994     7.68244     7.58742     7.45505     7.18538     6.79980
  7.98736     7.79243     7.75033     7.68300     7.58806     7.45558     7.18556     6.79984
  7.98736     7.79328     7.75083     7.68358     7.58856     7.45605     7.18552     6.79999
  7.98736     7.79370     7.75129     7.68422     7.58921     7.45660     7.18571     6.80000
  7.98736     7.79462     7.75178     7.68486     7.58980     7.45705     7.18560     6.80005
  7.98736     7.79453     7.75211     7.68550     7.59037     7.45754     7.18587     6.80007
  7.98736     7.79462     7.75209     7.68573     7.59060     7.45760     7.18536     6.79961
  7.98736     7.79447     7.75245     7.68618     7.59102     7.45797     7.18577     6.79947
  7.98736     7.79467     7.75267     7.68648     7.59133     7.45834     7.18555     6.79910
  7.98736     7.79521     7.75319     7.68702     7.59185     7.45879     7.18606     6.79917
  7.98736     7.79577     7.75376     7.68753     7.59243     7.45949     7.18609     6.79913
  7.98736     7.79630     7.75412     7.68812     7.59286     7.45983     7.18630     6.79919
  7.98736     7.79617     7.75446     7.68825     7.59314     7.46023     7.18623     6.79906
  7.98736     7.79659     7.75478     7.68872     7.59337     7.46042     7.18646     6.79886
  7.98736     7.79647     7.75515     7.68891     7.59360     7.46073     7.18639     6.79880
  7.98736     7.79680     7.75542     7.68933     7.59372     7.46090     7.18685     6.79857
  7.98736     7.79683     7.75545     7.68932     7.59354     7.46074     7.18633     6.79819
  7.98736     7.79713     7.75558     7.68912     7.59356     7.46084     7.18647     6.79821
  7.98736     7.79741     7.75592     7.68890     7.59361     7.46090     7.18618     6.79799
  7.98736     7.79745     7.75601     7.68894     7.59365     7.46087     7.18609     6.79772
  7.98736     7.79768     7.75637     7.68920     7.59388     7.46104     7.18613     6.79770
  7.98736     7.79779     7.75632     7.68876     7.59373     7.46077     7.18580     6.79725
  7.98736     7.79784     7.75630     7.68858     7.59358     7.46066     7.18548     6.79662
  7.98736     7.79809     7.75620     7.68806     7.59324     7.46037     7.18552     6.79621
  7.98736     7.79846     7.75606     7.68781     7.59297     7.46009     7.18508     6.79544
  7.98736     7.79829     7.75569     7.68730     7.59228     7.45942     7.18516     6.79460
  7.98736     7.79838     7.75547     7.68678     7.59175     7.45886     7.18452     6.79363
  7.98736     7.79799     7.75491     7.68624     7.59100     7.45803     7.18400     6.79253
  7.98736     7.79804     7.75503     7.68590     7.59072     7.45758     7.18334     6.79156
  7.98736     7.79765     7.75446     7.68521     7.58994     7.45656     7.18240     6.79025
  7.98736     7.79769     7.75431     7.68481     7.58955     7.45590     7.18162     6.78881
  7.98736     7.79720     7.75359     7.68374     7.58849     7.45463     7.18027     6.78699
  7.98736     7.79733     7.75300     7.68285     7.58762     7.45350     7.17910     6.78505
  7.98736     7.79674     7.75252     7.68187     7.58647     7.45229     7.17765     6.78304
  7.98736     7.79671     7.75195     7.68103     7.58557     7.45114     7.17623     6.78123
  7.98736     7.79593     7.75142     7.67993     7.58441     7.44969     7.17493     6.77916
  7.98736     7.79517     7.75072     7.67969     7.58346     7.44845     7.17330     6.77708
  7.98736     7.79449     7.74995     7.67924     7.58232     7.44704     7.17160     6.77494
  7.98736     7.79383     7.74921     7.67898     7.58136     7.44579     7.17000     6.77285
