  7.99093     7.76830     7.71116     7.64092     7.54221     7.41854     7.13909     6.71105
  7.99093     7.76793     7.71095     7.64072     7.54189     7.41824     7.13848     6.71058
  7.99093     7.76755     7.71034     7.64033     7.54153     7.41772     7.13802     6.70961
  7.99093     7.76727     7.70994     7.64015     7.54113     7.41742     7.13766     6.70894
  7.99093     7.76697     7.70928     7.63999     7.54089     7.41693     7.13738     6.70818
  7.99093     7.76680     7.70888     7.63995     7.54061     7.41667     7.13667     6.70765
  7.99093     7.76673     7.70854     7.63987     7.54041     7.41631     7.13655     6.70669
  7.99093     7.76671     7.70844     7.63965     7.53998     7.41601     7.13618     6.70622
  7.99093     7.76622     7.70793     7.63929     7.53965     7.41556     7.13560     6.70545
  7.99093     7.76627     7.70969     7.63957     7.53971     7.41550     7.13539     6.70503
  7.99093     7.76584     7.70904     7.63919     7.53932     7.41492     7.13459     6.70452
  7.99093     7.76546     7.70870     7.63869     7.53882     7.41437     7.13447     6.70406
  7.99093     7.76500     7.70836     7.63835     7.53855     7.41404     7.13384     6.70354
  7.99093     7.76479     7.70791     7.63798     7.53821     7.41364     7.13347     6.70313
  7.99093     7.76460     7.70720     7.63772     7.53780     7.41328     7.13286     6.70277
  7.99093     7.76440     7.70686     7.63735     7.53724     7.41268     7.13250     6.70241
  7.99093     7.76417     7.70652     7.63696     7.53660     7.41224     7.13151     6.70216
  7.99093     7.76410     7.70598     7.63658     7.53619     7.41193     7.13106     6.70189
  7.99093     7.76380     7.70548     7.63620     7.53592     7.41158     7.13100     6.70173
  7.99093     7.76344     7.70503     7.63609     7.53556     7.41112     7.13082     6.70176
  7.99093     7.76298     7.70443     7.63579     7.53515     7.41093     7.13032     6.70212
  7.99093     7.76261     7.70372     7.63519     7.53477     7.41049     7.13024     6.70183
  7.99093     7.76235     7.70360     7.63492     7.53444     7.41041     7.13021     6.70219
  7.99093     7.76206     7.70321     7.63473     7.53435     7.41037     7.13064     6.70238
  7.99093     7.76187     7.70298     7.63463     7.53416     7.41027     7.13089     6.70248
  7.99093     7.76155     7.70251     7.63437     7.53400     7.41000     7.13118     6.70321
  7.99093     7.76151     7.70258     7.63428     7.53387     7.40999     7.13226     6.70386
  7.99093     7.76120     7.70225     7.63404     7.53364     7.40995     7.13228     6.70431
  7.99093     7.76089     7.70189     7.63373     7.53339     7.40989     7.13142     6.70779
  7.99093     7.76035     7.70127     7.63339     7.53331     7.41007     7.13062     6.70839
  7.99093     7.76030     7.70107     7.63355     7.53321     7.41026     7.13199     6.70910
  7.99093     7.76008     7.70069     7.63341     7.53314     7.41031     7.13268     6.70950
  7.99093     7.75994     7.70052     7.63318     7.53309     7.41026     7.13305     6.70988
  7.99093     7.75965     7.70015     7.63305     7.53291     7.41029     7.13357     6.71042
  7.99093     7.75969     7.70008     7.63307     7.53279     7.41056     7.13464     6.71123
  7.99093     7.75971     7.69989     7.63308     7.53274     7.41067     7.13479     6.70918
  7.99093     7.75972     7.69969     7.63300     7.53280     7.41079     7.13694     6.70970
  7.99093     7.75939     7.69931     7.63282     7.53313     7.41089     7.13708     6.71045
  7.99093     7.75919     7.69917     7.63272     7.53319     7.41088     7.13741     6.71336
  7.99093     7.75878     7.69884     7.63273     7.53304     7.41083     7.13729     6.71380
  7.99093     7.75877     7.69849     7.63250     7.53306     7.41081     7.13760     6.71415
  7.99093     7.75870     7.69851     7.63243     7.53311     7.41096     7.13794     6.71469
  7.99093     7.75841     7.69816     7.63235     7.53296     7.41088     7.13884     6.71468
  7.99093     7.75810     7.69777     7.63227     7.53277     7.41093     7.14668     6.71501
  7.99093     7.75781     7.69723     7.63203     7.53282     7.41074     7.14694     6.71538
  7.99093     7.75765     7.69702     7.63200     7.53274     7.41071     7.14733     6.71559
  7.99093     7.75750     7.69657     7.63164     7.53250     7.41048     7.14939     6.71553
  7.99093     7.75734     7.69631     7.63139     7.53252     7.41034     7.14944     6.71532
  7.99093     7.75687     7.69553     7.63062     7.53209     7.40982     7.14945     6.71468
  7.99093     7.75659     7.69533     7.63028     7.53174     7.40954     7.14909     6.71443
  7.99093     7.75625     7.69471     7.62980     7.53137     7.40907     7.14844     6.71381
  7.99093     7.75616     7.69445     7.62948     7.53119     7.40882     7.14852     6.71369
  7.99093     7.75584     7.69392     7.62914     7.53071     7.40850     7.14782     6.71329
  7.99093     7.75558     7.69378     7.62905     7.53062     7.40827     7.14184     6.71300
  7.99093     7.75540     7.69325     7.62884     7.53038     7.40811     7.14177     6.71154
  7.99093     7.75523     7.69297     7.62863     7.53028     7.40807     7.14125     6.71154
  7.99093     7.75498     7.69250     7.62831     7.52995     7.40792     7.14051     6.71142
  7.99093     7.75486     7.69242     7.62825     7.52983     7.40776     7.14011     6.71122
  7.99093     7.75444     7.69200     7.62799     7.52945     7.40751     7.13957     6.71084
  7.99093     7.75444     7.69192     7.62784     7.52969     7.40759     7.13923     6.71055
  7.99093     7.75416     7.69181     7.62777     7.52946     7.40754     7.13910     6.71026
  7.99093     7.75407     7.69149     7.62758     7.52926     7.40745     7.13945     6.71044
  7.99093     7.75396     7.69127     7.62751     7.52904     7.40755     7.13952     6.71019
  7.99093     7.75409     7.69113     7.62752     7.52934     7.40774     7.14181     6.70971
  7.99093     7.75454     7.69120     7.62784     7.52933     7.40774     7.14185     6.71357
  7.99093     7.75493     7.69121     7.62798     7.52954     7.40791     7.14176     6.71340
  7.99093     7.75487     7.69130     7.62812     7.52954     7.40804     7.14169     6.71314
  7.99093     7.75495     7.69121     7.62806     7.52992     7.40799     7.14140     6.71277
  7.99093     7.75517     7.69106     7.62808     7.53004     7.40798     7.14160     6.71245
  7.99093     7.75508     7.69067     7.62789     7.53010     7.40788     7.14122     6.71195
  7.99093     7.75466     7.68993     7.62729     7.52962     7.40718     7.14052     6.71084
  7.99093     7.75502     7.69013     7.62762     7.52988     7.40727     7.14030     6.71032
  7.99093     7.75551     7.69072     7.62818     7.53022     7.40758     7.14052     6.71009
  7.99093     7.75588     7.69075     7.62842     7.53028     7.40767     7.14155     6.70976
  7.99093     7.75612     7.68978     7.62875     7.53058     7.40779     7.14205     6.70947
  7.99093     7.75611     7.68960     7.62889     7.53044     7.40772     7.14165     6.70910
  7.99093     7.75622     7.68981     7.62916     7.53055     7.40791     7.14138     6.70885
  7.99093     7.75621     7.68972     7.62904     7.53056     7.40783     7.14146     6.70847
  7.99093     7.75636     7.68993     7.62913     7.53096     7.40791     7.14147     6.70817
  7.99093     7.75624     7.68967     7.62905     7.53090     7.40788     7.14101     6.70801
  7.99093     7.75634     7.68981     7.62925     7.53128     7.40798     7.14083     6.70784
  7.99093     7.75660     7.68962     7.62936     7.53133     7.40828     7.14123     6.70793
  7.99093     7.75698     7.68981     7.62958     7.53184     7.40876     7.14145     6.70797
  7.99093     7.75705     7.68992     7.62982     7.53216     7.40914     7.14159     6.70819
  7.99093     7.75742     7.69029     7.63021     7.53269     7.40982     7.14175     6.70868
  7.99093     7.75740     7.69029     7.63064     7.53294     7.41032     7.14207     6.70902
  7.99093     7.75766     7.69055     7.63083     7.53349     7.41092     7.14234     6.70967
  7.99093     7.75776     7.69078     7.63116     7.53377     7.41157     7.14323     6.71073
  7.99093     7.75798     7.69071     7.63136     7.53438     7.41216     7.14375     6.71167
  7.99093     7.75821     7.69085     7.63171     7.53508     7.41307     7.14459     6.71284
  7.99093     7.75832     7.68943     7.63197     7.53559     7.41398     7.14511     6.71392
  7.99093     7.75882     7.68977     7.63273     7.53637     7.41521     7.14642     6.71542
  7.99093     7.75943     7.69017     7.63354     7.53732     7.41664     7.14747     6.71728
  7.99093     7.75980     7.69066     7.63407     7.53823     7.41780     7.14911     6.71870
  7.99093     7.75999     7.69074     7.63467     7.53891     7.41881     7.15008     6.72006
  7.99093     7.76037     7.69112     7.63542     7.53978     7.41985     7.15146     6.72134
  7.99093     7.76087     7.69119     7.63579     7.54029     7.42068     7.15252     6.72257
  7.99093     7.76146     7.69170     7.63642     7.54110     7.42167     7.15377     6.72378
  7.99093     7.76165     7.69185     7.63681     7.54162     7.42248     7.15475     6.72485
  7.99093     7.76189     7.69201     7.63724     7.54234     7.42335     7.15606     6.72568
  7.99093     7.76217     7.69196     7.63900     7.54273     7.42401     7.15709     6.72654
  7.99093     7.76264     7.69243     7.63951     7.54355     7.42488     7.15819     6.72722
  7.99093     7.76262     7.69240     7.63968     7.54364     7.42524     7.15930     6.72782
  7.99093     7.76294     7.69275     7.64011     7.54413     7.42586     7.16033     6.72837
  7.99093     7.76294     7.69284     7.64007     7.54435     7.42630     7.16068     6.72867
  7.99093     7.76312     7.69299     7.64141     7.54478     7.42674     7.16139     6.72905
  7.99093     7.76317     7.69298     7.64247     7.54495     7.42672     7.16208     6.72910
  7.99093     7.76336     7.69303     7.64261     7.54514     7.42679     7.16239     6.72937
  7.99093     7.76323     7.69297     7.64252     7.54527     7.42688     7.16218     6.72956
  7.99093     7.76326     7.69284     7.64245     7.54514     7.42669     7.16221     6.72947
  7.99093     7.76312     7.69282     7.64237     7.54492     7.42632     7.16178     6.72913
  7.99093     7.76319     7.69248     7.64170     7.54458     7.42587     7.16131     6.72875
  7.99093     7.76319     7.69257     7.64146     7.54433     7.42564     7.16222     6.72817
  7.99093     7.76320     7.69233     7.64132     7.54394     7.42525     7.16196     6.72782
  7.99093     7.76313     7.69193     7.64126     7.54356     7.42478     7.16177     6.72733
  7.99093     7.76298     7.69136     7.64075     7.54302     7.42430     7.16134     6.72684
  7.99093     7.76306     7.69135     7.64103     7.54292     7.42405     7.16067     6.72674
  7.99093     7.76275     7.69081     7.64037     7.54221     7.42317     7.15999     6.72630
  7.99093     7.76262     7.69050     7.63996     7.54189     7.42270     7.15915     6.72579
  7.99093     7.76208     7.69002     7.63947     7.54133     7.42205     7.15845     6.72539
  7.99093     7.76174     7.68984     7.63886     7.54088     7.42131     7.15770     6.72461
  7.99093     7.76135     7.68900     7.63749     7.54012     7.42050     7.15718     6.72397
  7.99093     7.76096     7.68849     7.63694     7.53963     7.42000     7.15660     6.72359
  7.99093     7.76039     7.68789     7.63633     7.53884     7.41926     7.15585     6.72290
  7.99093     7.76000     7.68751     7.63581     7.53839     7.41873     7.15515     6.72221
  7.99093     7.75909     7.68648     7.63504     7.53747     7.41779     7.15438     6.72139
  7.99093     7.75914     7.68599     7.63463     7.53706     7.41715     7.15359     6.72078
  7.99093     7.75845     7.68540     7.63394     7.53640     7.41635     7.15317     6.71998
  7.99093     7.75809     7.68464     7.63337     7.53576     7.41567     7.15231     6.71936
  7.99093     7.75779     7.68397     7.63285     7.53527     7.41507     7.15167     6.71862
  7.99093     7.75761     7.68334     7.63216     7.53472     7.41453     7.15058     6.71809
  7.99093     7.75713     7.68290     7.63148     7.53410     7.41400     7.14976     6.71713
  7.99093     7.75663     7.68236     7.63093     7.53342     7.41335     7.14905     6.71634
  7.99093     7.75605     7.68179     7.63039     7.53306     7.41273     7.14822     6.71562
  7.99093     7.75573     7.68112     7.62966     7.53258     7.41227     7.14728     6.71482
  7.99093     7.75530     7.68063     7.62931     7.53219     7.41181     7.14678     6.71384
  7.99093     7.75396     7.67896     7.62766     7.53052     7.40969     7.14512     6.71230
  7.99093     7.75352     7.67857     7.62714     7.53019     7.40942     7.14433     6.71164
  7.99093     7.75323     7.67798     7.62650     7.52972     7.40909     7.14348     6.71111
  7.99093     7.75280     7.67759     7.62596     7.52934     7.40886     7.14255     6.71032
  7.99093     7.75256     7.67716     7.62589     7.52903     7.40850     7.14195     6.70965
  7.99093     7.75236     7.67826     7.62579     7.52900     7.40840     7.14139     6.70960
  7.99093     7.75232     7.67814     7.62549     7.52869     7.40839     7.14102     6.70956
  7.99093     7.75235     7.67810     7.62551     7.52877     7.40853     7.14076     6.70960
  7.99093     7.75211     7.67779     7.62548     7.52870     7.40849     7.14087     6.70979
  7.99093     7.75251     7.67822     7.62584     7.52942     7.40929     7.14110     6.71050
  7.99093     7.75254     7.67825     7.62575     7.53043     7.40875     7.14127     6.71069
  7.99093     7.75240     7.67821     7.62567     7.53058     7.40890     7.14131     6.71094
  7.99093     7.75302     7.67800     7.62581     7.53094     7.40931     7.14170     6.71149
  7.99093     7.75325     7.67803     7.62592     7.53145     7.40998     7.14182     6.71240
  7.99093     7.75332     7.67812     7.62609     7.53187     7.41054     7.14251     6.71301
  7.99093     7.75356     7.67807     7.62667     7.53226     7.41118     7.14319     6.71381
  7.99093     7.75386     7.67840     7.62721     7.53283     7.41204     7.14394     6.71477
  7.99093     7.75452     7.67909     7.62784     7.53369     7.41316     7.14490     6.71617
  7.99093     7.75490     7.67949     7.62847     7.53455     7.41403     7.14613     6.71735
  7.99093     7.75454     7.67899     7.62836     7.53431     7.41415     7.14674     6.71804
  7.99093     7.75474     7.67940     7.62882     7.53410     7.41518     7.14795     6.71963
  7.99093     7.75504     7.67906     7.62910     7.53453     7.41604     7.14930     6.72082
  7.99093     7.75505     7.67952     7.62947     7.53517     7.41684     7.15021     6.72189
  7.99093     7.75527     7.67991     7.63022     7.53661     7.41782     7.15141     6.72342
  7.99093     7.75568     7.68050     7.63106     7.53766     7.41904     7.15273     6.72496
  7.99093     7.75634     7.68106     7.63190     7.53922     7.42023     7.15420     6.72626
  7.99093     7.75698     7.68163     7.63274     7.54026     7.42148     7.15578     6.72759
  7.99093     7.75759     7.68200     7.63344     7.54106     7.42246     7.15738     6.72866
  7.99093     7.75820     7.68259     7.63401     7.54205     7.42351     7.15837     6.72992
  7.99093     7.75849     7.68286     7.63470     7.54278     7.42458     7.15976     6.73054
  7.99093     7.75856     7.68324     7.63519     7.54384     7.42545     7.16085     6.73143
  7.99093     7.75879     7.68431     7.63569     7.54447     7.42623     7.16249     6.73247
  7.99093     7.75913     7.68474     7.63624     7.54523     7.42718     7.16291     6.73374
  7.99093     7.75914     7.68509     7.63676     7.54599     7.42793     7.16410     6.73449
  7.99093     7.75934     7.68531     7.63719     7.54648     7.42858     7.16467     6.73540
  7.99093     7.75944     7.68534     7.63744     7.54580     7.42907     7.16552     6.73587
  7.99093     7.75967     7.68569     7.63764     7.54609     7.42941     7.16626     6.73656
  7.99093     7.76008     7.68624     7.63826     7.54672     7.43019     7.16696     6.73735
  7.99093     7.76061     7.68663     7.63879     7.54823     7.43041     7.16810     6.73810
  7.99093     7.75948     7.68555     7.63793     7.54740     7.42962     7.16770     6.73749
  7.99093     7.75884     7.68552     7.63776     7.54743     7.42968     7.16765     6.73772
  7.99093     7.75857     7.68535     7.63766     7.54790     7.42961     7.16794     6.73774
  7.99093     7.75868     7.68548     7.63786     7.54788     7.42958     7.16872     6.73796
  7.99093     7.75803     7.68561     7.63790     7.54804     7.42968     7.16866     6.73810
  7.99093     7.75810     7.68559     7.63776     7.54773     7.42972     7.16873     6.73799
  7.99093     7.75817     7.68566     7.63789     7.54795     7.43013     7.16869     6.73810
  7.99093     7.75856     7.68582     7.63800     7.54779     7.43008     7.16979     6.73829
  7.99093     7.75876     7.68612     7.63794     7.54776     7.43008     7.17010     6.73850
  7.99093     7.75896     7.68616     7.63801     7.54753     7.42997     7.16984     6.73837
  7.99093     7.75781     7.68521     7.63681     7.54642     7.42884     7.16875     6.73722
  7.99093     7.75739     7.68482     7.63639     7.54596     7.42841     7.16871     6.73660
  7.99093     7.75698     7.68442     7.63573     7.54602     7.42787     7.16789     6.73613
  7.99093     7.75669     7.68457     7.63513     7.54560     7.42723     7.16735     6.73533
  7.99093     7.75556     7.68425     7.63457     7.54515     7.42649     7.16670     6.73440
  7.99093     7.75515     7.68381     7.63379     7.54455     7.42585     7.16638     6.73322
  7.99093     7.75443     7.68332     7.63289     7.54380     7.42463     7.16566     6.73189
  7.99093     7.75380     7.68294     7.63238     7.54308     7.42370     7.16506     6.73069
  7.99093     7.75360     7.68281     7.63195     7.54260     7.42310     7.16447     6.72968
  7.99093     7.75318     7.68251     7.63126     7.54206     7.42238     7.16361     6.72864
  7.99093     7.75271     7.68184     7.63035     7.54103     7.42137     7.16176     6.72725
  7.99093     7.75167     7.68110     7.62955     7.54020     7.42035     7.16005     6.72569
  7.99093     7.75116     7.68036     7.62871     7.53935     7.41926     7.15965     6.72397
  7.99093     7.75020     7.67961     7.62733     7.53822     7.41770     7.15754     6.72181
  7.99093     7.74948     7.67871     7.62623     7.53698     7.41615     7.15535     6.71949
  7.99093     7.74858     7.67795     7.62518     7.53604     7.41476     7.15350     6.71747
  7.99093     7.74799     7.67699     7.62407     7.53485     7.41365     7.15191     6.71551
  7.99093     7.74741     7.67614     7.62292     7.53379     7.41226     7.14970     6.71365
  7.99093     7.74694     7.67526     7.62200     7.53292     7.41107     7.14799     6.71182
  7.99093     7.74620     7.67427     7.62095     7.53192     7.40970     7.14606     6.71008
  7.99093     7.74548     7.67314     7.61986     7.53052     7.40811     7.14417     6.70816
  7.99093     7.74416     7.67200     7.61848     7.52904     7.40657     7.14132     6.70622
  7.99093     7.74340     7.67101     7.61757     7.52802     7.40542     7.13906     6.70451
  7.99093     7.74243     7.66977     7.61655     7.52685     7.40404     7.13669     6.70284
  7.99093     7.74189     7.66890     7.61576     7.52587     7.40304     7.13508     6.70130
  7.99093     7.74124     7.66803     7.61490     7.52494     7.40215     7.13335     6.70007
  7.99093     7.74070     7.66721     7.61452     7.52432     7.40161     7.13181     6.69884
  7.99093     7.74053     7.66673     7.61413     7.52376     7.40122     7.13078     6.69839
  7.99093     7.74044     7.66624     7.61385     7.52333     7.40089     7.12907     6.69814
  7.99093     7.74051     7.66600     7.61386     7.52298     7.40084     7.12853     6.69796
  7.99093     7.74046     7.66573     7.61381     7.52284     7.40053     7.12773     6.69787
  7.99093     7.74041     7.66570     7.61355     7.52250     7.40045     7.12764     6.69781
  7.99093     7.74053     7.66582     7.61365     7.52273     7.40074     7.12723     6.69834
  7.99093     7.74076     7.66597     7.61408     7.52274     7.40127     7.12736     6.69894
  7.99093     7.74117     7.66633     7.61471     7.52335     7.40201     7.12767     6.69803
  7.99093     7.74177     7.66718     7.61529     7.52373     7.40269     7.12895     6.69916
  7.99093     7.74194     7.66861     7.61581     7.52418     7.40341     7.12962     6.70045
  7.99093     7.74256     7.66918     7.61666     7.52477     7.40446     7.13107     6.70185
  7.99093     7.74306     7.66999     7.61750     7.52558     7.40548     7.13209     6.70329
  7.99093     7.74376     7.67087     7.61823     7.52617     7.40633     7.13331     6.70485
  7.99093     7.74416     7.67163     7.61876     7.52690     7.40616     7.13374     6.70619
  7.99093     7.74454     7.67223     7.61951     7.52760     7.40698     7.13485     6.70730
  7.99093     7.74475     7.67286     7.62002     7.52806     7.40749     7.13548     6.70842
  7.99093     7.74531     7.67353     7.62039     7.52872     7.40840     7.13677     6.70881
  7.99093     7.74553     7.67413     7.62065     7.52923     7.40893     7.13782     6.70982
  7.99093     7.74602     7.67456     7.62124     7.52990     7.40958     7.13851     6.71041
  7.99093     7.74641     7.67501     7.62151     7.53035     7.40976     7.13918     6.71100
  7.99093     7.74699     7.67564     7.62184     7.53091     7.41015     7.14008     6.71174
  7.99093     7.74706     7.67609     7.62189     7.53102     7.41042     7.14047     6.71224
  7.99093     7.74729     7.67623     7.62205     7.53142     7.41054     7.14075     6.71237
  7.99093     7.74736     7.67623     7.62169     7.53132     7.41033     7.14098     6.71213
  7.99093     7.74763     7.67677     7.62189     7.53199     7.41077     7.14151     6.71258
  7.99093     7.74743     7.67668     7.62183     7.53174     7.41052     7.14137     6.71245
  7.99093     7.74847     7.67677     7.62191     7.53197     7.41045     7.14092     6.71384
  7.99093     7.74829     7.67668     7.62156     7.53174     7.41007     7.14044     6.71369
  7.99093     7.74813     7.67655     7.62127     7.53181     7.40990     7.14017     6.71363
  7.99093     7.74808     7.67579     7.62110     7.53157     7.40969     7.13972     6.71333
  7.99093     7.74784     7.67552     7.62098     7.53158     7.40974     7.13912     6.71338
  7.99093     7.74785     7.67547     7.62072     7.53167     7.40998     7.13922     6.71361
  7.99093     7.74763     7.67548     7.62060     7.53190     7.41008     7.13899     6.71435
  7.99093     7.74764     7.67535     7.62082     7.53209     7.41034     7.13907     6.71483
  7.99093     7.74687     7.67454     7.62041     7.53164     7.41004     7.13821     6.71467
  7.99093     7.74709     7.67451     7.62054     7.53192     7.41054     7.13826     6.71529
  7.99093     7.74777     7.67467     7.62095     7.53249     7.41086     7.13888     6.71656
  7.99093     7.74824     7.67474     7.62142     7.53331     7.41170     7.13948     6.71788
  7.99093     7.74851     7.67493     7.62182     7.53395     7.41247     7.14019     6.71906
  7.99093     7.74900     7.67602     7.62260     7.53484     7.41362     7.14117     6.72042
  7.99093     7.74947     7.67653     7.62357     7.53583     7.41521     7.14264     6.72210
  7.99093     7.73761     7.64981     7.61005     7.52160     7.40106     7.13086     6.70718
  7.99093     7.74572     7.67326     7.62258     7.53141     7.40723     7.13456     6.71779
  7.99093     7.74659     7.67367     7.62339     7.53241     7.40855     7.13656     6.71946
  7.99093     7.74692     7.67393     7.62425     7.53314     7.40951     7.13812     6.72128
  7.99093     7.74757     7.67441     7.62512     7.53421     7.41089     7.13933     6.72329
  7.99093     7.74804     7.67512     7.62624     7.53534     7.41174     7.14174     6.72503
  7.99093     7.74846     7.67596     7.62644     7.53651     7.41318     7.14384     6.72693
  7.99093     7.74931     7.67681     7.62764     7.53752     7.41429     7.14601     6.72864
  7.99093     7.75012     7.67752     7.62872     7.53865     7.41582     7.14738     6.73034
  7.99093     7.75093     7.67821     7.62979     7.53974     7.41724     7.14863     6.73212
  7.99093     7.75177     7.67927     7.63109     7.54093     7.41859     7.15106     6.73409
  7.99093     7.75273     7.68025     7.63237     7.54209     7.41978     7.15289     6.73599
  7.99093     7.75351     7.68121     7.63327     7.54316     7.42115     7.15410     6.73745
  7.99093     7.75295     7.68191     7.63399     7.54394     7.42192     7.15603     6.73844
  7.99093     7.75329     7.68265     7.63464     7.54458     7.42254     7.15750     6.73928
  7.99093     7.75402     7.68318     7.63536     7.54548     7.42325     7.15868     6.74042
  7.99093     7.75466     7.68386     7.63600     7.54618     7.42418     7.15969     6.74140
  7.99093     7.75484     7.68429     7.63644     7.54660     7.42468     7.16086     6.74208
  7.99093     7.75518     7.68476     7.63693     7.54714     7.42505     7.16217     6.74261
  7.99093     7.75550     7.68511     7.63730     7.54752     7.42535     7.16308     6.74304
  7.99093     7.75558     7.68552     7.63735     7.54755     7.42545     7.16323     6.74330
  7.99093     7.75578     7.68590     7.63744     7.54795     7.42560     7.16360     6.74361
  7.99093     7.75599     7.68639     7.63767     7.54807     7.42548     7.16377     6.74366
  7.99093     7.75572     7.68653     7.63764     7.54793     7.42547     7.16339     6.74379
  7.99093     7.75550     7.68641     7.63750     7.54773     7.42509     7.16321     6.74311
  7.99093     7.75537     7.68637     7.63724     7.54759     7.42465     7.16355     6.74228
  7.99093     7.75508     7.68624     7.63692     7.54715     7.42396     7.16360     6.74140
  7.99093     7.75490     7.68597     7.63644     7.54677     7.42357     7.16242     6.74068
  7.99093     7.75453     7.68552     7.63583     7.54633     7.42280     7.16150     6.73981
  7.99093     7.75433     7.68500     7.63531     7.54584     7.42224     7.16082     6.73897
  7.99093     7.75431     7.68471     7.63506     7.54537     7.42158     7.16023     6.73804
  7.99093     7.75492     7.68464     7.63465     7.54498     7.42126     7.15951     6.73722
  7.99093     7.75460     7.68418     7.63428     7.54460     7.42057     7.15870     6.73629
  7.99093     7.75442     7.68385     7.63399     7.54418     7.41996     7.15786     6.73549
  7.99093     7.75426     7.68368     7.63382     7.54364     7.41946     7.15707     6.73462
  7.99093     7.75410     7.68347     7.63354     7.54302     7.41921     7.15539     6.73395
  7.99093     7.75380     7.68304     7.63319     7.54289     7.41875     7.15443     6.73349
  7.99093     7.75352     7.68268     7.63291     7.54251     7.41837     7.15402     6.73283
  7.99093     7.75361     7.68248     7.63300     7.54219     7.41814     7.15355     6.73251
  7.99093     7.75343     7.68238     7.63289     7.54188     7.41797     7.15268     6.73236
  7.99093     7.75315     7.68212     7.63276     7.54198     7.41780     7.15272     6.73234
  7.99093     7.75367     7.68223     7.63284     7.54178     7.41823     7.15295     6.73210
  7.99093     7.75403     7.68251     7.63300     7.54182     7.41845     7.15272     6.73240
  7.99093     7.75401     7.68268     7.63317     7.54182     7.41866     7.15263     6.73244
  7.99093     7.75417     7.68241     7.63324     7.54200     7.41862     7.15261     6.73260
  7.99093     7.75440     7.68251     7.63340     7.54213     7.41853     7.15286     6.73283
  7.99093     7.75446     7.68248     7.63331     7.54216     7.41888     7.15288     6.73331
  7.99093     7.75426     7.68230     7.63312     7.54212     7.41878     7.15297     6.73330
  7.99093     7.75501     7.68212     7.63330     7.54206     7.41864     7.15307     6.73359
  7.99093     7.75526     7.68245     7.63366     7.54327     7.41870     7.15383     6.73406
  7.99093     7.75547     7.68287     7.63384     7.54357     7.41908     7.15414     6.73478
  7.99093     7.75577     7.68300     7.63389     7.54358     7.41974     7.15458     6.73524
  7.99093     7.75608     7.68330     7.63406     7.54362     7.41977     7.15515     6.73546
  7.99093     7.75624     7.68350     7.63425     7.54355     7.41974     7.15513     6.73572
  7.99093     7.75622     7.68376     7.63440     7.54354     7.42005     7.15524     6.73601
  7.99093     7.75632     7.68376     7.63447     7.54348     7.42007     7.15577     6.73623
  7.99093     7.75631     7.68378     7.63442     7.54344     7.41990     7.15618     6.73636
  7.99093     7.75611     7.68382     7.63431     7.54334     7.41981     7.15668     6.73644
  7.99093     7.75615     7.68414     7.63439     7.54329     7.42001     7.15697     6.73660
  7.99093     7.75620     7.68423     7.63450     7.54461     7.41995     7.15715     6.73659
  7.99093     7.75641     7.68439     7.63446     7.54470     7.41969     7.15740     6.73634
  7.99093     7.75634     7.68429     7.63413     7.54454     7.41977     7.15754     6.73630
  7.99093     7.75602     7.68420     7.63383     7.54461     7.41951     7.15770     6.73595
  7.99093     7.75605     7.68396     7.63367     7.54454     7.41926     7.15747     6.73577
  7.99093     7.75605     7.68395     7.63371     7.54440     7.41896     7.15777     6.73570
  7.99093     7.75592     7.68384     7.63335     7.54433     7.41897     7.15773     6.73552
  7.99093     7.75590     7.68396     7.63329     7.54450     7.41901     7.15731     6.73524
  7.99093     7.75592     7.68381     7.63304     7.54445     7.41881     7.15684     6.73512
  7.99093     7.75602     7.68406     7.63319     7.54437     7.41869     7.15730     6.73539
  7.99093     7.75596     7.68423     7.63308     7.54453     7.41878     7.15725     6.73590
  7.99093     7.75586     7.68430     7.63316     7.54425     7.41882     7.15732     6.73622
  7.99093     7.75586     7.68421     7.63324     7.54420     7.41885     7.15741     6.73616
  7.99093     7.75587     7.68435     7.63348     7.54427     7.41899     7.15761     6.73661
  7.99093     7.75575     7.68449     7.63345     7.54439     7.41936     7.15758     6.73672
  7.99093     7.75572     7.68438     7.63358     7.54441     7.41965     7.15781     6.73680
  7.99093     7.75612     7.68451     7.63385     7.54456     7.41995     7.15799     6.73731
  7.99093     7.75618     7.68477     7.63406     7.54479     7.42011     7.15842     6.73783
  7.99093     7.75622     7.68505     7.63428     7.54509     7.42068     7.15874     6.73818
  7.99093     7.75658     7.68511     7.63449     7.54554     7.42108     7.15865     6.73858
  7.99093     7.75681     7.68532     7.63476     7.54573     7.42125     7.15913     6.73906
  7.99093     7.75666     7.68539     7.63483     7.54753     7.42152     7.15964     6.73931
  7.99093     7.75667     7.68550     7.63512     7.54882     7.42176     7.16028     6.73945
  7.99093     7.75699     7.68561     7.63546     7.54903     7.42206     7.16032     6.73983
  7.99093     7.75710     7.68577     7.63577     7.54902     7.42203     7.16047     6.73987
  7.99093     7.75708     7.68585     7.63580     7.54914     7.42245     7.16091     6.73995
  7.99093     7.75713     7.68594     7.63591     7.54946     7.42285     7.16118     6.74009
  7.99093     7.75743     7.68585     7.63588     7.54951     7.42285     7.16120     6.74008
  7.99093     7.75749     7.68599     7.63596     7.54939     7.42271     7.16140     6.73967
  7.99093     7.75751     7.68598     7.63592     7.54973     7.42299     7.16153     6.73958
  7.99093     7.75773     7.68618     7.63598     7.54989     7.42300     7.16192     6.73904
  7.99093     7.75772     7.68617     7.63589     7.54966     7.42267     7.16147     6.73823
  7.99093     7.75744     7.68632     7.63580     7.54960     7.42216     7.16108     6.73797
  7.99093     7.75718     7.68621     7.63556     7.54936     7.42186     7.16099     6.73742
  7.99093     7.75702     7.68595     7.63530     7.54897     7.42130     7.16090     6.73636
  7.99093     7.75679     7.68555     7.63493     7.54831     7.42050     7.16050     6.73513
  7.99093     7.75558     7.68437     7.63354     7.54700     7.41912     7.15863     6.73346
  7.99093     7.75542     7.68412     7.63299     7.54660     7.41859     7.15731     6.73251
  7.99093     7.75527     7.68373     7.63241     7.54592     7.41781     7.15619     6.73167
  7.99093     7.75498     7.68343     7.63200     7.54495     7.41682     7.15552     6.73039
  7.99093     7.75445     7.68278     7.63123     7.54488     7.41579     7.15468     6.72884
  7.99093     7.75403     7.68225     7.63052     7.54423     7.41494     7.15368     6.72752
  7.99093     7.75369     7.68177     7.62982     7.54351     7.41389     7.15253     6.72618
  7.99093     7.75313     7.68153     7.62933     7.54264     7.41281     7.15114     6.72465
  7.99093     7.75243     7.68098     7.62841     7.54206     7.41181     7.14932     6.72310
  7.99093     7.75204     7.68055     7.62792     7.54123     7.41085     7.14860     6.72154
  7.99093     7.74996     7.67840     7.62545     7.53869     7.40826     7.14584     6.71867
  7.99093     7.74917     7.67776     7.62464     7.53766     7.40703     7.14504     6.71700
  7.99093     7.74859     7.67721     7.62367     7.53694     7.40609     7.14320     6.71575
  7.99093     7.74850     7.67690     7.62336     7.53640     7.40530     7.14154     6.71467
  7.99093     7.74828     7.67634     7.62285     7.53392     7.40432     7.13952     6.71318
  7.99093     7.74780     7.67579     7.62223     7.53312     7.40337     7.13863     6.71172
  7.99093     7.74735     7.67526     7.62146     7.53253     7.40253     7.13741     6.71043
  7.99093     7.74688     7.67481     7.62094     7.53170     7.40155     7.13639     6.70930
  7.99093     7.74643     7.67431     7.62045     7.53080     7.40058     7.13518     6.70797
  7.99093     7.74592     7.67395     7.61975     7.53001     7.39974     7.13419     6.70687
  7.99093     7.74544     7.67342     7.61920     7.52912     7.39909     7.13292     6.70548
  7.99093     7.74533     7.67309     7.61879     7.52867     7.39824     7.13201     6.70431
  7.99093     7.74497     7.67286     7.61827     7.52789     7.39729     7.13123     6.70309
  7.99093     7.74438     7.67248     7.61764     7.52722     7.39652     7.13033     6.70157
  7.99093     7.74421     7.67219     7.61725     7.52681     7.39580     7.12965     6.70055
  7.99093     7.74389     7.67160     7.61664     7.52590     7.39480     7.12845     6.69916
  7.99093     7.74352     7.67139     7.61613     7.52507     7.39390     7.12748     6.69792
  7.99093     7.74318     7.67111     7.61550     7.52449     7.39327     7.12638     6.69692
  7.99093     7.74274     7.67068     7.61485     7.52368     7.39216     7.12523     6.69571
  7.99093     7.74234     7.67008     7.61415     7.52267     7.39106     7.12442     6.69415
  7.99093     7.74169     7.66982     7.61354     7.52188     7.39024     7.12332     6.69295
  7.99093     7.74130     7.66915     7.61252     7.52130     7.38960     7.12269     6.69170
  7.99093     7.74119     7.66889     7.61202     7.52075     7.38860     7.12235     6.69066
  7.99093     7.74083     7.66859     7.61138     7.51997     7.38767     7.12118     6.68929
  7.99093     7.74040     7.66843     7.61084     7.51949     7.38690     7.12042     6.68830
  7.99093     7.74135     7.66935     7.61125     7.52010     7.38740     7.12033     6.68818
  7.99093     7.74107     7.66912     7.61090     7.51947     7.38675     7.11903     6.68732
  7.99093     7.74068     7.66884     7.61051     7.51870     7.38602     7.11802     6.68646
  7.99093     7.74053     7.66856     7.61024     7.51830     7.38562     7.11753     6.68545
  7.99093     7.74041     7.66817     7.60977     7.51769     7.38501     7.11665     6.68456
  7.99093     7.74028     7.66813     7.60963     7.51746     7.38457     7.11626     6.68408
  7.99093     7.74009     7.66805     7.60994     7.51723     7.38393     7.11581     6.68340
  7.99093     7.73989     7.66795     7.60957     7.51689     7.38348     7.11524     6.68302
  7.99093     7.73990     7.66784     7.60952     7.51646     7.38321     7.11482     6.68265
  7.99093     7.73994     7.66807     7.60975     7.51632     7.38300     7.11432     6.68217
  7.99093     7.73998     7.66853     7.60994     7.51629     7.38309     7.11436     6.68194
  7.99093     7.74005     7.66858     7.60989     7.51641     7.38326     7.11391     6.68180
  7.99093     7.74011     7.66849     7.60982     7.51635     7.38308     7.11346     6.68142
  7.99093     7.74007     7.66924     7.60970     7.51607     7.38278     7.11300     6.68068
  7.99093     7.74010     7.66930     7.60963     7.51589     7.38252     7.11295     6.68037
  7.99093     7.74031     7.66935     7.60965     7.51607     7.38262     7.11261     6.68017
  7.99093     7.74055     7.66964     7.60979     7.51615     7.38253     7.11248     6.68005
  7.99093     7.74047     7.66971     7.60951     7.51589     7.38228     7.11227     6.67950
  7.99093     7.74058     7.67000     7.60965     7.51612     7.38232     7.11247     6.67990
  7.99093     7.74089     7.67000     7.60975     7.51620     7.38246     7.11206     6.67971
  7.99093     7.74075     7.66999     7.60963     7.51613     7.38086     7.11146     6.67926
  7.99093     7.74057     7.67006     7.60952     7.51620     7.38069     7.11150     6.67899
  7.99093     7.74071     7.67038     7.60980     7.51647     7.38087     7.11148     6.67907
  7.99093     7.74092     7.67020     7.60998     7.51655     7.38115     7.11148     6.67903
  7.99093     7.74098     7.67049     7.61017     7.51675     7.38135     7.11160     6.67941
  7.99093     7.74098     7.67068     7.61028     7.51688     7.38129     7.11173     6.67958
  7.99093     7.74102     7.67084     7.61063     7.51731     7.38194     7.11244     6.68027
  7.99093     7.74105     7.67107     7.61078     7.51768     7.38243     7.11283     6.68094
  7.99093     7.74118     7.67153     7.61126     7.51817     7.38293     7.11318     6.68170
  7.99093     7.74127     7.67167     7.61159     7.51845     7.38341     7.11377     6.68249
  7.99093     7.74163     7.67198     7.61210     7.51926     7.38408     7.11394     6.68401
  7.99093     7.74165     7.67199     7.61211     7.51944     7.38445     7.11455     6.68490
  7.99093     7.74189     7.67266     7.61261     7.51998     7.38516     7.11589     6.68615
  7.99093     7.74208     7.67338     7.61316     7.52060     7.38569     7.11682     6.68724
  7.99093     7.74247     7.67371     7.61361     7.52118     7.38661     7.11733     6.68858
  7.99093     7.74280     7.67425     7.61438     7.52179     7.38733     7.11868     6.68997
  7.99093     7.74303     7.67482     7.61492     7.52245     7.38820     7.12014     6.69114
  7.99093     7.74328     7.67541     7.61540     7.52314     7.38900     7.12117     6.69265
  7.99093     7.74385     7.67586     7.61597     7.52391     7.38993     7.12179     6.69375
  7.99093     7.74437     7.67656     7.61649     7.52470     7.39072     7.12323     6.69467
  7.99093     7.74498     7.67696     7.61695     7.52529     7.39138     7.12393     6.69555
  7.99093     7.74409     7.67627     7.61637     7.52485     7.39090     7.12363     6.69566
  7.99093     7.74434     7.67669     7.61694     7.52548     7.39151     7.12442     6.69652
  7.99093     7.74470     7.67778     7.61781     7.52636     7.39225     7.12560     6.69764
  7.99093     7.74515     7.67846     7.61832     7.52697     7.39195     7.12700     6.69810
  7.99093     7.74573     7.67906     7.61899     7.52773     7.39262     7.12652     6.69887
  7.99093     7.74608     7.67944     7.61924     7.52818     7.39309     7.12650     6.69997
  7.99093     7.74641     7.68006     7.61976     7.52869     7.39363     7.12765     6.70051
  7.99093     7.74706     7.68071     7.62037     7.52948     7.39435     7.12843     6.70129
  7.99093     7.74755     7.68127     7.62082     7.53022     7.39502     7.12900     6.70185
  7.99093     7.74801     7.68147     7.62125     7.53049     7.39686     7.12982     6.70237
  7.99093     7.74842     7.68221     7.62179     7.53126     7.39768     7.13040     6.70302
  7.99093     7.74872     7.68263     7.62222     7.53182     7.39818     7.13069     6.70354
  7.99093     7.74911     7.68298     7.62265     7.53201     7.39885     7.13059     6.70421
  7.99093     7.74936     7.68349     7.62325     7.53251     7.39946     7.13163     6.70498
  7.99093     7.74967     7.68405     7.62386     7.53331     7.40019     7.13208     6.70555
  7.99093     7.74991     7.68421     7.62426     7.53385     7.40086     7.13261     6.70669
  7.99093     7.75032     7.68471     7.62476     7.53458     7.40180     7.13278     6.70766
  7.99093     7.75056     7.68520     7.62535     7.53537     7.40250     7.13334     6.70851
  7.99093     7.75205     7.68572     7.62591     7.53583     7.40322     7.13470     6.70950
  7.99093     7.75239     7.68604     7.62631     7.53650     7.40347     7.13497     6.71027
  7.99093     7.75258     7.68652     7.62677     7.53711     7.40414     7.13538     6.71092
  7.99093     7.75276     7.68733     7.62750     7.53786     7.40487     7.13745     6.71177
  7.99093     7.75324     7.68816     7.62820     7.53825     7.40566     7.13877     6.71241
  7.99093     7.75380     7.68872     7.62893     7.53892     7.40637     7.13902     6.71321
  7.99093     7.75412     7.68904     7.62946     7.53948     7.40694     7.13947     6.71387
  7.99093     7.75452     7.68968     7.63001     7.54023     7.40766     7.14038     6.71449
  7.99093     7.75497     7.69001     7.63038     7.54056     7.40817     7.14089     6.71490
  7.99093     7.75544     7.69069     7.63101     7.54108     7.40898     7.14195     6.71530
  7.99093     7.75569     7.69132     7.63181     7.54157     7.40949     7.14257     6.71608
  7.99093     7.75614     7.69190     7.63250     7.54208     7.40983     7.14304     6.71643
  7.99093     7.75647     7.69217     7.63281     7.54220     7.40987     7.14346     6.71637
  7.99093     7.75686     7.69268     7.63332     7.54242     7.41021     7.14314     6.71663
  7.99093     7.75694     7.69317     7.63351     7.54415     7.41025     7.14314     6.71668
  7.99093     7.75703     7.69359     7.63374     7.54402     7.41027     7.14323     6.71653
  7.99093     7.75716     7.69356     7.63376     7.54375     7.41001     7.14260     6.71627
  7.99093     7.75719     7.69382     7.63387     7.54255     7.40990     7.14198     6.71600
  7.99093     7.75699     7.69403     7.63394     7.54240     7.40943     7.14205     6.71552
  7.99093     7.75690     7.69409     7.63366     7.54181     7.40882     7.14207     6.71477
  7.99093     7.75708     7.69415     7.63349     7.54148     7.40840     7.14155     6.71409
  7.99093     7.75714     7.69410     7.63324     7.54106     7.40777     7.14096     6.71318
  7.99093     7.75700     7.69401     7.63287     7.54044     7.40692     7.14032     6.71236
  7.99093     7.75694     7.69387     7.63224     7.53968     7.40598     7.13974     6.71103
  7.99093     7.75655     7.69354     7.63179     7.53835     7.40497     7.13862     6.70999
  7.99093     7.75612     7.69324     7.63124     7.53759     7.40385     7.13731     6.70892
  7.99093     7.75563     7.69284     7.63069     7.53698     7.40278     7.13645     6.70787
  7.99093     7.75529     7.69221     7.62963     7.53613     7.40147     7.13558     6.70647
  7.99093     7.75483     7.69186     7.62892     7.53532     7.40047     7.13398     6.70521
  7.99093     7.75436     7.69151     7.62848     7.53454     7.39945     7.13295     6.70401
  7.99093     7.75398     7.69113     7.62778     7.53364     7.39820     7.13160     6.70253
  7.99093     7.75330     7.69026     7.62676     7.53247     7.39666     7.13008     6.70083
  7.99093     7.75283     7.68999     7.62619     7.53179     7.39574     7.12865     6.69972
  7.99093     7.75220     7.68958     7.62541     7.53110     7.39479     7.12773     6.69862
  7.99093     7.75173     7.68929     7.62477     7.53031     7.39390     7.12648     6.69763
  7.99093     7.75115     7.68865     7.62387     7.52952     7.39293     7.12549     6.69661
  7.99093     7.75074     7.68848     7.62349     7.52918     7.39233     7.12438     6.69608
  7.99093     7.75016     7.68806     7.62289     7.52849     7.39156     7.12320     6.69556
  7.99093     7.74980     7.68769     7.62222     7.52796     7.39082     7.12231     6.69469
  7.99093     7.74939     7.68719     7.62162     7.52751     7.39024     7.12094     6.69399
  7.99093     7.74948     7.68709     7.62146     7.52743     7.38860     7.12071     6.69380
  7.99093     7.74887     7.68672     7.62111     7.52733     7.38835     7.12010     6.69385
  7.99093     7.74871     7.68643     7.62062     7.52723     7.38803     7.11958     6.69361
  7.99093     7.74863     7.68644     7.62060     7.52734     7.38810     7.11953     6.69378
  7.99093     7.74868     7.68684     7.62095     7.52764     7.38874     7.11949     6.69460
  7.99093     7.74867     7.68713     7.62130     7.52809     7.38930     7.11975     6.69543
  7.99093     7.74881     7.68720     7.62135     7.52837     7.39022     7.12017     6.69602
  7.99093     7.74903     7.68788     7.62174     7.52909     7.39117     7.12056     6.69719
  7.99093     7.74914     7.68831     7.62217     7.52967     7.39199     7.12129     6.69846
  7.99093     7.74944     7.68872     7.62261     7.53031     7.39285     7.12190     6.69931
  7.99093     7.74940     7.68913     7.62330     7.53102     7.39408     7.12315     6.70031
  7.99093     7.74984     7.68985     7.62428     7.53186     7.39529     7.12406     6.70172
  7.99093     7.75022     7.69031     7.62493     7.53257     7.39610     7.12447     6.70305
  7.99093     7.75115     7.69136     7.62592     7.53362     7.39739     7.12576     6.70471
  7.99093     7.75187     7.69220     7.62680     7.53458     7.39847     7.12724     6.70637
  7.99093     7.75261     7.69331     7.62804     7.53581     7.40001     7.12824     6.70811
  7.99093     7.75349     7.69420     7.62916     7.53712     7.40153     7.12957     6.70983
  7.99093     7.75409     7.69494     7.62996     7.53812     7.40253     7.13129     6.71132
  7.99093     7.75459     7.69577     7.63081     7.53920     7.40357     7.13240     6.71251
  7.99093     7.75553     7.69721     7.63216     7.54068     7.40518     7.13473     6.71443
  7.99093     7.75798     7.69812     7.63318     7.54176     7.40596     7.13628     6.71656
  7.99093     7.75887     7.69894     7.63397     7.54261     7.40690     7.13773     6.71766
  7.99093     7.75941     7.69990     7.63505     7.54372     7.40810     7.13897     6.71898
  7.99093     7.76003     7.70092     7.63604     7.54474     7.40937     7.14085     6.72064
  7.99093     7.76078     7.70164     7.63695     7.54563     7.40978     7.14176     6.72206
  7.99093     7.76156     7.70242     7.63778     7.54645     7.41059     7.14333     6.72327
  7.99093     7.76215     7.70330     7.63865     7.54757     7.41188     7.14452     6.72486
  7.99093     7.76296     7.70363     7.63938     7.54856     7.41296     7.14553     6.72616
  7.99093     7.76349     7.70434     7.64006     7.54928     7.41371     7.14606     6.72724
  7.99093     7.76406     7.70528     7.64086     7.54996     7.41434     7.14772     6.72854
  7.99093     7.76471     7.70659     7.64253     7.55094     7.41517     7.14910     6.72971
  7.99093     7.76517     7.70704     7.64301     7.55156     7.41570     7.15001     6.73063
  7.99093     7.76555     7.70735     7.64342     7.55195     7.41618     7.15103     6.73143
  7.99093     7.76596     7.70791     7.64406     7.55255     7.41685     7.15196     6.73243
  7.99093     7.76642     7.70873     7.64491     7.55344     7.41797     7.15217     6.73371
  7.99093     7.76684     7.70902     7.64534     7.55392     7.41853     7.15275     6.73483
  7.99093     7.76728     7.70945     7.64573     7.55445     7.41904     7.15321     6.73572
  7.99093     7.76754     7.70901     7.64622     7.55512     7.41967     7.15371     6.73652
  7.99093     7.76791     7.70951     7.64667     7.55576     7.42027     7.15464     6.73718
  7.99093     7.76843     7.70987     7.64718     7.55616     7.42091     7.15513     6.73820
  7.99093     7.76951     7.71101     7.64873     7.55710     7.42179     7.15667     6.73948
  7.99093     7.76987     7.71162     7.64939     7.55786     7.42245     7.15721     6.74003
  7.99093     7.77019     7.71226     7.64989     7.55836     7.42314     7.15826     6.74067
  7.99093     7.77033     7.71250     7.65023     7.55860     7.42336     7.15875     6.74099
  7.99093     7.77065     7.71316     7.65000     7.55908     7.42373     7.15963     6.74138
  7.99093     7.77111     7.71383     7.65071     7.55975     7.42446     7.16025     6.74218
  7.99093     7.77138     7.71415     7.65105     7.56015     7.42492     7.15983     6.74259
  7.99093     7.77175     7.71432     7.65115     7.56049     7.42534     7.15946     6.74283
  7.99093     7.77215     7.71517     7.65166     7.56091     7.42577     7.16084     6.74299
  7.99093     7.77227     7.71576     7.65201     7.56131     7.42611     7.16124     6.74325
  7.99093     7.77256     7.71629     7.65241     7.56157     7.42625     7.16173     6.74379
  7.99093     7.77266     7.71645     7.65261     7.56151     7.42615     7.16167     6.74366
  7.99093     7.77288     7.71691     7.65293     7.56179     7.42645     7.16200     6.74390
  7.99093     7.77298     7.71746     7.65325     7.56202     7.42689     7.16214     6.74401
  7.99093     7.77336     7.71766     7.65341     7.56213     7.42694     7.16221     6.74427
  7.99093     7.77348     7.71809     7.65460     7.56215     7.42685     7.16226     6.74428
  7.99093     7.77348     7.71838     7.65483     7.56236     7.42685     7.16203     6.74426
  7.99093     7.77375     7.71872     7.65497     7.56229     7.42688     7.16223     6.74447
  7.99093     7.77423     7.71802     7.65500     7.56226     7.42689     7.16212     6.74484
  7.99093     7.77449     7.71850     7.65532     7.56215     7.42689     7.16219     6.74503
  7.99093     7.77464     7.71879     7.65574     7.56224     7.42702     7.16269     6.74506
  7.99093     7.77462     7.71892     7.65572     7.56163     7.42692     7.16302     6.74530
  7.99093     7.77452     7.71887     7.65554     7.56124     7.42663     7.16270     6.74507
  7.99093     7.77441     7.71911     7.65555     7.56116     7.42637     7.16278     6.74501
  7.99093     7.77431     7.71927     7.65541     7.56101     7.42617     7.16264     6.74480
  7.99093     7.77429     7.71905     7.65490     7.56050     7.42547     7.16229     6.74467
  7.99093     7.77427     7.71899     7.65453     7.56015     7.42491     7.16136     6.74426
  7.99093     7.77420     7.71914     7.65436     7.55968     7.42427     7.16148     6.74416
  7.99093     7.77402     7.71923     7.65415     7.55926     7.42361     7.16129     6.74375
  7.99093     7.77403     7.71920     7.65364     7.55878     7.42301     7.16063     6.74351
  7.99093     7.77390     7.72068     7.65337     7.55819     7.42239     7.15985     6.74293
  7.99093     7.77256     7.71944     7.65201     7.55622     7.42063     7.15863     6.74142
  7.99093     7.77212     7.71910     7.65157     7.55568     7.41991     7.15794     6.74066
  7.99093     7.77164     7.71857     7.65075     7.55483     7.41898     7.15670     6.73989
  7.99093     7.77161     7.71855     7.65050     7.55440     7.41837     7.15607     6.73958
  7.99093     7.77049     7.71762     7.64941     7.55304     7.41701     7.15512     6.73801
  7.99093     7.76994     7.71734     7.64884     7.55244     7.41608     7.15413     6.73715
  7.99093     7.76959     7.71700     7.64820     7.55168     7.41490     7.15322     6.73654
  7.99093     7.76914     7.71683     7.64763     7.55120     7.41396     7.15255     6.73599
