  7.70792     7.47739     7.40906     7.35932     7.27316     7.15751     6.90710     6.48742
  7.70747     7.47599     7.40791     7.35784     7.27178     7.15586     6.90485     6.48524
  7.70563     7.47361     7.40536     7.35515     7.26903     7.15286     6.90197     6.48175
  7.70477     7.47188     7.40379     7.35315     7.26722     7.15066     6.89928     6.47901
  7.70319     7.46971     7.40139     7.35059     7.26456     7.14790     6.89605     6.47563
  7.70234     7.46818     7.39978     7.34871     7.26279     7.14577     6.89332     6.47303
  7.70069     7.46544     7.39643     7.34510     7.25926     7.14181     6.88827     6.46808
  7.69997     7.46416     7.39476     7.34343     7.25747     7.13980     6.88587     6.46567
  7.70085     7.46401     7.39459     7.34310     7.25711     7.13921     6.88437     6.46462
  7.70074     7.46320     7.39347     7.34203     7.25585     7.13780     6.88227     6.46279
  7.70152     7.46285     7.39307     7.34163     7.25530     7.13710     6.88044     6.46170
  7.70155     7.46226     7.39221     7.34084     7.25437     7.13610     6.87862     6.46017
  7.70057     7.46053     7.39024     7.33900     7.25243     7.13409     6.87576     6.45795
  7.70023     7.45967     7.38910     7.33811     7.25133     7.13303     6.87393     6.45633
  7.69937     7.45844     7.38762     7.33668     7.24981     7.13162     6.87183     6.45480
  7.69920     7.45798     7.38684     7.33622     7.24915     7.13105     6.87013     6.45394
  7.69898     7.45772     7.38628     7.33581     7.24849     7.13063     6.86916     6.45346
  7.69892     7.45760     7.38586     7.33560     7.24817     7.13028     6.86792     6.45324
  7.69891     7.45759     7.38570     7.33547     7.24783     7.13019     6.86758     6.45312
  7.69888     7.45760     7.38561     7.33547     7.24786     7.13016     6.86699     6.45331
  7.69909     7.45788     7.38587     7.33574     7.24789     7.13057     6.86719     6.45375
  7.69917     7.45821     7.38616     7.33617     7.24836     7.13113     6.86721     6.45362
  7.69962     7.45904     7.38708     7.33707     7.24897     7.13213     6.86829     6.45483
  7.69964     7.45935     7.38797     7.33767     7.24951     7.13287     6.86879     6.45505
  7.70003     7.46032     7.38903     7.33872     7.25035     7.13406     6.87046     6.45658
  7.70011     7.46073     7.39019     7.33947     7.25103     7.13498     6.87135     6.45797
  7.69992     7.46117     7.39071     7.34003     7.25141     7.13571     6.87245     6.45923
  7.69979     7.46148     7.39134     7.34057     7.25204     7.13600     6.87304     6.46047
  7.69904     7.46128     7.39133     7.34058     7.25195     7.13612     6.87349     6.46113
  7.69899     7.46152     7.39195     7.34102     7.25248     7.13622     6.87394     6.46226
  7.69807     7.46108     7.39167     7.34069     7.25226     7.13621     6.87428     6.46221
  7.69774     7.46097     7.39196     7.34075     7.25242     7.13641     6.87480     6.46296
  7.69606     7.45985     7.39086     7.33961     7.25147     7.13560     6.87425     6.46202
  7.69583     7.45991     7.39115     7.33964     7.25172     7.13573     6.87488     6.46261
  7.69300     7.45769     7.38894     7.33739     7.24966     7.13360     6.87312     6.46086
  7.69168     7.45662     7.38810     7.33628     7.24867     7.13258     6.87244     6.46027
  7.68794     7.45339     7.38488     7.33294     7.24560     7.12936     6.86967     6.45755
  7.68520     7.45081     7.38247     7.33018     7.24303     7.12686     6.86752     6.45538
  7.68213     7.44807     7.37985     7.32743     7.24065     7.12428     6.86517     6.45308
  7.67984     7.44579     7.37761     7.32504     7.23833     7.12194     6.86317     6.45098
  7.67837     7.44498     7.37651     7.32378     7.23737     7.12074     6.86189     6.45063
  7.67643     7.44292     7.37455     7.32173     7.23531     7.11865     6.85985     6.44886
  7.67471     7.44168     7.37288     7.31999     7.23384     7.11694     6.85797     6.44806
  7.67322     7.44011     7.37103     7.31831     7.23220     7.11527     6.85619     6.44659
  7.67085     7.43765     7.36857     7.31586     7.23002     7.11303     6.85367     6.44461
  7.66862     7.43544     7.36603     7.31352     7.22783     7.11095     6.85149     6.44268
  7.66652     7.43321     7.36390     7.31141     7.22597     7.10910     6.84923     6.44131
  7.66404     7.43080     7.36142     7.30902     7.22376     7.10703     6.84710     6.43955
  7.66284     7.42917     7.35989     7.30762     7.22253     7.10582     6.84551     6.43884
  7.66111     7.42759     7.35814     7.30613     7.22112     7.10458     6.84402     6.43789
  7.66016     7.42663     7.35691     7.30523     7.22028     7.10370     6.84305     6.43763
  7.65790     7.42478     7.35478     7.30337     7.21868     7.10226     6.84135     6.43667
  7.65643     7.42380     7.35354     7.30235     7.21788     7.10142     6.84066     6.43660
  7.65315     7.42108     7.35094     7.29982     7.21560     7.09933     6.83850     6.43513
  7.65052     7.41888     7.34875     7.29797     7.21390     7.09801     6.83718     6.43428
  7.65468     7.41747     7.34046     7.29584     7.21143     7.09564     6.83573     6.43128
  7.64626     7.41342     7.34386     7.29427     7.20868     7.09156     6.83069     6.43010
  7.65077     7.41254     7.33560     7.29249     7.20659     7.08960     6.83004     6.42755
  7.64253     7.40859     7.33903     7.29103     7.20387     7.08536     6.82520     6.42657
  7.63928     7.40617     7.33634     7.28874     7.20180     7.08366     6.82383     6.42559
  7.63669     7.40403     7.33430     7.28721     7.20025     7.08210     6.82341     6.42512
  7.63374     7.40168     7.33210     7.28492     7.19853     7.08073     6.82236     6.42450
  7.63234     7.40095     7.33151     7.28469     7.19824     7.08036     6.82330     6.42497
  7.62984     7.39913     7.32985     7.28291     7.19698     7.07946     6.82271     6.42459
  7.62834     7.39846     7.32914     7.28257     7.19656     7.07928     6.82302     6.42499
  7.62617     7.39714     7.32790     7.28162     7.19563     7.07863     6.82288     6.42490
  7.62324     7.39514     7.32589     7.27995     7.19393     7.07715     6.82173     6.42420
  7.62059     7.39334     7.32430     7.27846     7.19251     7.07599     6.82109     6.42359
  7.61766     7.39070     7.32229     7.27662     7.19067     7.07421     6.82027     6.42251
  7.61479     7.38844     7.32033     7.27463     7.18878     7.07249     6.81897     6.42119
  7.61229     7.38609     7.31851     7.27291     7.18721     7.07086     6.81821     6.42008
  7.61005     7.38439     7.31704     7.27140     7.18574     7.06954     6.81739     6.41907
  7.60678     7.38166     7.31436     7.26882     7.18328     7.06708     6.81558     6.41718
  7.60467     7.38007     7.31287     7.26734     7.18186     7.06573     6.81479     6.41610
  7.60149     7.37721     7.31019     7.26469     7.17925     7.06316     6.81294     6.41396
  7.59931     7.37530     7.30850     7.26285     7.17746     7.06135     6.81167     6.41250
  7.59647     7.37279     7.30613     7.26037     7.17515     7.05892     6.80974     6.41045
  7.59417     7.37070     7.30434     7.25830     7.17306     7.05679     6.80783     6.40866
  7.59194     7.36850     7.30244     7.25620     7.17106     7.05477     6.80582     6.40699
  7.58907     7.36571     7.29986     7.25349     7.16832     7.05187     6.80324     6.40426
  7.58718     7.36368     7.29808     7.25155     7.16639     7.04989     6.80152     6.40233
  7.58462     7.36095     7.29550     7.24889     7.16368     7.04700     6.79918     6.39943
  7.58348     7.35971     7.29426     7.24745     7.16235     7.04557     6.79775     6.39775
  7.58222     7.35817     7.29277     7.24580     7.16075     7.04368     6.79620     6.39583
  7.58267     7.35844     7.29283     7.24576     7.16076     7.04367     6.79573     6.39549
  7.58238     7.35796     7.29220     7.24507     7.16006     7.04272     6.79475     6.39438
  7.58342     7.35918     7.29293     7.24562     7.16063     7.04327     6.79503     6.39448
  7.58428     7.35984     7.29341     7.24616     7.16104     7.04343     6.79514     6.39433
  7.58491     7.36066     7.29381     7.24643     7.16125     7.04357     6.79496     6.39409
  7.58622     7.36170     7.29478     7.24743     7.16205     7.04423     6.79537     6.39433
  7.58613     7.36145     7.29442     7.24705     7.16146     7.04372     6.79409     6.39355
  7.58701     7.36208     7.29499     7.24765     7.16198     7.04410     6.79405     6.39366
  7.58666     7.36152     7.29436     7.24704     7.16116     7.04345     6.79273     6.39274
  7.58711     7.36187     7.29451     7.24736     7.16138     7.04356     6.79246     6.39275
  7.58695     7.36149     7.29413     7.24701     7.16090     7.04314     6.79171     6.39223
  7.58752     7.36196     7.29447     7.24754     7.16134     7.04349     6.79201     6.39255
  7.58795     7.36253     7.29488     7.24794     7.16149     7.04401     6.79210     6.39272
  7.58838     7.36300     7.29531     7.24836     7.16196     7.04442     6.79239     6.39321
  7.58985     7.36467     7.29686     7.24990     7.16327     7.04611     6.79379     6.39436
  7.59095     7.36598     7.29793     7.25106     7.16441     7.04721     6.79465     6.39551
  7.59359     7.36864     7.30059     7.25374     7.16697     7.04973     6.79709     6.39787
  7.59637     7.37144     7.30312     7.25637     7.16968     7.05244     6.79957     6.40051
  7.60046     7.37542     7.30702     7.26027     7.17359     7.05615     6.80339     6.40406
  7.60486     7.38007     7.31115     7.26451     7.17772     7.06034     6.80739     6.40813
  7.60984     7.38493     7.31600     7.26935     7.18299     7.06494     6.81226     6.41254
  7.61543     7.39081     7.32148     7.27486     7.18837     7.07024     6.81745     6.41773
  7.61968     7.39520     7.32580     7.27912     7.19297     7.07453     6.82184     6.42177
  7.62576     7.40135     7.33198     7.28510     7.19887     7.08037     6.82770     6.42734
  7.63077     7.40643     7.33696     7.28999     7.20356     7.08533     6.83238     6.43191
  7.63634     7.41197     7.34258     7.29546     7.20885     7.09066     6.83770     6.43684
  7.64222     7.41781     7.34833     7.30121     7.21433     7.09611     6.84320     6.44202
  7.64778     7.42319     7.35380     7.30657     7.21955     7.10134     6.84843     6.44691
  7.65342     7.42861     7.35925     7.31194     7.22480     7.10654     6.85397     6.45181
  7.65948     7.43444     7.36531     7.31775     7.23106     7.11212     6.86006     6.45710
  7.66575     7.44065     7.37156     7.32375     7.23700     7.11790     6.86593     6.46234
  7.67191     7.44662     7.37747     7.32953     7.24337     7.12364     6.87161     6.46750
  7.67814     7.45261     7.38351     7.33531     7.24933     7.12916     6.87738     6.47247
  7.68524     7.45949     7.39017     7.34187     7.25592     7.13568     6.88370     6.47835
  7.69056     7.46448     7.39524     7.34681     7.26091     7.14035     6.88868     6.48263
  7.69632     7.47003     7.40061     7.35208     7.26629     7.14559     6.89372     6.48731
  7.70153     7.47507     7.40568     7.35704     7.27122     7.15030     6.89832     6.49154
  7.70549     7.47886     7.40934     7.36053     7.27489     7.15387     6.90161     6.49472
  7.70990     7.48319     7.41377     7.36478     7.27911     7.15795     6.90560     6.49844
  7.71372     7.48689     7.41746     7.36827     7.28277     7.16143     6.90876     6.50186
  7.71704     7.49010     7.42079     7.37155     7.28573     7.16447     6.91199     6.50492
  7.72181     7.49470     7.42544     7.37609     7.29029     7.16896     6.91629     6.50918
  7.72588     7.49862     7.42944     7.38015     7.29403     7.17283     6.92006     6.51298
  7.73170     7.50420     7.43507     7.38572     7.29957     7.17843     6.92531     6.51791
  7.73808     7.51038     7.44121     7.39198     7.30562     7.18455     6.93122     6.52353
  7.74529     7.51752     7.44829     7.39899     7.31256     7.19158     6.93776     6.52992
  7.75259     7.52462     7.45538     7.40613     7.31957     7.19858     6.94462     6.53636
  7.76049     7.53249     7.46316     7.41390     7.32724     7.20632     6.95194     6.54343
  7.76808     7.54006     7.47062     7.42136     7.33474     7.21365     6.95890     6.55029
  7.77675     7.54861     7.47921     7.42990     7.34318     7.22206     6.96706     6.55801
  7.78421     7.55596     7.48644     7.43715     7.35131     7.22932     6.97394     6.56462
  7.79076     7.56243     7.49289     7.44369     7.35821     7.23559     6.98035     6.57044
  7.79670     7.56828     7.49870     7.44956     7.36481     7.24139     6.98595     6.57576
  7.80094     7.57245     7.50291     7.45392     7.36944     7.24544     6.99013     6.57943
  7.80575     7.57728     7.50763     7.45869     7.37415     7.25025     6.99469     6.58371
  7.81037     7.58184     7.51219     7.46331     7.37866     7.25473     6.99903     6.58769
  7.81438     7.58587     7.51604     7.46714     7.38254     7.25865     7.00284     6.59111
  7.81850     7.58993     7.52012     7.47117     7.38652     7.26261     7.00677     6.59445
  7.82155     7.59305     7.52300     7.47405     7.38960     7.26559     7.00957     6.59697
  7.82472     7.59626     7.52622     7.47714     7.39261     7.26847     7.01270     6.59918
  7.82698     7.59845     7.52837     7.47924     7.39479     7.27053     7.01456     6.60064
  7.82888     7.60028     7.53038     7.48104     7.39664     7.27206     7.01627     6.60186
  7.82975     7.60098     7.53116     7.48171     7.39724     7.27255     7.01679     6.60193
  7.82913     7.60016     7.53051     7.48095     7.39643     7.27145     7.01600     6.60076
  7.82746     7.59830     7.52864     7.47905     7.39441     7.26937     7.01427     6.59848
  7.82361     7.59388     7.52424     7.47456     7.38994     7.26484     7.00985     6.59388
  7.81773     7.58800     7.51826     7.46849     7.38387     7.25873     7.00374     6.58787
  7.81104     7.58084     7.51107     7.46114     7.37658     7.25147     6.99629     6.58100
  7.80230     7.57214     7.50239     7.45231     7.36765     7.24261     6.98748     6.57255
  7.79376     7.56352     7.49367     7.44351     7.35923     7.23380     6.97888     6.56419
  7.78429     7.55399     7.48418     7.43392     7.34949     7.22411     6.96959     6.55495
  7.77613     7.54564     7.47577     7.42541     7.34141     7.21553     6.96131     6.54668
  7.76778     7.53707     7.46737     7.41686     7.33278     7.20684     6.95268     6.53826
  7.76197     7.53091     7.46128     7.41052     7.32667     7.20045     6.94603     6.53196
  7.75541     7.52409     7.45465     7.40377     7.31964     7.19337     6.93913     6.52493
  7.75200     7.51943     7.45006     7.39888     7.31491     7.18847     6.93387     6.51993
  7.74670     7.51373     7.44446     7.39320     7.30901     7.18250     6.92839     6.51391
  7.74432     7.51012     7.44085     7.38926     7.30518     7.17857     6.92402     6.50990
  7.74108     7.50655     7.43729     7.38562     7.30137     7.17460     6.91995     6.50586
  7.74014     7.50526     7.43584     7.38402     7.29894     7.17280     6.91723     6.50373
  7.73859     7.50347     7.43393     7.38208     7.29682     7.17052     6.91461     6.50120
  7.74094     7.50542     7.43566     7.38370     7.29755     7.17181     6.91514     6.50183
  7.74154     7.50555     7.43576     7.38372     7.29733     7.17144     6.91476     6.50108
  7.74796     7.51133     7.44142     7.38923     7.30265     7.17650     6.91930     6.50520
  7.75174     7.51452     7.44466     7.39225     7.30544     7.17912     6.92172     6.50729
  7.75884     7.52097     7.45099     7.39852     7.31127     7.18492     6.92685     6.51194
  7.76541     7.52701     7.45695     7.40424     7.31684     7.19017     6.93179     6.51634
  7.77086     7.53190     7.46181     7.40891     7.32117     7.19443     6.93566     6.51964
  7.77530     7.53586     7.46574     7.41265     7.32481     7.19777     6.93874     6.52207
  7.77863     7.53883     7.46869     7.41537     7.32737     7.20004     6.94100     6.52376
  7.77919     7.53893     7.46875     7.41530     7.32712     7.19969     6.94048     6.52282
  7.77815     7.53766     7.46751     7.41387     7.32553     7.19794     6.93874     6.52084
  7.77653     7.53578     7.46553     7.41173     7.32330     7.19565     6.93619     6.51833
  7.77096     7.52998     7.45986     7.40585     7.31725     7.18952     6.93018     6.51247
  7.76636     7.52516     7.45503     7.40083     7.31214     7.18442     6.92516     6.50737
  7.75875     7.51725     7.44738     7.39296     7.30420     7.17644     6.91727     6.49982
  7.75181     7.51015     7.44011     7.38551     7.29690     7.16918     6.91039     6.49265
  7.74167     7.49997     7.43014     7.37532     7.28671     7.15893     6.90067     6.48307
  7.73229     7.49051     7.42066     7.36558     7.27721     7.14948     6.89142     6.47394
  7.71842     7.47681     7.40714     7.35186     7.26367     7.13581     6.87853     6.46136
  7.70706     7.46610     7.39654     7.34094     7.25289     7.12510     6.86780     6.45113
  7.69347     7.45260     7.38332     7.32756     7.23958     7.11186     6.85470     6.43887
  7.68172     7.44147     7.37233     7.31638     7.22843     7.10088     6.84369     6.42854
  7.66930     7.42924     7.36017     7.30424     7.21625     7.08889     6.83176     6.41726
  7.65872     7.41873     7.34969     7.29375     7.20563     7.07847     6.82143     6.40756
  7.64769     7.40792     7.33896     7.28306     7.19496     7.06787     6.81120     6.39763
  7.63845     7.39883     7.32986     7.27418     7.18586     7.05875     6.80233     6.38915
  7.63065     7.39112     7.32233     7.26652     7.17826     7.05111     6.79494     6.38223
  7.62249     7.38313     7.31440     7.25886     7.17027     7.04313     6.78725     6.37488
  7.61746     7.37818     7.30964     7.25401     7.16531     7.03818     6.78227     6.37028
  7.61309     7.37397     7.30560     7.24991     7.16098     7.03406     6.77819     6.36633
  7.61073     7.37174     7.30348     7.24775     7.15874     7.03186     6.77563     6.36407
  7.61178     7.37279     7.30465     7.24880     7.15968     7.03277     6.77637     6.36464
  7.61447     7.37542     7.30762     7.25129     7.16215     7.03519     6.77833     6.36649
  7.62134     7.38213     7.31420     7.25777     7.16848     7.04133     6.78422     6.37189
  7.63033     7.39091     7.32321     7.26627     7.17690     7.04954     6.79183     6.37897
  7.64261     7.40294     7.33517     7.27801     7.18840     7.06072     6.80268     6.38903
  7.65427     7.41428     7.34641     7.28899     7.19932     7.07142     6.81279     6.39841
  7.66906     7.42878     7.36089     7.30321     7.21340     7.08507     6.82599     6.41092
  7.68081     7.44026     7.37219     7.31430     7.22435     7.09587     6.83614     6.42037
  7.69405     7.45306     7.38504     7.32691     7.23687     7.10734     6.84773     6.43141
  7.70456     7.46332     7.39516     7.33693     7.24683     7.11704     6.85692     6.43998
  7.71494     7.47338     7.40527     7.34688     7.25670     7.12594     6.86586     6.44849
  7.72497     7.48311     7.41485     7.35648     7.26621     7.13526     6.87481     6.45672
  7.73290     7.49090     7.42276     7.36426     7.27390     7.14278     6.88191     6.46357
  7.74280     7.50058     7.43226     7.37382     7.28331     7.15202     6.89078     6.47191
  7.75018     7.50779     7.43956     7.38111     7.29056     7.15926     6.89775     6.47859
  7.75826     7.51561     7.44752     7.38892     7.29838     7.16692     6.90518     6.48575
  7.76484     7.52209     7.45414     7.39561     7.30505     7.17356     6.91156     6.49196
  7.76930     7.52646     7.45861     7.40008     7.30954     7.17815     6.91601     6.49640
  7.77209     7.52940     7.46166     7.40322     7.31281     7.18129     6.91875     6.49984
  7.77249     7.52984     7.46212     7.40377     7.31340     7.18208     6.91969     6.50099
  7.77207     7.52972     7.46219     7.40386     7.31366     7.18236     6.92005     6.50198
  7.76767     7.52556     7.45833     7.39994     7.30992     7.17874     6.91688     6.49928
  7.76400     7.52231     7.45528     7.39691     7.30701     7.17613     6.91451     6.49745
  7.75784     7.51660     7.44998     7.39168     7.30180     7.17105     6.91013     6.49351
  7.74906     7.50867     7.44253     7.38440     7.29477     7.16455     6.90442     6.48879
  7.74472     7.50485     7.43884     7.38080     7.29138     7.16139     6.90156     6.48624
  7.73905     7.49972     7.43403     7.37588     7.28676     7.15692     6.89770     6.48268
  7.73704     7.49835     7.43251     7.37447     7.28552     7.15583     6.89654     6.48194
  7.73797     7.49908     7.43341     7.37532     7.28656     7.15684     6.89792     6.48322
  7.74038     7.50184     7.43612     7.37813     7.28944     7.15970     6.90081     6.48609
  7.74484     7.50590     7.44060     7.38251     7.29384     7.16393     6.90520     6.49042
  7.75184     7.51302     7.44785     7.38970     7.30103     7.17057     6.91251     6.49692
  7.75920     7.52061     7.45575     7.39747     7.30877     7.17807     6.91941     6.50401
  7.76891     7.53041     7.46559     7.40709     7.31843     7.18713     6.92873     6.51291
  7.78125     7.54281     7.47806     7.41944     7.33068     7.19914     6.94008     6.52390
  7.79501     7.55664     7.49177     7.43299     7.34425     7.21245     6.95271     6.53635
  7.81075     7.57230     7.50748     7.44845     7.35967     7.22759     6.96759     6.55008
  7.82837     7.58992     7.52483     7.46578     7.37680     7.24515     6.98409     6.56549
  7.84462     7.60612     7.54108     7.48176     7.39285     7.26092     6.99915     6.57972
  7.86162     7.62298     7.55773     7.49840     7.40928     7.27780     7.01487     6.59447
  7.87719     7.63847     7.57324     7.51373     7.42444     7.29295     7.02899     6.60819
  7.89475     7.65578     7.59058     7.53099     7.44151     7.30977     7.04533     6.62357
  7.90941     7.67033     7.60512     7.54548     7.45581     7.32403     7.05858     6.63648
  7.92465     7.68536     7.62012     7.56051     7.47070     7.33878     7.07296     6.65021
  7.94053     7.70111     7.63590     7.57621     7.48642     7.35430     7.08744     6.66429
  7.95267     7.71313     7.64791     7.58830     7.49854     7.36625     7.09883     6.67549
  7.97034     7.73121     7.66541     7.60568     7.51579     7.38343     7.11536     6.69129
  7.98499     7.74571     7.67989     7.62015     7.53032     7.39748     7.12885     6.70440
  7.99971     7.76082     7.69456     7.63471     7.54475     7.41181     7.14287     6.71758
  8.01455     7.77549     7.70940     7.64944     7.55945     7.42606     7.15730     6.73085
  8.02636     7.78729     7.72143     7.66130     7.57111     7.43773     7.16873     6.74143
  8.02581     7.78712     7.72157     7.66150     7.57129     7.43794     7.16939     6.74179
  8.04508     7.80622     7.74070     7.68052     7.58995     7.45649     7.18749     6.75863
  8.04459     7.80623     7.74084     7.68069     7.59020     7.45675     7.18765     6.75893
  8.04897     7.81087     7.74538     7.68534     7.59479     7.46136     7.19204     6.76315
  8.05468     7.81685     7.75154     7.69138     7.60082     7.46742     7.19815     6.76848
  8.05776     7.82019     7.75499     7.69492     7.60413     7.47079     7.20147     6.77166
  8.06142     7.82421     7.75914     7.69908     7.60811     7.47477     7.20549     6.77511
  8.06563     7.82859     7.76365     7.70366     7.61239     7.47895     7.20980     6.77901
  8.06894     7.83222     7.76738     7.70742     7.61587     7.48237     7.21281     6.78210
  8.07368     7.83702     7.77232     7.71219     7.62127     7.48678     7.21726     6.78606
  8.07657     7.84008     7.77558     7.71534     7.62406     7.48967     7.21974     6.78856
  8.07959     7.84311     7.77872     7.71833     7.62764     7.49234     7.22212     6.79099
  8.08148     7.84501     7.78087     7.72031     7.62876     7.49404     7.22354     6.79237
  8.08315     7.84659     7.78257     7.72194     7.63012     7.49523     7.22475     6.79340
  8.08539     7.84875     7.78491     7.72401     7.63134     7.49695     7.22645     6.79477
  8.08698     7.85028     7.78658     7.72547     7.63259     7.49797     7.22765     6.79551
  8.08985     7.85304     7.78934     7.72795     7.63480     7.50001     7.22992     6.79708
  8.09427     7.85735     7.79359     7.73189     7.63847     7.50346     7.23329     6.80004
  8.09933     7.86226     7.79835     7.73627     7.64265     7.50735     7.23721     6.80315
  8.10557     7.86806     7.80417     7.74183     7.64756     7.51220     7.24190     6.80747
  8.11409     7.87608     7.81213     7.74936     7.65482     7.51904     7.24855     6.81338
  8.12147     7.88280     7.81887     7.75591     7.66081     7.52482     7.25414     6.81854
  8.13149     7.89214     7.82804     7.76465     7.66944     7.53287     7.26198     6.82568
  8.14097     7.90084     7.83679     7.77307     7.67765     7.54061     7.26920     6.83247
  8.15110     7.91026     7.84603     7.78197     7.68637     7.54879     7.27726     6.83964
  8.16251     7.92090     7.85664     7.79214     7.69624     7.55821     7.28594     6.84781
  8.17219     7.92971     7.86534     7.80063     7.70439     7.56586     7.29328     6.85445
  8.18511     7.94181     7.87744     7.81232     7.71576     7.57671     7.30338     6.86395
  8.19508     7.95081     7.88639     7.82092     7.72421     7.58467     7.31104     6.87089
  8.20745     7.96234     7.89800     7.83210     7.73511     7.59519     7.32070     6.88018
  8.21708     7.97105     7.90673     7.84044     7.74343     7.60312     7.32830     6.88717
  8.22555     7.97882     7.91463     7.84798     7.75083     7.61019     7.33464     6.89348
  8.23347     7.98590     7.92171     7.85476     7.75751     7.61661     7.34058     6.89933
  8.23847     7.99036     7.92623     7.85898     7.76178     7.62054     7.34401     6.90279
  8.24335     7.99458     7.93047     7.86304     7.76580     7.62437     7.34705     6.90626
  8.24651     7.99751     7.93327     7.86562     7.76847     7.62607     7.34929     6.90835
  8.24822     7.99864     7.93445     7.86676     7.76979     7.62721     7.34979     6.90945
  8.24965     7.99999     7.93563     7.86779     7.77103     7.62753     7.35067     6.91042
  8.25040     8.00036     7.93617     7.86830     7.77176     7.62813     7.35100     6.91117
  8.25216     8.00201     7.93791     7.86991     7.77351     7.62992     7.35228     6.91294
  8.25359     8.00335     7.93945     7.87144     7.77516     7.63157     7.35366     6.91465
  8.25561     8.00541     7.94164     7.87357     7.77735     7.63424     7.35565     6.91708
  8.25699     8.00686     7.94347     7.87528     7.77925     7.63630     7.35722     6.91926
  8.25802     8.00797     7.94471     7.87650     7.78066     7.63814     7.35873     6.92109
  8.25897     8.00917     7.94619     7.87785     7.78226     7.63996     7.36009     6.92293
  8.25935     8.00958     7.94699     7.87878     7.78329     7.64137     7.36146     6.92443
  8.25949     8.01010     7.94771     7.87966     7.78419     7.64257     7.36237     6.92571
  8.25873     8.00954     7.94743     7.87961     7.78421     7.64292     7.36255     6.92627
  8.25787     8.00941     7.94751     7.87983     7.78438     7.64342     7.36292     6.92715
  8.25726     8.00938     7.94759     7.88002     7.78467     7.64383     7.36335     6.92818
  8.25681     8.00981     7.94828     7.88075     7.78541     7.64487     7.36413     6.92956
  8.25722     8.01104     7.94957     7.88219     7.78697     7.64660     7.36596     6.93165
  8.25814     8.01262     7.95140     7.88410     7.78899     7.64876     7.36818     6.93408
  8.25967     8.01480     7.95376     7.88659     7.79167     7.65149     7.37081     6.93687
  8.26038     8.01630     7.95558     7.88838     7.79363     7.65351     7.37353     6.93923
  8.26194     8.01933     7.95798     7.89083     7.79622     7.65589     7.37630     6.94226
  8.26324     8.02155     7.96040     7.89318     7.79864     7.65842     7.37942     6.94492
  8.26483     8.02463     7.96290     7.89578     7.80128     7.66091     7.38227     6.94803
  8.26678     8.02731     7.96573     7.89857     7.80408     7.66387     7.38574     6.95110
  8.26880     8.02994     7.96855     7.90152     7.80702     7.66656     7.38865     6.95421
  8.27066     8.03247     7.97127     7.90425     7.80973     7.66937     7.39211     6.95727
  8.27294     8.03538     7.97430     7.90735     7.81293     7.67236     7.39523     6.96073
  8.27566     8.03882     7.97748     7.91074     7.81643     7.67585     7.39898     6.96433
  8.27865     8.04233     7.98121     7.91442     7.82022     7.67969     7.40257     6.96822
  8.28046     8.04480     7.98360     7.91694     7.82279     7.68225     7.40556     6.97109
  8.28218     8.04709     7.98631     7.91981     7.82529     7.68467     7.40810     6.97371
  8.28269     8.04810     7.98752     7.92095     7.82644     7.68574     7.40987     6.97528
  8.28326     8.04921     7.98891     7.92257     7.82770     7.68696     7.41164     6.97679
  8.28265     8.04906     7.98886     7.92259     7.82777     7.68702     7.41205     6.97728
  8.28187     8.04874     7.98869     7.92248     7.82768     7.68712     7.41199     6.97770
  8.28018     8.04752     7.98749     7.92142     7.82665     7.68619     7.41126     6.97737
  8.27885     8.04669     7.98686     7.92078     7.82612     7.68580     7.41042     6.97737
  8.27626     8.04454     7.98429     7.91879     7.82428     7.68403     7.40865     6.97619
  8.27555     8.04427     7.98407     7.91854     7.82420     7.68393     7.40873     6.97639
  8.27217     8.04138     7.98077     7.91582     7.82156     7.68145     7.40622     6.97448
  8.27085     8.04084     7.98034     7.91560     7.82113     7.68098     7.40632     6.97437
  8.26875     8.03926     7.97882     7.91420     7.81974     7.67971     7.40497     6.97341
  8.26616     8.03745     7.97724     7.91277     7.81805     7.67811     7.40398     6.97222
  8.26492     8.03652     7.97649     7.91211     7.81738     7.67741     7.40341     6.97163
  8.26091     8.03326     7.97377     7.90895     7.81457     7.67474     7.40139     6.96936
  8.25931     8.03201     7.97272     7.90748     7.81351     7.67368     7.40020     6.96842
  8.25712     8.03030     7.97104     7.90579     7.81197     7.67223     7.39836     6.96711
  8.25591     8.02949     7.97048     7.90508     7.81125     7.67157     7.39778     6.96639
  8.25494     8.02878     7.96994     7.90437     7.81071     7.67106     7.39691     6.96583
  8.25480     8.02902     7.97051     7.90472     7.81094     7.67124     7.39777     6.96608
  8.25411     8.02846     7.97024     7.90434     7.81045     7.67072     7.39733     6.96555
  8.25498     8.02955     7.97158     7.90554     7.81153     7.67174     7.39851     6.96669
  8.25516     8.02985     7.97213     7.90599     7.81180     7.67209     7.39873     6.96682
  8.25565     8.03062     7.97293     7.90669     7.81246     7.67272     7.39937     6.96750
  8.25595     8.03102     7.97373     7.90777     7.81287     7.67318     7.39972     6.96781
  8.25563     8.03091     7.97367     7.90765     7.81274     7.67291     7.39936     6.96766
  8.25462     8.03013     7.97311     7.90739     7.81176     7.67194     7.39859     6.96692
  8.25458     8.03035     7.97286     7.90748     7.81182     7.67191     7.39838     6.96708
  8.25283     8.02892     7.97159     7.90605     7.81007     7.67030     7.39695     6.96581
  8.25173     8.02817     7.97030     7.90521     7.80905     7.66934     7.39616     6.96508
  8.24991     8.02652     7.96887     7.90363     7.80696     7.66760     7.39474     6.96376
  8.24819     8.02488     7.96734     7.90211     7.80519     7.66592     7.39328     6.96221
  8.24732     8.02396     7.96668     7.90127     7.80401     7.66493     7.39273     6.96158
  8.24652     8.02307     7.96596     7.90033     7.80297     7.66393     7.39176     6.96066
  8.24653     8.02302     7.96598     7.90009     7.80266     7.66344     7.39163     6.96059
  8.24616     8.02259     7.96567     7.89946     7.80206     7.66270     7.39075     6.95995
  8.24543     8.02184     7.96493     7.89842     7.80087     7.66134     7.38998     6.95921
  8.24532     8.02163     7.96485     7.89802     7.80037     7.66062     7.38931     6.95870
  8.24440     8.02071     7.96403     7.89679     7.79901     7.65912     7.38821     6.95775
  8.24432     8.02046     7.96474     7.89646     7.79839     7.65838     7.38762     6.95716
  8.24471     8.02017     7.96448     7.89588     7.79751     7.65753     7.38701     6.95659
  8.24458     8.01975     7.96493     7.89538     7.79680     7.65672     7.38614     6.95580
  8.24544     8.01964     7.96486     7.89507     7.79617     7.65614     7.38564     6.95535
  8.24537     8.01933     7.96460     7.89466     7.79560     7.65537     7.38489     6.95474
  8.24637     8.01947     7.96481     7.89462     7.79540     7.65512     7.38465     6.95437
  8.24682     8.01961     7.96510     7.89463     7.79530     7.65474     7.38423     6.95414
  8.24823     8.02023     7.96580     7.89509     7.79554     7.65474     7.38452     6.95421
  8.24999     8.02142     7.96726     7.89618     7.79664     7.65540     7.38524     6.95497
  8.25110     8.02208     7.96792     7.89668     7.79685     7.65542     7.38534     6.95523
  8.25352     8.02394     7.96985     7.89826     7.79841     7.65673     7.38654     6.95655
  8.25582     8.02562     7.97141     7.89968     7.79945     7.65783     7.38743     6.95762
  8.25802     8.02726     7.97312     7.90099     7.80065     7.65899     7.38836     6.95873
  8.26103     8.02959     7.97534     7.90295     7.80241     7.66070     7.38971     6.96020
  8.26408     8.03204     7.97783     7.90509     7.80443     7.66256     7.39154     6.96207
  8.26690     8.03417     7.97992     7.90694     7.80625     7.66424     7.39268     6.96338
  8.27036     8.03702     7.98278     7.90956     7.80877     7.66654     7.39492     6.96579
  8.27308     8.03899     7.98462     7.91132     7.81024     7.66772     7.39643     6.96721
  8.27635     8.04169     7.98743     7.91376     7.81273     7.67008     7.39844     6.96966
  8.27821     8.04311     7.98877     7.91518     7.81372     7.67079     7.39978     6.97076
  8.28008     8.04454     7.99026     7.91639     7.81495     7.67200     7.40072     6.97216
  8.28121     8.04552     7.99120     7.91730     7.81580     7.67277     7.40128     6.97298
  8.28111     8.04529     7.99094     7.91694     7.81532     7.67245     7.40080     6.97301
  8.28037     8.04440     7.99016     7.91614     7.81446     7.67156     7.39987     6.97252
  8.27942     8.04338     7.98915     7.91513     7.81338     7.67071     7.39887     6.97195
  8.27719     8.04104     7.98704     7.91301     7.81120     7.66858     7.39684     6.97049
  8.27487     8.03861     7.98474     7.91082     7.80909     7.66655     7.39493     6.96894
  8.27223     8.03591     7.98226     7.90825     7.80662     7.66408     7.39241     6.96706
  8.26894     8.03277     7.97916     7.90518     7.80376     7.66121     7.38937     6.96472
  8.26544     8.02945     7.97595     7.90190     7.80049     7.65809     7.38640     6.96213
  8.26236     8.02662     7.97320     7.89913     7.79786     7.65545     7.38372     6.95982
  8.25941     8.02397     7.97058     7.89650     7.79529     7.65292     7.38143     6.95755
  8.25661     8.02139     7.96806     7.89398     7.79252     7.65050     7.37913     6.95528
  8.25520     8.02028     7.96703     7.89299     7.79163     7.64944     7.37834     6.95415
  8.25385     8.01921     7.96595     7.89194     7.79032     7.64847     7.37708     6.95294
  8.25312     8.01889     7.96572     7.89167     7.79006     7.64811     7.37672     6.95259
  8.25290     8.01911     7.96585     7.89188     7.79030     7.64831     7.37691     6.95223
  8.25315     8.01977     7.96657     7.89246     7.79092     7.64888     7.37695     6.95263
  8.25296     8.01991     7.96673     7.89278     7.79113     7.64908     7.37715     6.95234
  8.25376     8.02105     7.96794     7.89393     7.79232     7.65016     7.37794     6.95296
  8.25345     8.02104     7.96809     7.89418     7.79259     7.65032     7.37743     6.95268
  8.25432     8.02240     7.96955     7.89561     7.79403     7.65160     7.37866     6.95353
  8.25426     8.02279     7.97014     7.89630     7.79473     7.65244     7.37862     6.95352
  8.25353     8.02271     7.97010     7.89668     7.79472     7.65240     7.37757     6.95310
  8.25261     8.02245     7.96988     7.89660     7.79446     7.65252     7.37715     6.95254
  8.24945     8.02006     7.96747     7.89472     7.79215     7.65029     7.37418     6.95033
  8.24540     8.01678     7.96430     7.89158     7.78899     7.64724     7.37080     6.94726
  8.24109     8.01342     7.96079     7.88830     7.78573     7.64411     7.36780     6.94419
  8.23455     8.00771     7.95536     7.88282     7.78031     7.63882     7.36250     6.93929
  8.22887     8.00295     7.95060     7.87823     7.77582     7.63454     7.35813     6.93499
  8.22234     7.99738     7.94512     7.87285     7.77053     7.62935     7.35319     6.93035
  8.21669     7.99266     7.94045     7.86838     7.76649     7.62512     7.34879     6.92639
  8.20921     7.98634     7.93418     7.86226     7.76043     7.61942     7.34316     6.92111
  8.20353     7.98167     7.92952     7.85818     7.75644     7.61512     7.33876     6.91736
  8.19554     7.97490     7.92288     7.85163     7.74979     7.60906     7.33280     6.91185
  8.18707     7.96764     7.91570     7.84488     7.74300     7.60236     7.32621     6.90598
  8.17945     7.96116     7.90940     7.83883     7.73689     7.59650     7.32048     6.90113
  8.17013     7.95298     7.90141     7.83106     7.72922     7.58913     7.31329     6.89473
  8.16204     7.94593     7.89462     7.82438     7.72267     7.58273     7.30693     6.88951
  8.15372     7.93861     7.88759     7.81750     7.71578     7.57674     7.30088     6.88384
  8.14423     7.93011     7.87950     7.80928     7.70778     7.56904     7.29397     6.87718
  8.13513     7.92204     7.87167     7.80156     7.70045     7.56221     7.28724     6.87081
  8.12461     7.91259     7.86248     7.79245     7.69150     7.55360     7.27950     6.86320
  8.11370     7.90277     7.85283     7.78300     7.68244     7.54454     7.27094     6.85552
  8.10211     7.89219     7.84251     7.77282     7.67241     7.53484     7.26146     6.84717
  8.09078     7.88195     7.83250     7.76284     7.66207     7.52532     7.25260     6.83896
  8.07723     7.86943     7.82061     7.75066     7.65022     7.51382     7.24146     6.82901
  8.06626     7.85942     7.81094     7.74099     7.64004     7.50462     7.23318     6.82130
  8.05290     7.84697     7.79913     7.72888     7.62834     7.49321     7.22261     6.81131
  8.04268     7.83811     7.79003     7.71990     7.61941     7.48512     7.21480     6.80422
  8.03083     7.82716     7.77934     7.70925     7.60905     7.47511     7.20550     6.79564
  8.02088     7.81852     7.77049     7.70036     7.60048     7.46711     7.19793     6.78839
  8.01022     7.80855     7.76080     7.69047     7.59100     7.45799     7.18920     6.78057
  8.00039     7.79937     7.75196     7.68162     7.58249     7.44955     7.18177     6.77346
  7.99092     7.79031     7.74314     7.67269     7.57396     7.44131     7.17410     6.76623
  7.98222     7.78204     7.73531     7.66482     7.56614     7.43366     7.16742     6.75990
  7.97319     7.77343     7.72672     7.65653     7.55806     7.42572     7.16044     6.75291
  7.96485     7.76546     7.71906     7.64873     7.55041     7.41823     7.15387     6.74646
  7.95635     7.75730     7.71082     7.64070     7.54259     7.41051     7.14716     6.73949
  7.94859     7.75036     7.70334     7.63312     7.53526     7.40326     7.14075     6.73312
  7.94077     7.74270     7.69567     7.62542     7.52779     7.39584     7.13403     6.72624
  7.93413     7.73670     7.68910     7.61870     7.52131     7.38934     7.12793     6.72018
  7.92540     7.72771     7.68019     7.61030     7.51251     7.38030     7.11901     6.71139
  7.91959     7.72180     7.67430     7.60522     7.50667     7.37433     7.11328     6.70563
  7.91169     7.71383     7.66638     7.59712     7.49879     7.36641     7.10530     6.69797
  7.90601     7.70813     7.66073     7.59142     7.49300     7.36058     7.09951     6.69220
  7.89915     7.70110     7.65372     7.58438     7.48600     7.35349     7.09226     6.68499
  7.89492     7.69680     7.64936     7.57995     7.48136     7.34877     7.08739     6.67997
  7.88968     7.69137     7.64390     7.57449     7.47581     7.34317     7.08122     6.67391
  7.88541     7.68696     7.63937     7.56987     7.47091     7.33813     7.07623     6.66861
  7.88151     7.68274     7.63504     7.56556     7.46642     7.33358     7.07083     6.66360
  7.87665     7.67777     7.63003     7.56041     7.46102     7.32808     7.06515     6.65803
  7.87469     7.67547     7.62765     7.55799     7.45841     7.32530     7.06173     6.65467
  7.87144     7.67197     7.62438     7.55431     7.45454     7.32130     7.05723     6.65045
  7.87092     7.67125     7.62353     7.55339     7.45345     7.32010     7.05540     6.64849
  7.86982     7.66990     7.62233     7.55181     7.45175     7.31818     7.05282     6.64621
  7.87003     7.66976     7.62214     7.55160     7.45149     7.31773     7.05182     6.64503
  7.87108     7.67058     7.62274     7.55213     7.45199     7.31800     7.05151     6.64486
  7.87324     7.67235     7.62448     7.55377     7.45362     7.31929     7.05258     6.64548
  7.87545     7.67439     7.62628     7.55557     7.45532     7.32077     7.05352     6.64644
  7.87868     7.67740     7.62926     7.55836     7.45798     7.32326     7.05564     6.64824
  7.88202     7.68055     7.63247     7.56128     7.46081     7.32589     7.05743     6.65032
  7.88570     7.68417     7.63609     7.56476     7.46416     7.32906     7.06018     6.65303
  7.89013     7.68833     7.64026     7.56866     7.46804     7.33288     7.06317     6.65625
  7.89299     7.69111     7.64306     7.57137     7.47055     7.33532     7.06495     6.65858
  7.89723     7.69518     7.64711     7.57532     7.47440     7.33912     7.06814     6.66187
  7.89975     7.69730     7.64955     7.57780     7.47668     7.34135     7.06996     6.66376
  7.90175     7.69938     7.65181     7.57999     7.47883     7.34342     7.07145     6.66551
  7.90483     7.70215     7.65482     7.58302     7.48173     7.34627     7.07416     6.66796
  7.90609     7.70361     7.65633     7.58452     7.48327     7.34768     7.07533     6.66917
  7.90843     7.70613     7.65875     7.58686     7.48560     7.34995     7.07755     6.67132
  7.91220     7.70994     7.66253     7.59058     7.48941     7.35362     7.08092     6.67472
  7.91426     7.71205     7.66468     7.59268     7.49161     7.35579     7.08303     6.67691
  7.91862     7.71635     7.66898     7.59717     7.49611     7.36019     7.08712     6.68100
  7.92167     7.71927     7.67208     7.60024     7.49927     7.36274     7.08953     6.68404
  7.92580     7.72328     7.67613     7.60454     7.50363     7.36705     7.09368     6.68806
  7.93063     7.72811     7.68095     7.60928     7.50857     7.37125     7.09802     6.69248
  7.93400     7.73177     7.68471     7.61318     7.51262     7.37527     7.10188     6.69617
  7.93885     7.73663     7.68954     7.61790     7.51758     7.38026     7.10673     6.70065
  7.94139     7.73955     7.69247     7.62110     7.52083     7.38346     7.10992     6.70398
  7.94515     7.74330     7.69626     7.62500     7.52474     7.38749     7.11359     6.70780
  7.94783     7.74618     7.69900     7.62804     7.52786     7.39063     7.11681     6.71119
  7.95192     7.75022     7.70304     7.63230     7.53214     7.39500     7.12064     6.71530
  7.95482     7.75322     7.70596     7.63546     7.53531     7.39831     7.12395     6.71861
  7.95866     7.75700     7.70983     7.63935     7.53934     7.40224     7.12629     6.72254
  7.96125     7.75971     7.71262     7.64221     7.54216     7.40512     7.12963     6.72564
  7.96430     7.76279     7.71589     7.64544     7.54552     7.40842     7.13179     6.72985
  7.96706     7.76526     7.71885     7.64852     7.54852     7.41147     7.13563     6.73320
  7.96946     7.76777     7.72138     7.65116     7.55125     7.41435     7.13858     6.73678
  7.97272     7.77091     7.72487     7.65478     7.55480     7.41802     7.14241     6.74064
  7.97553     7.77389     7.72777     7.65787     7.55789     7.42119     7.14536     6.74394
  7.97854     7.77734     7.73114     7.66136     7.56131     7.42467     7.14865     6.74779
  7.98241     7.78141     7.73505     7.66543     7.56554     7.42881     7.15265     6.75226
  7.98641     7.78561     7.73932     7.66976     7.56987     7.43313     7.15699     6.75690
  7.99005     7.78941     7.74309     7.67360     7.57378     7.43714     7.15852     6.76107
  7.99440     7.79395     7.74767     7.67828     7.57839     7.44174     7.16312     6.76609
  7.99935     7.79894     7.75269     7.68329     7.58345     7.44683     7.16577     6.77129
  8.00303     7.80269     7.75649     7.68712     7.58727     7.45106     7.16973     6.77563
  8.00765     7.80719     7.76102     7.69167     7.59195     7.45571     7.17475     6.78064
  8.01130     7.81077     7.76477     7.69533     7.59574     7.45991     7.17897     6.78500
  8.01364     7.81305     7.76723     7.69782     7.59845     7.46265     7.18248     6.78837
  8.01680     7.81615     7.77054     7.70114     7.60188     7.46611     7.18598     6.79249
  8.01833     7.81774     7.77222     7.70292     7.60375     7.46808     7.18831     6.79561
  8.02003     7.81953     7.77406     7.70475     7.60571     7.47025     7.19033     6.79850
  8.02063     7.82029     7.77476     7.70559     7.60655     7.47137     7.19186     6.80086
  8.02083     7.82071     7.77527     7.70608     7.60713     7.47229     7.19302     6.80270
  8.02053     7.82049     7.77505     7.70603     7.60716     7.47256     7.19415     6.80416
  8.01840     7.81849     7.77327     7.70418     7.60553     7.47109     7.19323     6.80387
  8.01747     7.81759     7.77256     7.70350     7.60494     7.47073     7.19362     6.80485
  8.01454     7.81474     7.76987     7.70079     7.60243     7.46844     7.19208     6.80359
  8.01303     7.81346     7.76871     7.69975     7.60138     7.46763     7.19194     6.80417
  8.01133     7.81182     7.76719     7.69823     7.60008     7.46666     7.19159     6.80412
  8.01083     7.81139     7.76686     7.69806     7.59998     7.46667     7.19232     6.80492
  8.01058     7.81115     7.76670     7.69795     7.60001     7.46701     7.19316     6.80643
  8.01200     7.81279     7.76857     7.69968     7.60184     7.46892     7.19537     6.80886
  8.01292     7.81391     7.76970     7.70087     7.60320     7.47035     7.19733     6.81126
  8.01547     7.81670     7.77276     7.70373     7.60614     7.47334     7.20053     6.81480
  8.01760     7.81896     7.77496     7.70607     7.60863     7.47593     7.20347     6.81790
  8.02052     7.82193     7.77803     7.70908     7.61182     7.47917     7.20709     6.82139
  8.02309     7.82455     7.78072     7.71185     7.61469     7.48216     7.21051     6.82483
  8.02582     7.82738     7.78371     7.71473     7.61775     7.48531     7.21373     6.82801
  8.02810     7.82987     7.78623     7.71727     7.62046     7.48796     7.21656     6.83107
  8.02936     7.83129     7.78777     7.71879     7.62224     7.48964     7.21821     6.83276
  8.03088     7.83304     7.78948     7.72057     7.62416     7.49155     7.22013     6.83468
  8.03112     7.83364     7.79005     7.72118     7.62498     7.49231     7.22087     6.83541
  8.03200     7.83495     7.79134     7.72262     7.62647     7.49372     7.22268     6.83660
  8.03280     7.83539     7.79247     7.72377     7.62783     7.49502     7.22400     6.83758
  8.03352     7.83650     7.79349     7.72504     7.62913     7.49619     7.22552     6.83850
  8.03488     7.83737     7.79507     7.72662     7.63090     7.49790     7.22719     6.83968
  8.03587     7.83872     7.79627     7.72811     7.63238     7.49936     7.22850     6.84076
  8.03793     7.84106     7.79863     7.73047     7.63494     7.50172     7.23074     6.84269
  8.03995     7.84339     7.80097     7.73301     7.63737     7.50414     7.23268     6.84457
  8.04194     7.84567     7.80330     7.73550     7.63991     7.50653     7.23466     6.84630
  8.04433     7.84887     7.80612     7.73839     7.64269     7.50923     7.23678     6.84849
  8.04552     7.85045     7.80773     7.74017     7.64447     7.51090     7.23802     6.84950
  8.04790     7.85370     7.81054     7.74311     7.64734     7.51357     7.24006     6.85159
  8.04927     7.85495     7.81220     7.74508     7.64921     7.51535     7.24158     6.85279
  8.05201     7.85772     7.81485     7.74794     7.65204     7.51796     7.24353     6.85465
  8.05010     7.85569     7.81334     7.74656     7.65064     7.51655     7.24220     6.85289
  8.05174     7.85750     7.81516     7.74843     7.65251     7.51845     7.24347     6.85391
  8.04946     7.85582     7.81346     7.74678     7.65087     7.51678     7.24193     6.85202
  8.05025     7.85716     7.81482     7.74807     7.65221     7.51822     7.24267     6.85267
  8.05096     7.85838     7.81586     7.74933     7.65331     7.51922     7.24351     6.85332
  8.05180     7.85906     7.81702     7.75027     7.65439     7.52041     7.24421     6.85390
  8.05245     7.86013     7.81798     7.75138     7.65525     7.52122     7.24504     6.85427
  8.05263     7.86018     7.81852     7.75174     7.65565     7.52169     7.24513     6.85436
  8.05258     7.86047     7.81876     7.75213     7.65574     7.52183     7.24554     6.85408
  8.05281     7.86073     7.81900     7.75233     7.65577     7.52189     7.24522     6.85390
  8.05284     7.86104     7.81916     7.75216     7.65581     7.52200     7.24538     6.85394
  8.05340     7.86187     7.82005     7.75247     7.65639     7.52260     7.24559     6.85420
  8.05399     7.86250     7.82070     7.75306     7.65699     7.52311     7.24604     6.85442
  8.05394     7.86267     7.82102     7.75328     7.65718     7.52323     7.24603     6.85436
  8.05487     7.86370     7.82188     7.75374     7.65791     7.52383     7.24653     6.85470
  8.05534     7.86420     7.82230     7.75401     7.65820     7.52415     7.24663     6.85447
  8.05671     7.86579     7.82354     7.75480     7.65916     7.52513     7.24791     6.85522
  8.05836     7.86778     7.82501     7.75615     7.66046     7.52640     7.24895     6.85584
  8.06039     7.86959     7.82659     7.75759     7.66170     7.52762     7.25086     6.85673
  8.06307     7.87229     7.82898     7.75963     7.66371     7.52954     7.25261     6.85802
  8.06479     7.87359     7.83009     7.76075     7.66459     7.53033     7.25364     6.85837
  8.06635     7.87515     7.83171     7.76190     7.66578     7.53132     7.25437     6.85873
  8.06729     7.87568     7.83206     7.76213     7.66590     7.53118     7.25427     6.85819
  8.06754     7.87597     7.83215     7.76195     7.66573     7.53075     7.25371     6.85696
  8.06722     7.87517     7.83112     7.76057     7.66436     7.52917     7.25207     6.85484
  8.06594     7.87404     7.82927     7.75843     7.66226     7.52682     7.24972     6.85181
  8.06732     7.87480     7.83013     7.75878     7.66242     7.52691     7.24952     6.85095
  8.06681     7.87425     7.82905     7.75743     7.66101     7.52525     7.24761     6.84868
  8.06902     7.87564     7.83066     7.75845     7.66197     7.52585     7.24829     6.84847
  8.06942     7.87523     7.83034     7.75858     7.66136     7.52496     7.24698     6.84669
  8.06868     7.87384     7.82887     7.75742     7.65952     7.52287     7.24462     6.84391
  8.06751     7.87204     7.82697     7.75603     7.65743     7.52050     7.24194     6.84081
