  7.99093     7.76263     7.70377     7.63523     7.53480     7.41052     7.13025     6.70185
  7.99093     7.76238     7.70362     7.63496     7.53448     7.41042     7.13021     6.70214
  7.99093     7.76212     7.70329     7.63477     7.53437     7.41038     7.13055     6.70234
  7.99093     7.76192     7.70304     7.63466     7.53421     7.41030     7.13082     6.70245
  7.99093     7.76166     7.70267     7.63446     7.53405     7.41009     7.13108     6.70297
  7.99093     7.76153     7.70255     7.63432     7.53392     7.40999     7.13183     6.70360
  7.99093     7.76134     7.70240     7.63415     7.53375     7.40997     7.13227     6.70410
  7.99093     7.76106     7.70208     7.63390     7.53352     7.40992     7.13188     6.70594
  7.99093     7.76067     7.70164     7.63359     7.53336     7.40996     7.13110     6.70803
  7.99093     7.76033     7.70120     7.63344     7.53328     7.41013     7.13108     6.70863
  7.99093     7.76024     7.70097     7.63351     7.53319     7.41027     7.13217     6.70921
  7.99093     7.76005     7.70066     7.63336     7.53313     7.41030     7.13275     6.70958
  7.99093     7.75990     7.70047     7.63316     7.53307     7.41026     7.13312     6.70995
  7.99093     7.75965     7.70015     7.63305     7.53290     7.41031     7.13364     6.71047
  7.99093     7.75969     7.70008     7.63307     7.53279     7.41056     7.13464     6.71123
  7.99093     7.75943     7.69936     7.63284     7.53309     7.41088     7.13706     6.71035
  7.99093     7.75923     7.69920     7.63274     7.53318     7.41088     7.13734     6.71278
  7.99093     7.75889     7.69893     7.63273     7.53308     7.41084     7.13732     6.71368
  7.99093     7.75877     7.69861     7.63258     7.53305     7.41082     7.13750     6.71403
  7.99093     7.75873     7.69850     7.63246     7.53309     7.41090     7.13780     6.71447
  7.99093     7.75855     7.69832     7.63239     7.53303     7.41092     7.13842     6.71468
  7.99093     7.75827     7.69798     7.63231     7.53287     7.41090     7.14250     6.71483
  7.99093     7.75798     7.69755     7.63217     7.53279     7.41085     7.14678     6.71516
  7.99093     7.75776     7.69716     7.63202     7.53279     7.41073     7.14707     6.71545
  7.99093     7.75761     7.69690     7.63190     7.53268     7.41065     7.14788     6.71557
  7.99093     7.75747     7.69652     7.63159     7.53250     7.41045     7.14940     6.71549
  7.99093     7.75728     7.69621     7.63129     7.53246     7.41027     7.14944     6.71524
  7.99093     7.75685     7.69552     7.63060     7.53207     7.40980     7.14943     6.71466
  7.99093     7.75659     7.69533     7.63028     7.53174     7.40954     7.14909     6.71443
  7.99093     7.75588     7.69399     7.62919     7.53077     7.40854     7.14791     6.71334
  7.99093     7.75563     7.69381     7.62907     7.53064     7.40832     7.14304     6.71306
  7.99093     7.75545     7.69339     7.62890     7.53044     7.40815     7.14179     6.71193
  7.99093     7.75529     7.69306     7.62870     7.53031     7.40808     7.14142     6.71154
  7.99093     7.75508     7.69269     7.62844     7.53008     7.40798     7.14081     6.71147
  7.99093     7.75492     7.69246     7.62828     7.52989     7.40783     7.14030     6.71131
  7.99093     7.75466     7.69222     7.62813     7.52965     7.40764     7.13986     6.71104
  7.99093     7.75444     7.69197     7.62793     7.52955     7.40754     7.13943     6.71072
  7.99093     7.75435     7.69188     7.62782     7.52961     7.40757     7.13919     6.71045
  7.99093     7.75414     7.69172     7.62772     7.52941     7.40752     7.13919     6.71031
  7.99093     7.75405     7.69145     7.62757     7.52922     7.40747     7.13946     6.71039
  7.99093     7.75398     7.69125     7.62751     7.52908     7.40758     7.13982     6.71013
  7.99093     7.75412     7.69113     7.62754     7.52934     7.40774     7.14181     6.70997
  7.99093     7.75454     7.69120     7.62784     7.52933     7.40774     7.14185     6.71357
  7.99093     7.75494     7.69122     7.62807     7.52987     7.40800     7.14144     6.71282
  7.99093     7.75513     7.69109     7.62808     7.53002     7.40798     7.14156     6.71251
  7.99093     7.75510     7.69077     7.62794     7.53008     7.40791     7.14132     6.71208
  7.99093     7.75480     7.69018     7.62749     7.52978     7.40741     7.14075     6.71121
  7.99093     7.75488     7.69005     7.62749     7.52978     7.40723     7.14039     6.71053
  7.99093     7.75528     7.69044     7.62792     7.53006     7.40744     7.14042     6.71020
  7.99093     7.75568     7.69073     7.62829     7.53025     7.40762     7.14100     6.70994
  7.99093     7.75598     7.69036     7.62855     7.53040     7.40772     7.14175     6.70964
  7.99093     7.75612     7.68972     7.62880     7.53053     7.40777     7.14192     6.70935
  7.99093     7.75614     7.68966     7.62896     7.53047     7.40777     7.14158     6.70903
  7.99093     7.75622     7.68979     7.62914     7.53055     7.40789     7.14140     6.70877
  7.99093     7.75623     7.68975     7.62905     7.53061     7.40784     7.14146     6.70843
  7.99093     7.75635     7.68991     7.62912     7.53096     7.40791     7.14144     6.70816
  7.99093     7.75624     7.68967     7.62905     7.53090     7.40788     7.14101     6.70801
  7.99093     7.75693     7.68978     7.62955     7.53177     7.40870     7.14142     6.70796
  7.99093     7.75704     7.68990     7.62977     7.53210     7.40906     7.14156     6.70815
  7.99093     7.75732     7.69019     7.63011     7.53255     7.40964     7.14171     6.70855
  7.99093     7.75741     7.69029     7.63050     7.53286     7.41015     7.14196     6.70891
  7.99093     7.75756     7.69045     7.63075     7.53327     7.41068     7.14223     6.70941
  7.99093     7.75771     7.69067     7.63101     7.53364     7.41127     7.14281     6.71024
  7.99093     7.75786     7.69075     7.63125     7.53405     7.41185     7.14347     6.71117
  7.99093     7.75807     7.69077     7.63150     7.53466     7.41252     7.14409     6.71214
  7.99093     7.75825     7.69038     7.63180     7.53525     7.41337     7.14476     6.71320
  7.99093     7.75845     7.68952     7.63217     7.53580     7.41431     7.14546     6.71432
  7.99093     7.75894     7.68985     7.63289     7.53656     7.41550     7.14663     6.71579
  7.99093     7.75948     7.69024     7.63361     7.53744     7.41679     7.14769     6.71747
  7.99093     7.75981     7.69067     7.63411     7.53828     7.41787     7.14917     6.71879
  7.99093     7.75999     7.69074     7.63467     7.53891     7.41881     7.15008     6.72006
  7.99093     7.76138     7.69163     7.63634     7.54099     7.42154     7.15360     6.72362
  7.99093     7.76161     7.69182     7.63673     7.54152     7.42232     7.15455     6.72464
  7.99093     7.76183     7.69197     7.63713     7.54215     7.42312     7.15571     6.72546
  7.99093     7.76208     7.69198     7.63841     7.54260     7.42379     7.15675     6.72625
  7.99093     7.76245     7.69224     7.63931     7.54322     7.42453     7.15775     6.72695
  7.99093     7.76263     7.69241     7.63960     7.54360     7.42507     7.15878     6.72754
  7.99093     7.76277     7.69256     7.63988     7.54387     7.42553     7.15978     6.72808
  7.99093     7.76294     7.69279     7.64009     7.54422     7.42604     7.16047     6.72849
  7.99093     7.76300     7.69289     7.64052     7.54449     7.42645     7.16092     6.72880
  7.99093     7.76313     7.69299     7.64169     7.54483     7.42673     7.16157     6.72906
  7.99093     7.76321     7.69299     7.64250     7.54499     7.42673     7.16214     6.72915
  7.99093     7.76334     7.69302     7.64260     7.54516     7.42680     7.16236     6.72940
  7.99093     7.76323     7.69296     7.64252     7.54526     7.42687     7.16218     6.72955
  7.99093     7.76326     7.69284     7.64245     7.54514     7.42669     7.16221     6.72947
  7.99093     7.76319     7.69256     7.64149     7.54436     7.42567     7.16210     6.72825
  7.99093     7.76320     7.69238     7.64135     7.54402     7.42533     7.16201     6.72789
  7.99093     7.76315     7.69204     7.64128     7.54366     7.42491     7.16182     6.72746
  7.99093     7.76303     7.69155     7.64092     7.54320     7.42446     7.16148     6.72700
  7.99093     7.76303     7.69135     7.64092     7.54296     7.42415     7.16094     6.72678
  7.99093     7.76289     7.69106     7.64068     7.54254     7.42358     7.16031     6.72651
  7.99093     7.76269     7.69067     7.64018     7.54206     7.42295     7.15960     6.72606
  7.99093     7.76240     7.69031     7.63976     7.54167     7.42244     7.15887     6.72563
  7.99093     7.76197     7.68996     7.63927     7.54118     7.42180     7.15820     6.72513
  7.99093     7.76164     7.68962     7.63849     7.54068     7.42109     7.15756     6.72444
  7.99093     7.76127     7.68890     7.63738     7.54002     7.42040     7.15706     6.72389
  7.99093     7.76088     7.68841     7.63686     7.53952     7.41990     7.15650     6.72350
  7.99093     7.76036     7.68786     7.63630     7.53881     7.41922     7.15580     6.72285
  7.99093     7.76000     7.68751     7.63581     7.53839     7.41873     7.15515     6.72221
  7.99093     7.75854     7.68548     7.63403     7.53649     7.41646     7.15323     6.72009
  7.99093     7.75816     7.68479     7.63348     7.53589     7.41581     7.15248     6.71948
  7.99093     7.75787     7.68415     7.63299     7.53540     7.41523     7.15184     6.71882
  7.99093     7.75767     7.68355     7.63239     7.53490     7.41471     7.15094     6.71827
  7.99093     7.75732     7.68308     7.63175     7.53435     7.41421     7.15009     6.71751
  7.99093     7.75686     7.68261     7.63119     7.53374     7.41365     7.14938     6.71671
  7.99093     7.75636     7.68209     7.63068     7.53325     7.41306     7.14866     6.71600
  7.99093     7.75592     7.68152     7.63010     7.53287     7.41255     7.14784     6.71530
  7.99093     7.75559     7.68096     7.62954     7.53245     7.41212     7.14711     6.71449
  7.99093     7.75494     7.68018     7.62887     7.53174     7.41124     7.14634     6.71343
  7.99093     7.75387     7.67888     7.62756     7.53045     7.40964     7.14496     6.71217
  7.99093     7.75348     7.67849     7.62705     7.53013     7.40938     7.14422     6.71157
  7.99093     7.75320     7.67795     7.62646     7.52969     7.40907     7.14342     6.71106
  7.99093     7.75280     7.67759     7.62596     7.52934     7.40886     7.14255     6.71032
  7.99093     7.75233     7.67816     7.62553     7.52873     7.40839     7.14107     6.70957
  7.99093     7.75234     7.67811     7.62551     7.52875     7.40850     7.14081     6.70959
  7.99093     7.75217     7.67787     7.62549     7.52872     7.40850     7.14084     6.70974
  7.99093     7.75238     7.67808     7.62572     7.52918     7.40902     7.14102     6.71026
  7.99093     7.75253     7.67824     7.62579     7.53003     7.40897     7.14120     6.71061
  7.99093     7.75247     7.67823     7.62571     7.53051     7.40883     7.14129     6.71082
  7.99093     7.75269     7.67811     7.62574     7.53075     7.40909     7.14149     6.71120
  7.99093     7.75311     7.67801     7.62585     7.53114     7.40958     7.14175     6.71185
  7.99093     7.75327     7.67806     7.62598     7.53159     7.41017     7.14205     6.71260
  7.99093     7.75338     7.67811     7.62624     7.53197     7.41071     7.14269     6.71322
  7.99093     7.75362     7.67814     7.62678     7.53237     7.41135     7.14334     6.71400
  7.99093     7.75395     7.67849     7.62729     7.53294     7.41219     7.14407     6.71496
  7.99093     7.75455     7.67912     7.62788     7.53375     7.41322     7.14498     6.71625
  7.99093     7.75490     7.67949     7.62847     7.53455     7.41403     7.14613     6.71735
  7.99093     7.75500     7.67911     7.62906     7.53447     7.41593     7.14912     6.72066
  7.99093     7.75505     7.67943     7.62940     7.53504     7.41668     7.15003     6.72168
  7.99093     7.75521     7.67981     7.63002     7.53623     7.41756     7.15109     6.72301
  7.99093     7.75554     7.68030     7.63078     7.53731     7.41863     7.15229     6.72445
  7.99093     7.75608     7.68084     7.63156     7.53860     7.41975     7.15361     6.72574
  7.99093     7.75668     7.68136     7.63235     7.53977     7.42090     7.15504     6.72697
  7.99093     7.75726     7.68180     7.63307     7.54063     7.42194     7.15653     6.72809
  7.99093     7.75783     7.68224     7.63367     7.54146     7.42288     7.15778     6.72916
  7.99093     7.75830     7.68268     7.63424     7.54229     7.42387     7.15883     6.73013
  7.99093     7.75851     7.68296     7.63483     7.54306     7.42481     7.16005     6.73078
  7.99093     7.75861     7.68345     7.63529     7.54397     7.42561     7.16118     6.73164
  7.99093     7.75884     7.68437     7.63576     7.54457     7.42636     7.16255     6.73264
  7.99093     7.75913     7.68476     7.63627     7.54528     7.42723     7.16299     6.73379
  7.99093     7.75914     7.68509     7.63676     7.54599     7.42793     7.16410     6.73449
  7.99093     7.75964     7.68564     7.63761     7.54605     7.42936     7.16616     6.73647
  7.99093     7.76000     7.68613     7.63814     7.54659     7.43003     7.16682     6.73719
  7.99093     7.76047     7.68653     7.63865     7.54783     7.43035     7.16780     6.73790
  7.99093     7.75986     7.68591     7.63822     7.54768     7.42988     7.16783     6.73769
  7.99093     7.75910     7.68553     7.63783     7.54742     7.42966     7.16767     6.73763
  7.99093     7.75870     7.68543     7.63771     7.54768     7.42964     7.16780     6.73773
  7.99093     7.75862     7.68541     7.63775     7.54789     7.42960     7.16830     6.73784
  7.99093     7.75842     7.68553     7.63788     7.54794     7.42962     7.16870     6.73802
  7.99093     7.75805     7.68560     7.63785     7.54794     7.42969     7.16868     6.73806
  7.99093     7.75812     7.68561     7.63779     7.54779     7.42983     7.16872     6.73802
  7.99093     7.75825     7.68569     7.63791     7.54792     7.43012     7.16891     6.73814
  7.99093     7.75859     7.68586     7.63799     7.54779     7.43008     7.16983     6.73832
  7.99093     7.75877     7.68612     7.63794     7.54774     7.43007     7.17008     6.73849
  7.99093     7.75896     7.68616     7.63801     7.54753     7.42997     7.16984     6.73837
  7.99093     7.75703     7.68447     7.63582     7.54601     7.42794     7.16800     6.73619
  7.99093     7.75675     7.68454     7.63525     7.54568     7.42736     7.16746     6.73549
  7.99093     7.75586     7.68434     7.63472     7.54527     7.42669     7.16687     6.73465
  7.99093     7.75529     7.68396     7.63405     7.54475     7.42606     7.16649     6.73361
  7.99093     7.75472     7.68352     7.63325     7.54410     7.42512     7.16595     6.73242
  7.99093     7.75409     7.68312     7.63262     7.54342     7.42413     7.16534     6.73125
  7.99093     7.75371     7.68288     7.63218     7.54286     7.42342     7.16478     6.73022
  7.99093     7.75343     7.68269     7.63167     7.54238     7.42281     7.16413     6.72926
  7.99093     7.75302     7.68229     7.63096     7.54172     7.42204     7.16299     6.72818
  7.99093     7.75243     7.68164     7.63014     7.54081     7.42110     7.16130     6.72683
  7.99093     7.75157     7.68095     7.62938     7.54003     7.42013     7.15997     6.72535
  7.99093     7.75103     7.68026     7.62853     7.53920     7.41905     7.15937     6.72368
  7.99093     7.75015     7.67955     7.62726     7.53814     7.41760     7.15739     6.72166
  7.99093     7.74948     7.67871     7.62623     7.53698     7.41615     7.15535     6.71949
  7.99093     7.74749     7.67625     7.62307     7.53393     7.41245     7.14999     6.71390
  7.99093     7.74703     7.67544     7.62218     7.53309     7.41131     7.14833     6.71219
  7.99093     7.74640     7.67453     7.62123     7.53219     7.41007     7.14657     6.71054
  7.99093     7.74572     7.67352     7.62022     7.53099     7.40864     7.14480     6.70880
  7.99093     7.74469     7.67246     7.61903     7.52963     7.40719     7.14246     6.70700
  7.99093     7.74375     7.67147     7.61799     7.52850     7.40596     7.14011     6.70531
  7.99093     7.74295     7.67043     7.61709     7.52747     7.40478     7.13795     6.70373
  7.99093     7.74221     7.66942     7.61623     7.52646     7.40364     7.13605     6.70222
  7.99093     7.74167     7.66861     7.61547     7.52556     7.40274     7.13450     6.70089
  7.99093     7.74110     7.66781     7.61480     7.52477     7.40201     7.13294     6.69974
  7.99093     7.74067     7.66711     7.61444     7.52421     7.40153     7.13160     6.69875
  7.99093     7.74052     7.66666     7.61409     7.52370     7.40118     7.13055     6.69836
  7.99093     7.74044     7.66622     7.61385     7.52331     7.40089     7.12903     6.69813
  7.99093     7.74051     7.66600     7.61386     7.52298     7.40084     7.12853     6.69796
  7.99093     7.74051     7.66580     7.61364     7.52270     7.40070     7.12728     6.69827
  7.99093     7.74071     7.66594     7.61399     7.52274     7.40116     7.12733     6.69882
  7.99093     7.74106     7.66623     7.61454     7.52319     7.40181     7.12759     6.69827
  7.99093     7.74157     7.66690     7.61510     7.52360     7.40246     7.12852     6.69878
  7.99093     7.74187     7.66804     7.61560     7.52400     7.40312     7.12935     6.69993
  7.99093     7.74227     7.66891     7.61626     7.52449     7.40397     7.13039     6.70120
  7.99093     7.74279     7.66956     7.61705     7.52515     7.40494     7.13155     6.70252
  7.99093     7.74334     7.67034     7.61779     7.52582     7.40582     7.13258     6.70391
  7.99093     7.74389     7.67112     7.61841     7.52641     7.40627     7.13345     6.70530
  7.99093     7.74426     7.67179     7.61896     7.52709     7.40638     7.13404     6.70649
  7.99093     7.74458     7.67236     7.61961     7.52769     7.40708     7.13498     6.70752
  7.99093     7.74482     7.67295     7.62007     7.52815     7.40761     7.13565     6.70847
  7.99093     7.74532     7.67357     7.62041     7.52875     7.40844     7.13684     6.70888
  7.99093     7.74553     7.67413     7.62065     7.52923     7.40893     7.13782     6.70982
  7.99093     7.74691     7.67556     7.62180     7.53084     7.41010     7.13996     6.71164
  7.99093     7.74705     7.67600     7.62188     7.53100     7.41037     7.14039     6.71214
  7.99093     7.74723     7.67619     7.62201     7.53131     7.41051     7.14068     6.71234
  7.99093     7.74734     7.67623     7.62181     7.53135     7.41040     7.14090     6.71221
  7.99093     7.74752     7.67655     7.62181     7.53172     7.41059     7.14130     6.71240
  7.99093     7.74752     7.67672     7.62186     7.53186     7.41064     7.14144     6.71251
  7.99093     7.74792     7.67672     7.62187     7.53185     7.41049     7.14116     6.71310
  7.99093     7.74840     7.67673     7.62177     7.53188     7.41030     7.14073     6.71378
  7.99093     7.74824     7.67664     7.62146     7.53176     7.41001     7.14035     6.71367
  7.99093     7.74812     7.67635     7.62122     7.53175     7.40984     7.14005     6.71355
  7.99093     7.74803     7.67574     7.62108     7.53157     7.40970     7.13960     6.71334
  7.99093     7.74784     7.67551     7.62095     7.53159     7.40977     7.13913     6.71341
  7.99093     7.74784     7.67547     7.62071     7.53169     7.40999     7.13920     6.71366
  7.99093     7.74763     7.67548     7.62060     7.53190     7.41008     7.13899     6.71435
  7.99093     7.74706     7.67451     7.62052     7.53188     7.41047     7.13825     6.71521
  7.99093     7.74763     7.67464     7.62087     7.53238     7.41080     7.13876     6.71631
  7.99093     7.74811     7.67472     7.62129     7.53309     7.41148     7.13932     6.71753
  7.99093     7.74842     7.67487     7.62169     7.53374     7.41221     7.13995     6.71867
  7.99093     7.74880     7.67558     7.62229     7.53448     7.41316     7.14078     6.71988
  7.99093     7.74925     7.67629     7.62312     7.53537     7.41447     7.14195     6.72132
  7.99093     7.74393     7.66406     7.61726     7.52919     7.40861     7.13714     6.71514
  7.99093     7.74085     7.65919     7.61506     7.52552     7.40353     7.13234     6.71142
  7.99093     7.74601     7.67340     7.62285     7.53174     7.40767     7.13523     6.71835
  7.99093     7.74668     7.67374     7.62362     7.53260     7.40881     7.13698     6.71995
  7.99093     7.74705     7.67403     7.62442     7.53335     7.40979     7.13836     6.72168
  7.99093     7.74763     7.67450     7.62527     7.53436     7.41100     7.13965     6.72352
  7.99093     7.74807     7.67518     7.62625     7.53542     7.41184     7.14188     6.72516
  7.99093     7.74846     7.67596     7.62644     7.53651     7.41318     7.14384     6.72693
  7.99093     7.75082     7.67812     7.62965     7.53959     7.41705     7.14846     6.73188
  7.99093     7.75160     7.67906     7.63083     7.54069     7.41832     7.15057     6.73370
  7.99093     7.75247     7.67999     7.63203     7.54178     7.41946     7.15240     6.73548
  7.99093     7.75325     7.68089     7.63297     7.54280     7.42069     7.15370     6.73696
  7.99093     7.75317     7.68163     7.63370     7.54363     7.42161     7.15526     6.73804
  7.99093     7.75313     7.68230     7.63434     7.54428     7.42225     7.15681     6.73889
  7.99093     7.75363     7.68290     7.63498     7.54500     7.42287     7.15805     6.73981
  7.99093     7.75428     7.68345     7.63562     7.54576     7.42362     7.15908     6.74081
  7.99093     7.75472     7.68400     7.63615     7.54632     7.42435     7.16008     6.74163
  7.99093     7.75493     7.68442     7.63657     7.54674     7.42478     7.16121     6.74222
  7.99093     7.75524     7.68483     7.63700     7.54722     7.42511     7.16235     6.74270
  7.99093     7.75551     7.68516     7.63731     7.54752     7.42536     7.16310     6.74307
  7.99093     7.75559     7.68555     7.63736     7.54758     7.42546     7.16325     6.74332
  7.99093     7.75578     7.68590     7.63744     7.54795     7.42560     7.16360     6.74361
  7.99093     7.75553     7.68643     7.63752     7.54776     7.42514     7.16323     6.74320
  7.99093     7.75540     7.68638     7.63729     7.54762     7.42474     7.16348     6.74245
  7.99093     7.75516     7.68627     7.63701     7.54727     7.42414     7.16359     6.74163
  7.99093     7.75496     7.68606     7.63660     7.54690     7.42370     7.16281     6.74092
  7.99093     7.75468     7.68570     7.63607     7.54651     7.42311     7.16187     6.74016
  7.99093     7.75442     7.68524     7.63555     7.54607     7.42250     7.16114     6.73936
  7.99093     7.75432     7.68486     7.63519     7.54562     7.42193     7.16054     6.73854
  7.99093     7.75455     7.68468     7.63490     7.54521     7.42145     7.15994     6.73771
  7.99093     7.75481     7.68449     7.63453     7.54485     7.42103     7.15924     6.73691
  7.99093     7.75455     7.68409     7.63420     7.54449     7.42041     7.15848     6.73608
  7.99093     7.75439     7.68382     7.63396     7.54407     7.41986     7.15770     6.73532
  7.99093     7.75424     7.68365     7.63378     7.54356     7.41943     7.15685     6.73453
  7.99093     7.75408     7.68344     7.63352     7.54301     7.41918     7.15533     6.73392
  7.99093     7.75380     7.68304     7.63319     7.54289     7.41875     7.15443     6.73349
  7.99093     7.75345     7.68239     7.63290     7.54192     7.41799     7.15280     6.73238
  7.99093     7.75321     7.68217     7.63279     7.54196     7.41783     7.15271     6.73234
  7.99093     7.75353     7.68220     7.63282     7.54183     7.41812     7.15289     6.73216
  7.99093     7.75391     7.68242     7.63295     7.54181     7.41838     7.15280     6.73230
  7.99093     7.75402     7.68261     7.63310     7.54182     7.41858     7.15267     6.73242
  7.99093     7.75410     7.68254     7.63321     7.54192     7.41864     7.15262     6.73253
  7.99093     7.75428     7.68246     7.63331     7.54206     7.41858     7.15273     6.73271
  7.99093     7.75442     7.68250     7.63336     7.54214     7.41867     7.15287     6.73302
  7.99093     7.75439     7.68242     7.63325     7.54215     7.41885     7.15291     6.73331
  7.99093     7.75446     7.68225     7.63317     7.54210     7.41874     7.15300     6.73338
  7.99093     7.75506     7.68219     7.63337     7.54230     7.41865     7.15322     6.73368
  7.99093     7.75529     7.68251     7.63368     7.54331     7.41875     7.15387     6.73416
  7.99093     7.75549     7.68288     7.63384     7.54357     7.41912     7.15417     6.73481
  7.99093     7.75577     7.68300     7.63389     7.54358     7.41974     7.15458     6.73524
  7.99093     7.75622     7.68373     7.63438     7.54354     7.42001     7.15523     6.73597
  7.99093     7.75630     7.68376     7.63446     7.54349     7.42007     7.15566     6.73619
  7.99093     7.75631     7.68377     7.63443     7.54345     7.41995     7.15607     6.73633
  7.99093     7.75618     7.68381     7.63435     7.54337     7.41984     7.15651     6.73641
  7.99093     7.75613     7.68401     7.63436     7.54331     7.41993     7.15685     6.73654
  7.99093     7.75618     7.68419     7.63445     7.54399     7.41998     7.15707     6.73659
  7.99093     7.75630     7.68430     7.63448     7.54465     7.41983     7.15727     6.73647
  7.99093     7.75638     7.68435     7.63433     7.54464     7.41972     7.15746     6.73632
  7.99093     7.75623     7.68426     7.63403     7.54456     7.41968     7.15759     6.73618
  7.99093     7.75603     7.68414     7.63379     7.54459     7.41944     7.15764     6.73590
  7.99093     7.75605     7.68396     7.63368     7.54451     7.41920     7.15753     6.73576
  7.99093     7.75603     7.68394     7.63366     7.54439     7.41896     7.15776     6.73568
  7.99093     7.75592     7.68385     7.63335     7.54434     7.41897     7.15770     6.73550
  7.99093     7.75590     7.68396     7.63329     7.54450     7.41901     7.15731     6.73524
  7.99093     7.75597     7.68421     7.63309     7.54451     7.41877     7.15726     6.73583
  7.99093     7.75588     7.68429     7.63314     7.54431     7.41881     7.15731     6.73616
  7.99093     7.75586     7.68423     7.63322     7.54421     7.41884     7.15739     6.73618
  7.99093     7.75587     7.68430     7.63340     7.54425     7.41894     7.15754     6.73646
  7.99093     7.75580     7.68443     7.63346     7.54434     7.41921     7.15759     6.73668
  7.99093     7.75573     7.68443     7.63352     7.54440     7.41951     7.15770     6.73676
  7.99093     7.75591     7.68444     7.63371     7.54448     7.41979     7.15789     6.73704
  7.99093     7.75614     7.68461     7.63393     7.54465     7.42001     7.15816     6.73752
  7.99093     7.75619     7.68486     7.63413     7.54489     7.42030     7.15853     6.73795
  7.99093     7.75632     7.68507     7.63434     7.54521     7.42079     7.15872     6.73829
  7.99093     7.75663     7.68515     7.63454     7.54558     7.42111     7.15875     6.73868
  7.99093     7.75679     7.68533     7.63477     7.54597     7.42129     7.15920     6.73909
  7.99093     7.75666     7.68540     7.63485     7.54762     7.42154     7.15968     6.73932
  7.99093     7.75667     7.68550     7.63512     7.54882     7.42176     7.16028     6.73945
  7.99093     7.75708     7.68584     7.63580     7.54912     7.42239     7.16085     6.73994
  7.99093     7.75712     7.68592     7.63589     7.54940     7.42277     7.16113     6.74006
  7.99093     7.75735     7.68587     7.63589     7.54950     7.42285     7.16119     6.74008
  7.99093     7.75747     7.68594     7.63593     7.54943     7.42276     7.16133     6.73981
  7.99093     7.75750     7.68598     7.63594     7.54959     7.42288     7.16148     6.73962
  7.99093     7.75763     7.68609     7.63595     7.54982     7.42300     7.16174     6.73929
  7.99093     7.75773     7.68618     7.63594     7.54978     7.42285     7.16171     6.73866
  7.99093     7.75761     7.68623     7.63585     7.54964     7.42247     7.16131     6.73813
  7.99093     7.75735     7.68628     7.63572     7.54952     7.42206     7.16105     6.73779
  7.99093     7.75714     7.68614     7.63549     7.54926     7.42171     7.16097     6.73714
  7.99093     7.75697     7.68587     7.63523     7.54884     7.42114     7.16082     6.73611
  7.99093     7.75663     7.68539     7.63474     7.54814     7.42032     7.16025     6.73491
  7.99093     7.75557     7.68435     7.63350     7.54697     7.41908     7.15854     6.73340
  7.99093     7.75542     7.68412     7.63299     7.54660     7.41859     7.15731     6.73251
  7.99093     7.75452     7.68287     7.63133     7.54489     7.41593     7.15479     6.72905
  7.99093     7.75411     7.68236     7.63066     7.54436     7.41511     7.15388     6.72778
  7.99093     7.75378     7.68190     7.63001     7.54370     7.41417     7.15284     6.72654
  7.99093     7.75332     7.68161     7.62949     7.54293     7.41317     7.15160     6.72516
  7.99093     7.75271     7.68120     7.62878     7.54229     7.41221     7.15005     6.72372
  7.99093     7.75222     7.68075     7.62815     7.54162     7.41130     7.14894     6.72227
  7.99093     7.75107     7.67955     7.62677     7.54004     7.40964     7.14731     6.72020
  7.99093     7.74964     7.67814     7.62513     7.53828     7.40777     7.14552     6.71800
  7.99093     7.74898     7.67758     7.62432     7.53742     7.40672     7.14443     6.71658
  7.99093     7.74857     7.67713     7.62359     7.53680     7.40588     7.14276     6.71546
  7.99093     7.74846     7.67679     7.62326     7.53590     7.40510     7.14114     6.71437
  7.99093     7.74822     7.67627     7.62277     7.53381     7.40419     7.13940     6.71299
  7.99093     7.74777     7.67575     7.62218     7.53308     7.40331     7.13855     6.71163
  7.99093     7.74735     7.67526     7.62146     7.53253     7.40253     7.13741     6.71043
  7.99093     7.74599     7.67400     7.61984     7.53012     7.39985     7.13432     6.70702
  7.99093     7.74554     7.67353     7.61931     7.52930     7.39922     7.13317     6.70576
  7.99093     7.74536     7.67318     7.61890     7.52879     7.39847     7.13225     6.70462
  7.99093     7.74509     7.67294     7.61844     7.52815     7.39761     7.13149     6.70350
  7.99093     7.74462     7.67263     7.61789     7.52749     7.39683     7.13069     6.70218
  7.99093     7.74429     7.67233     7.61743     7.52700     7.39614     7.12997     6.70103
  7.99093     7.74406     7.67191     7.61697     7.52639     7.39533     7.12909     6.69990
  7.99093     7.74374     7.67152     7.61644     7.52557     7.39444     7.12806     6.69866
  7.99093     7.74341     7.67130     7.61592     7.52488     7.39369     7.12711     6.69759
  7.99093     7.74306     7.67100     7.61533     7.52427     7.39297     7.12607     6.69660
  7.99093     7.74266     7.67056     7.61471     7.52348     7.39194     7.12507     6.69540
  7.99093     7.74225     7.67005     7.61407     7.52256     7.39095     7.12427     6.69399
  7.99093     7.74166     7.66978     7.61347     7.52184     7.39020     7.12328     6.69287
  7.99093     7.74130     7.66915     7.61252     7.52130     7.38960     7.12269     6.69170
  7.99093     7.74046     7.66845     7.61091     7.51955     7.38700     7.12052     6.68843
  7.99093     7.74116     7.66917     7.61117     7.51998     7.38730     7.12035     6.68820
  7.99093     7.74114     7.66918     7.61099     7.51964     7.38692     7.11938     6.68755
  7.99093     7.74081     7.66893     7.61064     7.51896     7.38626     7.11836     6.68675
  7.99093     7.74059     7.66867     7.61035     7.51846     7.38578     7.11773     6.68585
  7.99093     7.74047     7.66835     7.60999     7.51797     7.38529     7.11706     6.68498
  7.99093     7.74035     7.66815     7.60970     7.51758     7.38480     7.11647     6.68434
  7.99093     7.74020     7.66810     7.60975     7.51737     7.38431     7.11608     6.68381
  7.99093     7.74002     7.66802     7.60982     7.51712     7.38378     7.11562     6.68327
  7.99093     7.73989     7.66792     7.60956     7.51678     7.38341     7.11513     6.68292
  7.99093     7.73991     7.66789     7.60957     7.51643     7.38317     7.11472     6.68255
  7.99093     7.73995     7.66813     7.60978     7.51632     7.38301     7.11433     6.68214
  7.99093     7.73998     7.66853     7.60994     7.51630     7.38310     7.11433     6.68193
  7.99093     7.74005     7.66858     7.60989     7.51641     7.38326     7.11391     6.68180
  7.99093     7.74010     7.66929     7.60964     7.51591     7.38255     7.11296     6.68041
  7.99093     7.74027     7.66934     7.60965     7.51603     7.38260     7.11268     6.68021
  7.99093     7.74049     7.66956     7.60975     7.51613     7.38255     7.11251     6.68008
  7.99093     7.74050     7.66969     7.60960     7.51598     7.38236     7.11234     6.67968
  7.99093     7.74054     7.66988     7.60959     7.51603     7.38230     7.11239     6.67974
  7.99093     7.74075     7.67000     7.60970     7.51616     7.38239     7.11225     6.67980
  7.99093     7.74082     7.67000     7.60969     7.51617     7.38171     7.11178     6.67950
  7.99093     7.74068     7.67002     7.60959     7.51616     7.38079     7.11148     6.67915
  7.99093     7.74062     7.67017     7.60961     7.51629     7.38075     7.11149     6.67902
  7.99093     7.74077     7.67033     7.60985     7.51649     7.38094     7.11148     6.67906
  7.99093     7.74093     7.67026     7.61002     7.51659     7.38119     7.11150     6.67911
  7.99093     7.74098     7.67052     7.61018     7.51677     7.38134     7.11162     6.67943
  7.99093     7.74098     7.67069     7.61030     7.51691     7.38133     7.11178     6.67963
  7.99093     7.74102     7.67084     7.61063     7.51731     7.38194     7.11244     6.68027
  7.99093     7.74126     7.67165     7.61155     7.51841     7.38335     7.11369     6.68238
  7.99093     7.74156     7.67192     7.61200     7.51910     7.38395     7.11391     6.68371
  7.99093     7.74164     7.67199     7.61211     7.51939     7.38435     7.11439     6.68466
  7.99093     7.74181     7.67244     7.61244     7.51980     7.38492     7.11544     6.68573
  7.99093     7.74200     7.67309     7.61294     7.52035     7.38548     7.11645     6.68680
  7.99093     7.74229     7.67356     7.61340     7.52091     7.38618     7.11709     6.68795
  7.99093     7.74262     7.67396     7.61397     7.52146     7.38695     7.11796     6.68923
  7.99093     7.74289     7.67448     7.61460     7.52205     7.38768     7.11926     6.69044
  7.99093     7.74311     7.67502     7.61508     7.52268     7.38847     7.12048     6.69164
  7.99093     7.74343     7.67553     7.61555     7.52335     7.38925     7.12134     6.69294
  7.99093     7.74395     7.67600     7.61607     7.52407     7.39009     7.12208     6.69393
  7.99093     7.74445     7.67661     7.61655     7.52478     7.39081     7.12332     6.69479
  7.99093     7.74492     7.67691     7.61691     7.52526     7.39135     7.12391     6.69556
  7.99093     7.74409     7.67627     7.61637     7.52485     7.39090     7.12363     6.69566
  7.99093     7.74509     7.67837     7.61825     7.52689     7.39199     7.12681     6.69804
  7.99093     7.74561     7.67894     7.61886     7.52758     7.39249     7.12662     6.69872
  7.99093     7.74599     7.67934     7.61917     7.52806     7.39296     7.12651     6.69968
  7.99093     7.74630     7.67985     7.61959     7.52852     7.39345     7.12727     6.70033
  7.99093     7.74680     7.68045     7.62013     7.52916     7.39406     7.12812     6.70098
  7.99093     7.74732     7.68101     7.62061     7.52987     7.39471     7.12873     6.70159
  7.99093     7.74776     7.68136     7.62102     7.53035     7.39588     7.12938     6.70209
  7.99093     7.74817     7.68177     7.62147     7.53080     7.39719     7.13005     6.70263
  7.99093     7.74852     7.68235     7.62193     7.53145     7.39785     7.13050     6.70319
  7.99093     7.74882     7.68272     7.62233     7.53187     7.39836     7.13066     6.70372
  7.99093     7.74916     7.68308     7.62277     7.53211     7.39897     7.13080     6.70436
  7.99093     7.74940     7.68356     7.62333     7.53262     7.39956     7.13169     6.70506
  7.99093     7.74969     7.68406     7.62389     7.53335     7.40023     7.13212     6.70563
  7.99093     7.74991     7.68421     7.62426     7.53385     7.40086     7.13261     6.70669
  7.99093     7.75185     7.68565     7.62584     7.53577     7.40312     7.13452     6.70937
  7.99093     7.75232     7.68598     7.62623     7.53637     7.40342     7.13492     6.71012
  7.99093     7.75253     7.68639     7.62665     7.53695     7.40396     7.13527     6.71075
  7.99093     7.75270     7.68706     7.62726     7.53761     7.40463     7.13676     6.71149
  7.99093     7.75305     7.68783     7.62792     7.53809     7.40534     7.13824     6.71215
  7.99093     7.75354     7.68846     7.62859     7.53861     7.40604     7.13890     6.71284
  7.99093     7.75395     7.68887     7.62918     7.53918     7.40664     7.13923     6.71352
  7.99093     7.75428     7.68930     7.62968     7.53978     7.40723     7.13983     6.71412
  7.99093     7.75467     7.68979     7.63013     7.54034     7.40783     7.14055     6.71463
  7.99093     7.75510     7.69019     7.63055     7.54070     7.40839     7.14117     6.71501
  7.99093     7.75549     7.69082     7.63117     7.54118     7.40908     7.14207     6.71546
  7.99093     7.75575     7.69140     7.63190     7.54164     7.40954     7.14263     6.71613
  7.99093     7.75616     7.69192     7.63252     7.54209     7.40983     7.14307     6.71643
  7.99093     7.75647     7.69217     7.63281     7.54220     7.40987     7.14346     6.71637
  7.99093     7.75702     7.69353     7.63371     7.54404     7.41027     7.14322     6.71655
  7.99093     7.75713     7.69357     7.63376     7.54380     7.41006     7.14273     6.71632
  7.99093     7.75718     7.69375     7.63384     7.54287     7.40993     7.14215     6.71607
  7.99093     7.75706     7.69396     7.63392     7.54245     7.40959     7.14203     6.71568
  7.99093     7.75694     7.69407     7.63377     7.54205     7.40906     7.14206     6.71507
  7.99093     7.75700     7.69412     7.63357     7.54163     7.40860     7.14179     6.71441
  7.99093     7.75711     7.69413     7.63337     7.54128     7.40811     7.14127     6.71366
  7.99093     7.75708     7.69406     7.63309     7.54081     7.40743     7.14070     6.71285
  7.99093     7.75698     7.69396     7.63266     7.54019     7.40661     7.14013     6.71192
  7.99093     7.75684     7.69378     7.63212     7.53932     7.40571     7.13944     6.71075
  7.99093     7.75646     7.69348     7.63168     7.53820     7.40475     7.13836     6.70978
  7.99093     7.75606     7.69319     7.63117     7.53751     7.40371     7.13720     6.70878
  7.99093     7.75561     7.69280     7.63062     7.53692     7.40269     7.13639     6.70778
  7.99093     7.75529     7.69221     7.62963     7.53613     7.40147     7.13558     6.70647
  7.99093     7.75403     7.69118     7.62787     7.53376     7.39837     7.13178     6.70273
  7.99093     7.75344     7.69043     7.62696     7.53270     7.39697     7.13038     6.70117
  7.99093     7.75296     7.69006     7.62634     7.53197     7.39599     7.12903     6.70002
  7.99093     7.75241     7.68972     7.62567     7.53133     7.39511     7.12804     6.69899
  7.99093     7.75192     7.68941     7.62503     7.53063     7.39426     7.12698     6.69803
  7.99093     7.75142     7.68895     7.62429     7.52989     7.39338     7.12595     6.69709
  7.99093     7.75096     7.68857     7.62369     7.52936     7.39265     7.12497     6.69636
  7.99093     7.75051     7.68831     7.62325     7.52890     7.39202     7.12391     6.69587
  7.99093     7.75004     7.68794     7.62267     7.52831     7.39131     7.12290     6.69527
  7.99093     7.74969     7.68756     7.62206     7.52784     7.39067     7.12194     6.69450
  7.99093     7.74941     7.68717     7.62159     7.52749     7.38991     7.12089     6.69395
  7.99093     7.74940     7.68704     7.62141     7.52742     7.38857     7.12063     6.69381
  7.99093     7.74886     7.68670     7.62108     7.52732     7.38833     7.12007     6.69383
  7.99093     7.74871     7.68643     7.62062     7.52723     7.38803     7.11958     6.69361
  7.99093     7.74867     7.68709     7.62125     7.52803     7.38923     7.11972     6.69532
  7.99093     7.74878     7.68719     7.62134     7.52831     7.39004     7.12009     6.69590
  7.99093     7.74897     7.68770     7.62164     7.52890     7.39092     7.12046     6.69688
  7.99093     7.74910     7.68817     7.62203     7.52948     7.39172     7.12105     6.69804
  7.99093     7.74932     7.68856     7.62243     7.53005     7.39251     7.12166     6.69897
  7.99093     7.74942     7.68894     7.62298     7.53069     7.39351     7.12257     6.69984
  7.99093     7.74961     7.68947     7.62376     7.53141     7.39465     7.12357     6.70097
  7.99093     7.74999     7.69003     7.62454     7.53214     7.39561     7.12422     6.70225
  7.99093     7.75053     7.69066     7.62526     7.53292     7.39653     7.12490     6.70360
  7.99093     7.75134     7.69158     7.62615     7.53388     7.39768     7.12616     6.70515
  7.99093     7.75202     7.69242     7.62705     7.53483     7.39878     7.12744     6.70672
  7.99093     7.75273     7.69343     7.62819     7.53598     7.40021     7.12842     6.70834
  7.99093     7.75353     7.69425     7.62921     7.53719     7.40160     7.12969     6.70993
  7.99093     7.75409     7.69494     7.62996     7.53812     7.40253     7.13129     6.71132
  7.99093     7.75765     7.69800     7.63304     7.54162     7.40586     7.13607     6.71628
  7.99093     7.75869     7.69878     7.63381     7.54244     7.40671     7.13744     6.71744
  7.99093     7.75927     7.69964     7.63476     7.54342     7.40778     7.13864     6.71863
  7.99093     7.75982     7.70058     7.63571     7.54440     7.40895     7.14022     6.72009
  7.99093     7.76048     7.70135     7.63659     7.54527     7.40962     7.14140     6.72149
  7.99093     7.76120     7.70206     7.63739     7.54607     7.41021     7.14260     6.72270
  7.99093     7.76184     7.70283     7.63819     7.54697     7.41119     7.14389     6.72401
  7.99093     7.76247     7.70343     7.63894     7.54797     7.41231     7.14492     6.72538
  7.99093     7.76314     7.70387     7.63961     7.54880     7.41321     7.14571     6.72652
  7.99093     7.76364     7.70459     7.64027     7.54946     7.41388     7.14650     6.72759
  7.99093     7.76419     7.70554     7.64119     7.55016     7.41451     7.14800     6.72877
  7.99093     7.76477     7.70665     7.64259     7.55102     7.41524     7.14922     6.72983
  7.99093     7.76520     7.70706     7.64304     7.55159     7.41573     7.15008     6.73068
  7.99093     7.76555     7.70735     7.64342     7.55195     7.41618     7.15103     6.73143
  7.99093     7.76678     7.70898     7.64528     7.55386     7.41846     7.15267     6.73468
  7.99093     7.76719     7.70936     7.64565     7.55434     7.41894     7.15312     6.73554
  7.99093     7.76747     7.70913     7.64609     7.55494     7.41950     7.15358     6.73631
  7.99093     7.76779     7.70934     7.64652     7.55555     7.42007     7.15433     6.73696
  7.99093     7.76822     7.70973     7.64698     7.55600     7.42065     7.15493     6.73779
  7.99093     7.76901     7.71048     7.64801     7.55666     7.42138     7.15595     6.73888
  7.99093     7.76968     7.71129     7.64904     7.55745     7.42210     7.15692     6.73974
  7.99093     7.77000     7.71188     7.64959     7.55806     7.42273     7.15763     6.74029
  7.99093     7.77024     7.71234     7.65000     7.55844     7.42321     7.15842     6.74078
  7.99093     7.77042     7.71268     7.65017     7.55873     7.42346     7.15898     6.74109
  7.99093     7.77074     7.71329     7.65014     7.55921     7.42388     7.15975     6.74154
  7.99093     7.77115     7.71387     7.65076     7.55980     7.42452     7.16019     6.74223
  7.99093     7.77140     7.71416     7.65106     7.56017     7.42495     7.15981     6.74261
  7.99093     7.77175     7.71432     7.65115     7.56049     7.42534     7.15946     6.74283
  7.99093     7.77252     7.71622     7.65236     7.56154     7.42623     7.16166     6.74372
  7.99093     7.77264     7.71642     7.65257     7.56152     7.42617     7.16168     6.74369
  7.99093     7.77282     7.71679     7.65284     7.56172     7.42637     7.16191     6.74384
  7.99093     7.77295     7.71728     7.65314     7.56194     7.42674     7.16209     6.74397
  7.99093     7.77321     7.71758     7.65335     7.56209     7.42692     7.16218     6.74417
  7.99093     7.77342     7.71789     7.65404     7.56214     7.42689     7.16224     6.74428
  7.99093     7.77348     7.71823     7.65471     7.56225     7.42685     7.16215     6.74427
  7.99093     7.77359     7.71852     7.65489     7.56233     7.42686     7.16211     6.74434
  7.99093     7.77391     7.71849     7.65498     7.56228     7.42688     7.16219     6.74459
  7.99093     7.77430     7.71815     7.65509     7.56223     7.42689     7.16214     6.74489
  7.99093     7.77452     7.71856     7.65540     7.56217     7.42692     7.16229     6.74504
  7.99093     7.77464     7.71881     7.65574     7.56216     7.42701     7.16273     6.74509
  7.99093     7.77461     7.71892     7.65571     7.56160     7.42690     7.16300     6.74528
  7.99093     7.77452     7.71887     7.65554     7.56124     7.42663     7.16270     6.74507
  7.99093     7.77429     7.71908     7.65497     7.56057     7.42556     7.16234     6.74469
  7.99093     7.77427     7.71900     7.65460     7.56022     7.42502     7.16155     6.74434
  7.99093     7.77422     7.71910     7.65441     7.55981     7.42444     7.16145     6.74419
  7.99093     7.77408     7.71920     7.65422     7.55940     7.42383     7.16135     6.74389
  7.99093     7.77403     7.71921     7.65384     7.55897     7.42325     7.16089     6.74361
  7.99093     7.77396     7.71999     7.65350     7.55847     7.42268     7.16021     6.74320
  7.99093     7.77327     7.72010     7.65273     7.55727     7.42157     7.15928     6.74222
  7.99093     7.77238     7.71930     7.65183     7.55600     7.42034     7.15835     6.74112
  7.99093     7.77196     7.71892     7.65130     7.55540     7.41960     7.15753     6.74040
  7.99093     7.77163     7.71856     7.65068     7.55472     7.41882     7.15653     6.73981
  7.99093     7.77139     7.71836     7.65028     7.55413     7.41810     7.15588     6.73927
  7.99093     7.77042     7.71758     7.64933     7.55296     7.41689     7.15499     6.73790
  7.99093     7.76992     7.71732     7.64880     7.55239     7.41600     7.15407     6.73711
  7.99093     7.76959     7.71700     7.64820     7.55168     7.41490     7.15322     6.73654
  7.99093     7.76825     7.71583     7.64642     7.54953     7.41241     7.15067     6.73455
  7.99093     7.76768     7.71509     7.64547     7.54834     7.41132     7.14938     6.73367
  7.99093     7.76721     7.71476     7.64477     7.54750     7.41046     7.14850     6.73305
  7.99093     7.76674     7.71439     7.64412     7.54681     7.40967     7.14749     6.73216
  7.99093     7.76625     7.71384     7.64336     7.54602     7.40875     7.14655     6.73134
  7.99093     7.76569     7.71318     7.64254     7.54518     7.40783     7.14539     6.73052
  7.99093     7.76514     7.71269     7.64188     7.54449     7.40707     7.14435     6.72995
  7.99093     7.76463     7.71224     7.64133     7.54371     7.40604     7.14384     6.72954
  7.99093     7.76413     7.71165     7.64063     7.54278     7.40484     7.14332     6.72901
  7.99093     7.76380     7.71137     7.64008     7.54231     7.40434     7.14254     6.72871
  7.99093     7.76363     7.71125     7.64002     7.54204     7.40404     7.14221     6.72857
  7.99093     7.76336     7.71103     7.63976     7.54168     7.40371     7.14184     6.72858
  7.99093     7.76330     7.71087     7.63946     7.54153     7.40350     7.14138     6.72856
  7.99093     7.76338     7.71083     7.63925     7.54121     7.40345     7.14104     6.72873
  7.99093     7.76278     7.71075     7.63932     7.54103     7.40344     7.14105     6.72972
  7.99093     7.76271     7.71075     7.63932     7.54117     7.40350     7.14122     6.73018
  7.99093     7.76259     7.71087     7.63936     7.54127     7.40350     7.14110     6.73045
  7.99093     7.76266     7.71099     7.63944     7.54147     7.40366     7.14075     6.73074
  7.99093     7.76287     7.71113     7.63951     7.54155     7.40390     7.14092     6.73111
  7.99093     7.76307     7.71137     7.63966     7.54169     7.40410     7.14144     6.73141
  7.99093     7.76322     7.71163     7.63992     7.54202     7.40423     7.14177     6.73150
  7.99093     7.76333     7.71179     7.64012     7.54204     7.40436     7.14176     6.73145
  7.99093     7.76352     7.71196     7.64029     7.54188     7.40459     7.14192     6.73147
  7.99093     7.76387     7.71231     7.64064     7.54228     7.40493     7.14247     6.73157
  7.99093     7.76422     7.71269     7.64104     7.54268     7.40526     7.14247     6.73157
  7.99093     7.76458     7.71314     7.64143     7.54305     7.40551     7.14238     6.73181
  7.99093     7.76500     7.71342     7.64180     7.54345     7.40588     7.14294     6.73158
  7.99093     7.76542     7.71380     7.64201     7.54378     7.40626     7.14283     6.73162
  7.99093     7.76621     7.71507     7.64352     7.54525     7.40732     7.14273     6.73145
  7.99093     7.76682     7.71571     7.64412     7.54591     7.40790     7.14312     6.73170
  7.99093     7.76730     7.71641     7.64493     7.54656     7.40891     7.14363     6.73188
  7.99093     7.76778     7.71700     7.64613     7.54718     7.40962     7.14288     6.73196
  7.99093     7.76841     7.71750     7.64698     7.54767     7.41024     7.14258     6.73214
  7.99093     7.76914     7.71807     7.64764     7.54821     7.41091     7.14324     6.73268
  7.99093     7.76974     7.71882     7.64840     7.54892     7.41158     7.14384     6.73324
  7.99093     7.77034     7.71953     7.64917     7.54972     7.41231     7.14419     6.73355
  7.99093     7.77108     7.72015     7.64991     7.55047     7.41315     7.14483     6.73398
  7.99093     7.77179     7.72093     7.65060     7.55113     7.41399     7.14563     6.73471
  7.99093     7.77243     7.72170     7.65137     7.55193     7.41486     7.14637     6.73538
  7.99093     7.77311     7.72241     7.65229     7.55298     7.41567     7.14714     6.73620
  7.99093     7.77392     7.72308     7.65328     7.55455     7.41665     7.14764     6.73703
  7.99093     7.77497     7.72409     7.65426     7.55539     7.41809     7.14873     6.73809
  7.99093     7.77759     7.72696     7.65791     7.55846     7.42131     7.15167     6.74164
  7.99093     7.77851     7.72793     7.65912     7.55966     7.42248     7.15259     6.74328
  7.99093     7.77919     7.72885     7.66022     7.56050     7.42356     7.15366     6.74479
  7.99093     7.77978     7.72976     7.66106     7.56133     7.42449     7.15447     6.74608
  7.99093     7.78051     7.73070     7.66192     7.56230     7.42617     7.15563     6.74715
  7.99093     7.78130     7.73173     7.66281     7.56328     7.42775     7.15753     6.74831
  7.99093     7.78202     7.73269     7.66371     7.56441     7.42876     7.15922     6.74965
  7.99093     7.78267     7.73348     7.66462     7.56554     7.42968     7.16024     6.75091
  7.99093     7.78339     7.73425     7.66553     7.56648     7.43070     7.16118     6.75210
  7.99093     7.78418     7.73509     7.66644     7.56747     7.43179     7.16219     6.75357
  7.99093     7.78482     7.73602     7.66726     7.56807     7.43275     7.16313     6.75507
  7.99093     7.78545     7.73702     7.66795     7.56792     7.43354     7.16439     6.75619
  7.99093     7.78609     7.73836     7.66865     7.56888     7.43455     7.16545     6.75741
  7.99093     7.78713     7.73992     7.67022     7.57044     7.43660     7.16870     6.76050
