  7.97200     7.74679     7.71301     7.63694     7.55012     7.40901     7.06338     6.72450
  7.97200     7.74705     7.71347     7.63736     7.55025     7.40802     7.06346     6.72439
  7.97200     7.74737     7.71349     7.63730     7.55041     7.40807     7.06229     6.72396
  7.97200     7.74766     7.71358     7.63774     7.55091     7.40807     7.06166     6.72382
  7.97200     7.74786     7.71404     7.63816     7.55115     7.40835     7.06187     6.72456
  7.97200     7.74805     7.71449     7.63851     7.55145     7.40858     7.06156     6.72497
  7.97200     7.74831     7.71480     7.63880     7.55187     7.40904     7.05443     6.72518
  7.97200     7.74865     7.71531     7.63949     7.55250     7.40966     7.05469     6.72601
  7.97200     7.74862     7.71539     7.63993     7.55302     7.41029     7.05521     6.72704
  7.97200     7.74900     7.71594     7.64047     7.55358     7.41094     7.05484     6.72779
  7.97200     7.74903     7.71641     7.64077     7.55418     7.41153     7.05503     6.72859
  7.97200     7.74931     7.71669     7.64100     7.55493     7.41227     7.05530     6.72992
  7.97200     7.74969     7.71697     7.64148     7.55579     7.41326     7.05501     6.73103
  7.97200     7.74993     7.71752     7.64192     7.55652     7.41408     7.05577     6.73253
  7.97200     7.75010     7.71786     7.64265     7.55759     7.41503     7.05690     6.73463
  7.97200     7.75103     7.71863     7.64391     7.55888     7.41663     7.05818     6.73657
  7.97200     7.75147     7.71938     7.64471     7.56001     7.41801     7.06180     6.73807
  7.97200     7.75191     7.71998     7.64564     7.56083     7.41895     7.06287     6.73946
  7.97200     7.75240     7.72067     7.64644     7.56204     7.42020     7.06370     6.74107
  7.97200     7.75300     7.72143     7.64722     7.56295     7.42153     7.06442     6.74250
  7.97200     7.75324     7.72197     7.64780     7.56370     7.42236     7.06536     6.74369
  7.97200     7.75323     7.72187     7.64801     7.56466     7.42309     7.06598     6.74482
  7.97200     7.75343     7.72197     7.64859     7.56583     7.42410     7.06720     6.74620
  7.97200     7.75316     7.72142     7.64973     7.56578     7.42438     7.06694     6.74659
  7.97200     7.75354     7.72200     7.65036     7.56661     7.42509     7.06724     6.74775
  7.97200     7.75355     7.72218     7.65051     7.56690     7.42556     7.06768     6.74835
  7.97200     7.75388     7.72265     7.65098     7.56754     7.42613     7.06917     6.74880
  7.97200     7.75377     7.72160     7.65114     7.56795     7.42663     7.06958     6.74899
  7.97200     7.75370     7.72177     7.65266     7.56832     7.42700     7.06988     6.74890
  7.97200     7.75363     7.72198     7.65295     7.56883     7.42730     7.07015     6.74936
  7.97200     7.75391     7.72229     7.65334     7.56931     7.42763     7.07062     6.74991
  7.97200     7.75380     7.72240     7.65329     7.56972     7.42773     7.07026     6.75006
  7.97200     7.75378     7.72240     7.65332     7.56963     7.42766     7.06987     6.75021
  7.97200     7.75385     7.72277     7.65360     7.56998     7.42769     7.06878     6.74986
  7.97200     7.75414     7.72315     7.65329     7.57017     7.42769     7.06900     6.74982
  7.97200     7.75411     7.72337     7.65317     7.57008     7.42749     7.06914     6.74941
  7.97200     7.75399     7.72337     7.65310     7.56981     7.42708     7.06811     6.74916
  7.97200     7.75368     7.72338     7.65283     7.56966     7.42662     7.06686     6.74876
  7.97200     7.75356     7.72346     7.65252     7.56928     7.42621     7.06598     6.74824
  7.97200     7.75351     7.72361     7.65257     7.56916     7.42586     7.06560     6.74797
  7.97200     7.75334     7.72362     7.65196     7.56897     7.42520     7.06515     6.74767
  7.97200     7.75288     7.72304     7.65146     7.56868     7.42450     7.06398     6.74743
  7.97200     7.75250     7.72253     7.65123     7.56815     7.42398     7.06275     6.74718
  7.97200     7.75176     7.72080     7.65046     7.56744     7.42322     7.06173     6.74645
  7.97200     7.75216     7.72054     7.64952     7.56724     7.42290     7.06096     6.74619
  7.97200     7.75227     7.72066     7.64926     7.56671     7.42256     7.05999     6.74593
  7.97200     7.75228     7.72050     7.64866     7.56615     7.42209     7.05905     6.74517
  7.97200     7.75171     7.71997     7.64833     7.56567     7.42152     7.05804     6.74454
  7.97200     7.75091     7.71924     7.64761     7.56509     7.42068     7.05691     6.74370
  7.97200     7.75055     7.71908     7.64736     7.56484     7.42002     7.05575     6.74363
  7.97200     7.75005     7.71888     7.64688     7.56435     7.41946     7.05483     6.74300
  7.97200     7.75046     7.71869     7.64639     7.56376     7.41864     7.05334     6.74250
  7.97200     7.75013     7.71826     7.64597     7.56335     7.41817     7.05220     6.74203
  7.97200     7.74983     7.71786     7.64553     7.56300     7.41749     7.05133     6.74125
  7.97200     7.74940     7.71754     7.64503     7.56247     7.41720     7.05034     6.74012
  7.97200     7.74922     7.71754     7.64479     7.56206     7.41680     7.04918     6.73962
  7.97200     7.74882     7.71715     7.64441     7.56192     7.41644     7.04865     6.73903
  7.97200     7.74833     7.71672     7.64355     7.56120     7.41597     7.04717     6.73816
  7.97200     7.74767     7.71606     7.64285     7.56036     7.41526     7.04572     6.73714
  7.97200     7.74626     7.71458     7.64195     7.55889     7.41304     7.04396     6.73563
  7.97200     7.74600     7.71441     7.64156     7.55879     7.41273     7.04297     6.73539
  7.97200     7.74582     7.71392     7.64102     7.55830     7.41271     7.04196     6.73486
  7.97200     7.74540     7.71365     7.64070     7.55805     7.41236     7.04087     6.73449
  7.97200     7.74514     7.71354     7.64063     7.55768     7.41200     7.04003     6.73406
  7.97200     7.74490     7.71479     7.64047     7.55749     7.41175     7.03871     6.73395
  7.97200     7.74468     7.71499     7.64030     7.55725     7.41178     7.03804     6.73360
  7.97200     7.74484     7.71508     7.64041     7.55741     7.41187     7.03862     6.73364
  7.97200     7.74497     7.71487     7.64056     7.55769     7.41206     7.03863     6.73392
  7.97200     7.74522     7.71534     7.64132     7.55856     7.41292     7.03812     6.73494
  7.97200     7.74537     7.71547     7.64201     7.55882     7.41272     7.03737     6.73553
  7.97200     7.74547     7.71549     7.64195     7.55889     7.41271     7.03713     6.73583
  7.97200     7.74627     7.71575     7.64207     7.55937     7.41330     7.03700     6.73647
  7.97200     7.74633     7.71600     7.64220     7.55955     7.41375     7.03718     6.73719
  7.97200     7.74654     7.71639     7.64265     7.56006     7.41423     7.03707     6.73797
  7.97200     7.74662     7.71648     7.64315     7.56046     7.41464     7.03789     6.73859
  7.97200     7.74689     7.71688     7.64371     7.56129     7.41558     7.03872     6.74004
  7.97200     7.74753     7.71774     7.64450     7.56235     7.41670     7.03923     6.74151
  7.97200     7.74795     7.71822     7.64510     7.56324     7.41735     7.04000     6.74292
  7.97200     7.74738     7.71742     7.64472     7.56311     7.41729     7.04011     6.74309
  7.97200     7.74803     7.71788     7.64537     7.56420     7.41897     7.04075     6.74475
  7.97200     7.74874     7.71806     7.64594     7.56503     7.42000     7.04208     6.74617
  7.97200     7.74887     7.71851     7.64656     7.56623     7.42093     7.04300     6.74749
  7.97200     7.74940     7.71899     7.64755     7.56752     7.42220     7.04425     6.74896
  7.97200     7.74982     7.71944     7.64831     7.56840     7.42333     7.04542     6.75055
  7.97200     7.75024     7.72022     7.64903     7.56982     7.42442     7.04620     6.75162
  7.97200     7.75082     7.72107     7.65005     7.57098     7.42576     7.04793     6.75293
  7.97200     7.75173     7.72198     7.65097     7.57248     7.42715     7.04957     6.75451
  7.97200     7.75213     7.72231     7.65175     7.57365     7.42837     7.05070     6.75567
  7.97200     7.75240     7.72290     7.65276     7.57462     7.42945     7.05119     6.75661
  7.97200     7.75274     7.72337     7.65352     7.57547     7.43028     7.05261     6.75776
  7.97200     7.75326     7.72497     7.65421     7.57654     7.43140     7.05431     6.75883
  7.97200     7.75358     7.72563     7.65470     7.57727     7.43219     7.05455     6.75964
  7.97200     7.75386     7.72599     7.65529     7.57800     7.43312     7.05573     6.76046
  7.97200     7.75371     7.72601     7.65562     7.57860     7.43355     7.05574     6.76104
  7.97200     7.75391     7.72620     7.65620     7.58030     7.43402     7.05598     6.76175
  7.97200     7.75418     7.72691     7.65697     7.58094     7.43478     7.05612     6.76298
  7.97200     7.75451     7.72730     7.65740     7.58152     7.43528     7.05689     6.76388
  7.97200     7.75500     7.72792     7.65775     7.58334     7.43579     7.05757     6.76457
  7.97200     7.75407     7.72695     7.65662     7.58273     7.43529     7.05676     6.76398
  7.97200     7.75372     7.72707     7.65652     7.58360     7.43532     7.05665     6.76406
  7.97200     7.75363     7.72715     7.65645     7.58411     7.43551     7.05697     6.76454
  7.97200     7.75351     7.72705     7.65641     7.58427     7.43582     7.05692     6.76489
  7.97200     7.75278     7.72726     7.65660     7.58452     7.43603     7.05723     6.76530
  7.97200     7.75266     7.72741     7.65671     7.58444     7.43603     7.05736     6.76540
  7.97200     7.75257     7.72761     7.65691     7.58348     7.43603     7.05731     6.76561
  7.97200     7.75297     7.72795     7.65694     7.58375     7.43611     7.05780     6.76564
  7.97200     7.75314     7.72814     7.65689     7.58375     7.43611     7.05779     6.76586
  7.97200     7.75336     7.72803     7.65665     7.58368     7.43595     7.05737     6.76569
  7.97200     7.75206     7.72686     7.65556     7.58263     7.43481     7.05650     6.76436
  7.97200     7.75172     7.72677     7.65527     7.58148     7.43456     7.05617     6.76432
  7.97200     7.75119     7.72634     7.65470     7.58101     7.43383     7.05538     6.76374
  7.97200     7.75093     7.72605     7.65421     7.58075     7.43341     7.05483     6.76292
  7.97200     7.74948     7.72558     7.65352     7.58072     7.43274     7.05418     6.76180
  7.97200     7.74906     7.72525     7.65312     7.58049     7.43235     7.05390     6.76104
  7.97200     7.74866     7.72501     7.65274     7.58040     7.43180     7.05339     6.76004
  7.97200     7.74837     7.72493     7.65238     7.58004     7.43132     7.05288     6.75899
  7.97200     7.74841     7.72514     7.65195     7.57995     7.43073     7.05242     6.75797
  7.97200     7.74822     7.72486     7.65139     7.57940     7.42982     7.05098     6.75707
  7.97200     7.74794     7.72467     7.65081     7.57854     7.42902     7.04891     6.75557
  7.97200     7.74683     7.72400     7.64998     7.57802     7.42772     7.04776     6.75412
  7.97200     7.74612     7.72307     7.64890     7.57688     7.42629     7.04673     6.75232
  7.97200     7.74523     7.72214     7.64773     7.57575     7.42494     7.04466     6.75071
  7.97200     7.74439     7.72128     7.64659     7.57461     7.42331     7.04259     6.74852
  7.97200     7.74320     7.72015     7.64526     7.57327     7.42170     7.04004     6.74630
  7.97200     7.74224     7.71915     7.64402     7.57227     7.42013     7.03855     6.74410
  7.97200     7.74164     7.71862     7.64298     7.57112     7.41865     7.03646     6.74239
  7.97200     7.74164     7.71830     7.64254     7.57021     7.41784     7.03485     6.74083
  7.97200     7.74115     7.71733     7.64180     7.56921     7.41616     7.03336     6.73937
  7.97200     7.74033     7.71636     7.64112     7.56796     7.41456     7.03140     6.73763
  7.97200     7.73897     7.71546     7.63995     7.56663     7.41289     7.02927     6.73577
  7.97200     7.73835     7.71429     7.63890     7.56555     7.41143     7.02703     6.73390
  7.97200     7.73739     7.71326     7.63805     7.56432     7.40980     7.02544     6.73209
  7.97200     7.73661     7.71233     7.63698     7.56324     7.40844     7.02377     6.73018
  7.97200     7.73619     7.71145     7.63643     7.56116     7.40759     7.02151     6.72884
  7.97200     7.73607     7.71068     7.63606     7.56039     7.40713     7.01962     6.72790
  7.97200     7.73592     7.71036     7.63556     7.55981     7.40643     7.01866     6.72714
  7.97200     7.73606     7.71013     7.63536     7.55945     7.40589     7.01726     6.72714
  7.97200     7.73637     7.71020     7.63556     7.55908     7.40575     7.01642     6.72762
  7.97200     7.73624     7.71011     7.63575     7.55895     7.40535     7.01587     6.72764
  7.97200     7.73600     7.70993     7.63564     7.55870     7.40514     7.01584     6.72765
  7.97200     7.73622     7.70994     7.63569     7.55942     7.40526     7.01558     6.72819
  7.97200     7.73631     7.71053     7.63569     7.55941     7.40551     7.01547     6.72796
  7.97200     7.73656     7.71067     7.63618     7.56011     7.40605     7.01608     6.72690
  7.97200     7.73723     7.71112     7.63677     7.56092     7.40701     7.01716     6.72753
  7.97200     7.73735     7.71137     7.63719     7.56141     7.40740     7.01761     6.72892
  7.97200     7.73801     7.71211     7.63799     7.56236     7.40858     7.01876     6.73065
  7.97200     7.73875     7.71288     7.63907     7.56351     7.40973     7.02003     6.73196
  7.97200     7.73972     7.71383     7.63999     7.56456     7.41085     7.02132     6.73179
  7.97200     7.74050     7.71470     7.64094     7.56555     7.41112     7.02221     6.73316
  7.97200     7.74077     7.71524     7.64155     7.56644     7.41206     7.02582     6.73441
  7.97200     7.74050     7.71561     7.64169     7.56708     7.41243     7.02655     6.73510
  7.97200     7.74067     7.71638     7.64179     7.56774     7.41284     7.02777     6.73596
  7.97200     7.74113     7.71691     7.64233     7.56847     7.41367     7.02868     6.73702
  7.97200     7.74155     7.71747     7.64292     7.56926     7.41435     7.02925     6.73762
  7.97200     7.74186     7.71812     7.64339     7.56986     7.41489     7.03029     6.73801
  7.97200     7.74222     7.71883     7.64365     7.57054     7.41536     7.03127     6.73893
  7.97200     7.74232     7.71923     7.64365     7.57074     7.41569     7.03175     6.73903
  7.97200     7.74247     7.71918     7.64346     7.57072     7.41546     7.03193     6.73863
  7.97200     7.74253     7.71928     7.64319     7.57059     7.41547     7.03217     6.73847
  7.97200     7.74242     7.71895     7.64283     7.57042     7.41512     7.03153     6.73840
  7.97200     7.74201     7.71879     7.64254     7.57005     7.41480     7.03089     6.73804
  7.97200     7.74153     7.71851     7.64214     7.56970     7.41417     7.03026     6.73794
  7.97200     7.74163     7.71847     7.64207     7.56955     7.41377     7.03073     6.73780
  7.97200     7.74144     7.71833     7.64180     7.56943     7.41355     7.03018     6.73791
  7.97200     7.74126     7.71823     7.64160     7.56915     7.41343     7.02956     6.73774
  7.97200     7.74128     7.71790     7.64155     7.56899     7.41328     7.02909     6.73784
  7.97200     7.74180     7.71795     7.64158     7.56885     7.41353     7.02904     6.73835
  7.97200     7.74172     7.71779     7.64169     7.56858     7.41350     7.02972     6.73871
  7.97200     7.74183     7.71742     7.64155     7.56821     7.41350     7.02966     6.73887
  7.97200     7.74163     7.71725     7.64143     7.56804     7.41355     7.02969     6.73921
  7.97200     7.74160     7.71743     7.64155     7.56817     7.41365     7.03026     6.74008
  7.97200     7.74144     7.71704     7.64178     7.56809     7.41365     7.03126     6.74082
  7.97200     7.74187     7.71700     7.64210     7.56853     7.41427     7.03092     6.74206
  7.97200     7.74199     7.71746     7.64292     7.56899     7.41503     7.03106     6.74321
  7.97200     7.74248     7.71886     7.64369     7.56979     7.41601     7.03254     6.74489
  7.97200     7.74315     7.71938     7.64466     7.57063     7.41732     7.03392     6.74662
  7.97200     7.74360     7.71990     7.64540     7.57159     7.41839     7.03486     6.74829
  7.97200     7.74313     7.72052     7.64625     7.57256     7.41950     7.03623     6.74974
  7.97200     7.74374     7.72087     7.64699     7.57345     7.42077     7.03811     6.75115
  7.97200     7.74411     7.72128     7.64779     7.57427     7.42221     7.03961     6.75293
  7.97200     7.74465     7.72172     7.64876     7.57536     7.42357     7.04079     6.75500
  7.97200     7.74527     7.72238     7.65001     7.57658     7.42473     7.04336     6.75619
  7.97200     7.74578     7.72286     7.65022     7.57784     7.42638     7.04545     6.75844
  7.97200     7.74666     7.72396     7.65144     7.57911     7.42796     7.04680     6.76016
  7.97200     7.74747     7.72482     7.65272     7.58044     7.42937     7.04853     6.76190
  7.97200     7.74860     7.72586     7.65399     7.58196     7.43091     7.05069     6.76417
  7.97200     7.74938     7.72680     7.65505     7.58305     7.43236     7.05276     6.76565
  7.97200     7.75005     7.72776     7.65612     7.58421     7.43367     7.05445     6.76728
  7.97200     7.75057     7.72847     7.65691     7.58552     7.43494     7.05627     6.76882
  7.97200     7.75159     7.72990     7.65828     7.58722     7.43669     7.05899     6.77065
  7.97200     7.75199     7.73057     7.65918     7.58794     7.43771     7.06035     6.77186
  7.97200     7.75367     7.73121     7.65978     7.58893     7.43867     7.06155     6.77445
  7.97200     7.75412     7.73195     7.66052     7.58998     7.43951     7.06302     6.77514
  7.97200     7.75482     7.73280     7.66131     7.59081     7.44048     7.06413     6.77637
  7.97200     7.75529     7.73283     7.66184     7.59134     7.44119     7.06522     6.77690
  7.97200     7.75632     7.73341     7.66211     7.59188     7.44163     7.06656     6.77698
  7.97200     7.75673     7.73392     7.66250     7.59262     7.44200     7.06726     6.77738
  7.97200     7.75700     7.73417     7.66264     7.59287     7.44215     7.06791     6.77785
  7.97200     7.75705     7.73437     7.66290     7.59286     7.44237     7.06853     6.77808
  7.97200     7.75644     7.73387     7.66233     7.59235     7.44175     7.06738     6.77740
  7.97200     7.75643     7.73385     7.66211     7.59230     7.44138     7.06716     6.77673
  7.97200     7.75690     7.73374     7.66187     7.59220     7.44102     7.06763     6.77643
  7.97200     7.75694     7.73367     7.66174     7.59175     7.44054     7.06747     6.77559
  7.97200     7.75673     7.73331     7.66117     7.59133     7.43976     7.06638     6.77425
  7.97200     7.75668     7.73389     7.66087     7.59106     7.43926     7.06560     6.77344
  7.97200     7.75685     7.73358     7.66031     7.59021     7.43963     7.06538     6.77238
  7.97200     7.75676     7.73362     7.66012     7.58970     7.43893     7.06477     6.77155
  7.97200     7.75660     7.73342     7.65981     7.58923     7.43833     7.06441     6.77057
  7.97200     7.75630     7.73314     7.65936     7.58863     7.43745     7.06356     6.76971
  7.97200     7.75607     7.73258     7.65909     7.58822     7.43692     7.06285     6.76904
  7.97200     7.75607     7.73235     7.65869     7.58767     7.43645     7.06165     6.76827
  7.97200     7.75597     7.73184     7.65844     7.58700     7.43587     7.06099     6.76707
  7.97200     7.75656     7.73153     7.65834     7.58666     7.43552     7.06034     6.76691
  7.97200     7.75642     7.73132     7.65837     7.58628     7.43527     7.06009     6.76611
  7.97200     7.75645     7.73123     7.65835     7.58592     7.43485     7.05996     6.76579
  7.97200     7.75671     7.73131     7.65832     7.58575     7.43525     7.05957     6.76546
  7.97200     7.75672     7.73126     7.65836     7.58570     7.43517     7.05999     6.76552
  7.97200     7.75675     7.73120     7.65848     7.58553     7.43504     7.05964     6.76567
  7.97200     7.75701     7.73120     7.65843     7.58555     7.43510     7.05983     6.76566
  7.97200     7.75740     7.73134     7.65866     7.58578     7.43539     7.06007     6.76574
  7.97200     7.75740     7.73106     7.65867     7.58582     7.43508     7.05995     6.76609
  7.97200     7.75735     7.73123     7.65851     7.58606     7.43525     7.06013     6.76620
  7.97200     7.75759     7.73133     7.65868     7.58633     7.43541     7.06084     6.76641
  7.97200     7.75796     7.73128     7.65884     7.58651     7.43551     7.06086     6.76648
  7.97200     7.75781     7.73091     7.65864     7.58637     7.43546     7.06094     6.76644
  7.97200     7.75807     7.73122     7.65880     7.58753     7.43598     7.06163     6.76706
  7.97200     7.75841     7.73127     7.65892     7.58768     7.43614     7.06261     6.76730
  7.97200     7.75831     7.73147     7.65888     7.58773     7.43623     7.06310     6.76769
  7.97200     7.75840     7.73149     7.65901     7.58772     7.43651     7.06388     6.76816
  7.97200     7.75874     7.73189     7.65915     7.58796     7.43669     7.06405     6.76823
  7.97200     7.75863     7.73178     7.65901     7.58803     7.43660     7.06412     6.76800
  7.97200     7.75865     7.73165     7.65882     7.58795     7.43662     7.06413     6.76827
  7.97200     7.75872     7.73158     7.65891     7.58773     7.43686     7.06525     6.76836
  7.97200     7.75877     7.73174     7.65900     7.58799     7.43686     7.06632     6.76871
  7.97200     7.75877     7.73170     7.65901     7.58813     7.43713     7.06647     6.76871
  7.97200     7.75876     7.73170     7.65906     7.58922     7.43726     7.06685     6.76878
  7.97200     7.75879     7.73169     7.65896     7.58936     7.43770     7.06753     6.76888
  7.97200     7.75875     7.73162     7.65846     7.58763     7.43741     7.06721     6.76845
  7.97200     7.75847     7.73142     7.65806     7.58752     7.43707     7.06747     6.76802
  7.97200     7.75864     7.73126     7.65781     7.58721     7.43677     7.06771     6.76817
  7.97200     7.75853     7.73142     7.65763     7.58709     7.43658     7.06759     6.76792
  7.97200     7.75840     7.73138     7.65723     7.58708     7.43634     7.06784     6.76735
  7.97200     7.75837     7.73111     7.65700     7.58702     7.43615     7.06760     6.76729
  7.97200     7.75834     7.73072     7.65668     7.58666     7.43583     7.06741     6.76710
  7.97200     7.75820     7.73074     7.65677     7.58658     7.43574     7.06795     6.76709
  7.97200     7.75796     7.73059     7.65652     7.58746     7.43557     7.06896     6.76695
  7.97200     7.75795     7.73087     7.65656     7.58715     7.43444     7.06893     6.76734
  7.97200     7.75802     7.73095     7.65657     7.58686     7.43456     7.06916     6.76765
  7.97200     7.75792     7.73084     7.65640     7.58685     7.43451     7.06948     6.76780
  7.97200     7.75797     7.73070     7.65642     7.58717     7.43472     7.06999     6.76778
  7.97200     7.75815     7.73064     7.65638     7.58710     7.43502     7.07036     6.76841
  7.97200     7.75842     7.73069     7.65668     7.58697     7.43542     7.07043     6.76873
  7.97200     7.75860     7.73106     7.65697     7.58764     7.43562     7.07145     6.76934
  7.97200     7.75856     7.73099     7.65710     7.58791     7.43594     7.07227     6.76934
  7.97200     7.75882     7.73110     7.65717     7.58812     7.43642     7.07270     6.76954
  7.97200     7.75909     7.73133     7.65752     7.58869     7.43673     7.07313     6.77000
  7.97200     7.75920     7.73140     7.65752     7.59039     7.43677     7.07424     6.77006
  7.97200     7.75918     7.73135     7.65759     7.59042     7.43689     7.07601     6.77013
  7.97200     7.75956     7.73152     7.65788     7.59061     7.43716     7.07657     6.77024
  7.97200     7.75956     7.73158     7.65811     7.59065     7.43740     7.07619     6.77000
  7.97200     7.76002     7.73211     7.65847     7.59126     7.43626     7.07656     6.77030
  7.97200     7.76026     7.73211     7.65862     7.59163     7.43658     7.07673     6.77061
  7.97200     7.76048     7.73193     7.65881     7.59147     7.43669     7.07710     6.77036
  7.97200     7.76074     7.73196     7.65908     7.59199     7.43677     7.07782     6.77023
  7.97200     7.76087     7.73195     7.65896     7.59185     7.43679     7.07823     6.76992
  7.97200     7.76108     7.73233     7.65889     7.59213     7.43681     7.07910     6.76948
  7.97200     7.76087     7.73237     7.65869     7.59193     7.43680     7.07919     6.76876
  7.97200     7.76061     7.73247     7.65833     7.59172     7.43565     7.07901     6.76825
  7.97200     7.76038     7.73210     7.65794     7.59130     7.43492     7.07907     6.76700
  7.97200     7.76011     7.73167     7.65762     7.59075     7.43442     7.07864     6.76621
  7.97200     7.75972     7.73088     7.65715     7.58993     7.43296     7.07835     6.76543
  7.97200     7.75883     7.72986     7.65586     7.58886     7.43161     7.07732     6.76379
  7.97200     7.75855     7.72927     7.65516     7.58827     7.43082     7.07649     6.76237
  7.97200     7.75832     7.72867     7.65446     7.58582     7.43008     7.07594     6.76121
  7.97200     7.75799     7.72823     7.65397     7.58508     7.42945     7.07563     6.75998
  7.97200     7.75751     7.72783     7.65329     7.58446     7.42832     7.07529     6.75839
  7.97200     7.75698     7.72700     7.65253     7.58354     7.42730     7.07429     6.75699
  7.97200     7.75654     7.72636     7.65175     7.58263     7.42630     7.07368     6.75580
  7.97200     7.75588     7.72582     7.65098     7.58172     7.42530     7.07276     6.75427
  7.97200     7.75561     7.72568     7.65047     7.58109     7.42457     7.07197     6.75248
  7.97200     7.75530     7.72486     7.64989     7.58031     7.42352     7.07113     6.75091
  7.97200     7.75324     7.72271     7.64740     7.57768     7.42082     7.06888     6.74762
  7.97200     7.75259     7.72202     7.64653     7.57652     7.41975     7.06805     6.74577
  7.97200     7.75234     7.72133     7.64569     7.57587     7.41874     7.06705     6.74420
  7.97200     7.75181     7.72058     7.64501     7.57474     7.41771     7.06529     6.74296
  7.97200     7.75155     7.72018     7.64426     7.57376     7.41683     7.06371     6.74143
  7.97200     7.75128     7.71975     7.64339     7.57294     7.41591     7.06258     6.74003
  7.97200     7.75073     7.71891     7.64256     7.57199     7.41466     7.06205     6.73839
  7.97200     7.75020     7.71835     7.64196     7.57095     7.41359     7.06144     6.73722
  7.97200     7.74970     7.71755     7.64149     7.56990     7.41267     7.06001     6.73563
  7.97200     7.74926     7.71684     7.64157     7.56916     7.41196     7.05947     6.73428
  7.97200     7.74866     7.71594     7.64072     7.56816     7.41090     7.05842     6.73255
  7.97200     7.74847     7.71564     7.63996     7.56736     7.41008     7.05820     6.73137
  7.97200     7.74832     7.71516     7.63948     7.56678     7.40954     7.05739     6.73057
  7.97200     7.74908     7.71600     7.64030     7.56739     7.40995     7.05772     6.73021
  7.97200     7.74862     7.71526     7.63987     7.56659     7.40900     7.05692     6.72904
  7.97200     7.74854     7.71496     7.63937     7.56567     7.40836     7.05641     6.72792
  7.97200     7.74814     7.71442     7.63882     7.56467     7.40762     7.05537     6.72645
  7.97200     7.74768     7.71386     7.63808     7.56383     7.40653     7.05444     6.72499
  7.97200     7.74683     7.71292     7.63698     7.56269     7.40520     7.05371     6.72339
  7.97200     7.74639     7.71227     7.63619     7.56168     7.40406     7.05314     6.72165
  7.97200     7.74560     7.71134     7.63530     7.56073     7.40315     7.05185     6.72016
  7.97200     7.74528     7.71052     7.63435     7.55981     7.40223     7.05181     6.71868
  7.97200     7.74516     7.70989     7.63402     7.55911     7.40127     7.05118     6.71753
  7.97200     7.74523     7.70986     7.63371     7.55844     7.40080     7.05044     6.71664
  7.97200     7.74487     7.70974     7.63308     7.55764     7.40008     7.05027     6.71571
  7.97200     7.74452     7.70921     7.63229     7.55698     7.39924     7.05003     6.71450
  7.97200     7.74405     7.70964     7.63162     7.55619     7.39825     7.04927     6.71322
  7.97200     7.74385     7.70905     7.63113     7.55528     7.39757     7.04833     6.71199
  7.97200     7.74379     7.70836     7.63087     7.55466     7.39700     7.04802     6.71100
  7.97200     7.74348     7.70765     7.63025     7.55395     7.39622     7.04732     6.70973
  7.97200     7.74317     7.70732     7.62954     7.55323     7.39548     7.04744     6.70906
  7.97200     7.74281     7.70694     7.62963     7.55261     7.39494     7.04684     6.70871
  7.97200     7.74261     7.70670     7.62926     7.55233     7.39427     7.04695     6.70801
  7.97200     7.74223     7.70621     7.62873     7.55172     7.39211     7.04752     6.70710
  7.97200     7.74244     7.70630     7.62967     7.55151     7.39200     7.04674     6.70681
  7.97200     7.74239     7.70622     7.62976     7.55144     7.39197     7.04595     6.70650
  7.97200     7.74259     7.70614     7.62969     7.55142     7.39210     7.04682     6.70574
  7.97200     7.74251     7.70599     7.62934     7.55113     7.39172     7.04687     6.70541
  7.97200     7.74229     7.70588     7.62894     7.55063     7.39128     7.04694     6.70431
  7.97200     7.74185     7.70556     7.62881     7.55025     7.39096     7.04744     6.70388
  7.97200     7.74187     7.70552     7.62860     7.55012     7.39065     7.04792     6.70323
  7.97200     7.74198     7.70527     7.62875     7.54986     7.39051     7.04780     6.70282
  7.97200     7.74221     7.70518     7.62867     7.54957     7.39053     7.04810     6.70220
  7.97200     7.74252     7.70514     7.62873     7.54945     7.39046     7.04793     6.70236
  7.97200     7.74260     7.70501     7.62854     7.54904     7.39014     7.04789     6.70171
  7.97200     7.74239     7.70503     7.62812     7.54876     7.38968     7.04792     6.70132
  7.97200     7.74235     7.70541     7.62813     7.54864     7.38973     7.04804     6.70096
  7.97200     7.74262     7.70527     7.62850     7.54871     7.39000     7.04840     6.70119
  7.97200     7.74276     7.70505     7.62865     7.54869     7.39017     7.04887     6.70130
  7.97200     7.74269     7.70497     7.62847     7.54852     7.39040     7.04930     6.70139
  7.97200     7.74168     7.70424     7.62759     7.54775     7.38973     7.04882     6.70123
  7.97200     7.74163     7.70420     7.62738     7.54776     7.38963     7.04922     6.70134
  7.97200     7.74153     7.70416     7.62717     7.54781     7.38977     7.05009     6.70149
  7.97200     7.74182     7.70428     7.62745     7.54795     7.39036     7.05083     6.70203
  7.97200     7.74207     7.70423     7.62795     7.54811     7.39076     7.05107     6.70275
  7.97200     7.74239     7.70472     7.62822     7.54856     7.39116     7.05174     6.70363
  7.97200     7.74220     7.70467     7.62837     7.54845     7.39140     7.05279     6.70449
  7.97200     7.74253     7.70514     7.62879     7.54884     7.39140     7.05452     6.70561
  7.97200     7.74245     7.70514     7.62899     7.54923     7.39194     7.05486     6.70667
  7.97200     7.74263     7.70535     7.62924     7.54969     7.39241     7.05631     6.70786
  7.97200     7.74272     7.70505     7.62979     7.54988     7.39281     7.05852     6.70874
  7.97200     7.74344     7.70587     7.63062     7.55066     7.39430     7.06026     6.71050
  7.97200     7.74399     7.70638     7.63135     7.55139     7.39520     7.06122     6.71187
  7.97200     7.74493     7.70680     7.63177     7.55191     7.39587     7.06294     6.71257
  7.97200     7.74543     7.70755     7.63228     7.55241     7.39672     7.06434     6.71345
  7.97200     7.74577     7.70823     7.63272     7.55292     7.39736     7.06541     6.71457
  7.97200     7.74476     7.70688     7.63193     7.55205     7.39658     7.06545     6.71457
  7.97200     7.74512     7.70684     7.63247     7.55241     7.39702     7.06722     6.71536
  7.97200     7.74566     7.70726     7.63310     7.55292     7.39790     7.06833     6.71630
  7.97200     7.74614     7.70757     7.63330     7.55321     7.39834     7.06934     6.71691
  7.97200     7.74624     7.70765     7.63333     7.55342     7.39836     7.06952     6.71696
  7.97200     7.74629     7.70778     7.63315     7.55349     7.39829     7.07034     6.71739
  7.97200     7.74647     7.70817     7.63349     7.55342     7.39848     7.07176     6.71756
  7.97200     7.74685     7.70836     7.63374     7.55377     7.39884     7.07228     6.71805
  7.97200     7.74714     7.70851     7.63393     7.55415     7.39920     7.07315     6.71828
  7.97200     7.74728     7.70847     7.63409     7.55409     7.40094     7.07448     6.71845
  7.97200     7.74795     7.70911     7.63465     7.55439     7.40179     7.07565     6.71891
  7.97200     7.74800     7.70899     7.63468     7.55460     7.40220     7.07629     6.71957
  7.97200     7.74804     7.70917     7.63479     7.55443     7.40237     7.07688     6.71965
  7.97200     7.74832     7.70920     7.63504     7.55542     7.40301     7.07812     6.71995
  7.97200     7.74856     7.70942     7.63536     7.55556     7.40358     7.07912     6.72024
  7.97200     7.74875     7.70934     7.63585     7.55588     7.40405     7.07974     6.72101
  7.97200     7.74917     7.70973     7.63639     7.55652     7.40539     7.08040     6.72155
  7.97200     7.74934     7.71014     7.63702     7.55695     7.40607     7.08112     6.72245
  7.97200     7.75078     7.71036     7.63742     7.55715     7.40669     7.08218     6.72326
  7.97200     7.75084     7.71026     7.63765     7.55754     7.40678     7.08224     6.72382
  7.97200     7.75117     7.71056     7.63792     7.55804     7.40738     7.08349     6.72430
  7.97200     7.75151     7.71088     7.63851     7.55842     7.40821     7.08571     6.72517
  7.97200     7.75206     7.71136     7.63903     7.55871     7.40908     7.08661     6.72592
  7.97200     7.75240     7.71161     7.63936     7.55857     7.40952     7.08707     6.72630
  7.97200     7.75279     7.71214     7.63982     7.55901     7.41015     7.08862     6.72641
  7.97200     7.75312     7.71266     7.64042     7.55933     7.41091     7.09013     6.72697
  7.97200     7.75357     7.71297     7.64145     7.55978     7.41175     7.09091     6.72777
  7.97200     7.75415     7.71365     7.64215     7.56046     7.41251     7.09225     6.72812
  7.97200     7.75428     7.71390     7.64270     7.56065     7.41292     7.09319     6.72852
  7.97200     7.75470     7.71423     7.64327     7.56083     7.41349     7.09413     6.72866
  7.97200     7.75487     7.71405     7.64350     7.56099     7.41369     7.09452     6.72870
  7.97200     7.75512     7.71416     7.64375     7.56133     7.41366     7.09531     6.72860
  7.97200     7.75535     7.71416     7.64381     7.56283     7.41375     7.09600     6.72848
  7.97200     7.75531     7.71421     7.64365     7.56271     7.41385     7.09622     6.72787
  7.97200     7.75520     7.71388     7.64339     7.56243     7.41353     7.09574     6.72749
  7.97200     7.75542     7.71408     7.64347     7.56250     7.41348     7.09617     6.72723
  7.97200     7.75518     7.71397     7.64362     7.56212     7.41323     7.09656     6.72658
  7.97200     7.75493     7.71374     7.64332     7.56147     7.41254     7.09662     6.72579
  7.97200     7.75472     7.71320     7.64281     7.56101     7.41170     7.09638     6.72490
  7.97200     7.75456     7.71291     7.64224     7.56031     7.41105     7.09607     6.72363
  7.97200     7.75434     7.71261     7.64180     7.55949     7.41040     7.09606     6.72274
  7.97200     7.75427     7.71220     7.64105     7.55871     7.40956     7.09589     6.72196
  7.97200     7.75382     7.71165     7.64037     7.55724     7.40837     7.09535     6.72053
  7.97200     7.75350     7.71119     7.63961     7.55597     7.40720     7.09398     6.71883
  7.97200     7.75298     7.71065     7.63883     7.55482     7.40612     7.09355     6.71767
  7.97200     7.75250     7.70972     7.63772     7.55367     7.40471     7.09230     6.71641
  7.97200     7.75189     7.70881     7.63688     7.55258     7.40173     7.09121     6.71496
  7.97200     7.75113     7.70808     7.63604     7.55132     7.40060     7.09053     6.71376
  7.97200     7.75066     7.70723     7.63509     7.55028     7.39924     7.08967     6.71195
  7.97200     7.75000     7.70649     7.63399     7.54913     7.39772     7.08837     6.71032
  7.97200     7.74939     7.70567     7.63301     7.54795     7.39635     7.08734     6.70860
  7.97200     7.74873     7.70483     7.63213     7.54676     7.39515     7.08599     6.70723
  7.97200     7.74794     7.70396     7.63102     7.54540     7.39382     7.08571     6.70566
  7.97200     7.74715     7.70299     7.62998     7.54425     7.39267     7.08503     6.70473
  7.97200     7.74657     7.70251     7.62930     7.54356     7.39178     7.08410     6.70386
  7.97200     7.74600     7.70168     7.62880     7.54260     7.39092     7.08327     6.70286
  7.97200     7.74554     7.70092     7.62806     7.54167     7.39055     7.08238     6.70224
  7.97200     7.74493     7.69988     7.62714     7.54084     7.38959     7.08127     6.70146
  7.97200     7.74493     7.69969     7.62662     7.54016     7.38916     7.08081     6.70077
  7.97200     7.74478     7.69975     7.62646     7.53962     7.38884     7.08126     6.70070
  7.97200     7.74469     7.69957     7.62599     7.53926     7.38861     7.08178     6.70078
  7.97200     7.74446     7.69926     7.62577     7.53896     7.38823     7.08128     6.70077
  7.97200     7.74476     7.69952     7.62597     7.53905     7.38867     7.08157     6.70129
  7.97200     7.74439     7.69922     7.62575     7.53882     7.38863     7.08203     6.70166
  7.97200     7.74416     7.69898     7.62550     7.53881     7.38959     7.08229     6.70202
  7.97200     7.74418     7.69938     7.62553     7.53929     7.39005     7.08369     6.70288
  7.97200     7.74462     7.69983     7.62607     7.53945     7.39061     7.08512     6.70401
  7.97200     7.74500     7.69985     7.62654     7.53974     7.39130     7.08625     6.70500
  7.97200     7.74474     7.69997     7.62681     7.54037     7.39181     7.08744     6.70567
  7.97200     7.74503     7.70038     7.62753     7.54088     7.39273     7.08904     6.70662
  7.97200     7.74558     7.70071     7.62822     7.54145     7.39359     7.08982     6.70810
  7.97200     7.74637     7.70147     7.62908     7.54226     7.39482     7.09140     6.70965
  7.97200     7.74678     7.70191     7.62977     7.54308     7.39584     7.09254     6.71128
  7.97200     7.74753     7.70271     7.63070     7.54432     7.39736     7.09354     6.71293
  7.97200     7.74800     7.70318     7.63157     7.54503     7.39855     7.09449     6.71386
  7.97200     7.74842     7.70376     7.63239     7.54588     7.39958     7.09663     6.71553
  7.97200     7.74888     7.70423     7.63387     7.54679     7.40056     7.09878     6.71682
  7.97200     7.74964     7.70507     7.63559     7.54790     7.40175     7.10140     6.71810
  7.97200     7.75172     7.70561     7.63656     7.54882     7.40265     7.10350     6.71975
  7.97200     7.75254     7.70625     7.63717     7.54972     7.40365     7.10493     6.72109
  7.97200     7.75346     7.70694     7.63836     7.55083     7.40487     7.10601     6.72256
  7.97200     7.75405     7.70767     7.63915     7.55153     7.40592     7.10808     6.72390
  7.97200     7.75435     7.70773     7.63976     7.55204     7.40646     7.10953     6.72475
  7.97200     7.75491     7.70820     7.64025     7.55246     7.40727     7.11110     6.72580
  7.97200     7.75542     7.70906     7.64076     7.55329     7.40809     7.11295     6.72686
  7.97200     7.75601     7.70928     7.64145     7.55399     7.40890     7.11444     6.72781
  7.97200     7.75653     7.70946     7.64247     7.55448     7.40972     7.11638     6.72876
  7.97200     7.75682     7.70997     7.64127     7.55506     7.41028     7.11788     6.73008
  7.97200     7.75724     7.71062     7.64194     7.55573     7.41100     7.11953     6.73117
  7.97200     7.75763     7.71094     7.64237     7.55610     7.41162     7.12103     6.73184
  7.97200     7.75788     7.71113     7.64199     7.55640     7.41216     7.12244     6.73239
  7.97200     7.75839     7.71146     7.64255     7.55694     7.41257     7.12345     6.73345
  7.97200     7.75878     7.71187     7.64308     7.55740     7.41317     7.12406     6.73426
  7.97200     7.75915     7.71196     7.64341     7.55767     7.41382     7.12511     6.73503
  7.97200     7.75946     7.71227     7.64359     7.55803     7.41432     7.12619     6.73571
  7.97200     7.75973     7.71169     7.64391     7.55849     7.41489     7.12697     6.73660
  7.97200     7.76005     7.71171     7.64465     7.55887     7.41546     7.12822     6.73735
  7.97200     7.76030     7.71181     7.64523     7.55928     7.41594     7.12888     6.73801
  7.97200     7.76084     7.71267     7.64588     7.56009     7.41665     7.13009     6.73900
  7.97200     7.76120     7.71284     7.64623     7.56043     7.41734     7.13126     6.73913
  7.97200     7.76149     7.71332     7.64655     7.56085     7.41775     7.13228     6.73951
  7.97200     7.76159     7.71340     7.64774     7.56102     7.41788     7.13303     6.73956
  7.97200     7.76194     7.71411     7.64816     7.56149     7.41837     7.13352     6.74003
  7.97200     7.76222     7.71441     7.64839     7.56176     7.41880     7.13399     6.74048
  7.97200     7.76272     7.71488     7.64882     7.56218     7.41930     7.13376     6.74125
  7.97200     7.76309     7.71503     7.64911     7.56228     7.41966     7.13416     6.74144
  7.97200     7.76357     7.71590     7.64956     7.56256     7.42012     7.13562     6.74165
  7.97200     7.76371     7.71618     7.64992     7.56268     7.42033     7.13633     6.74172
  7.97200     7.76402     7.71669     7.65023     7.56285     7.42043     7.13698     6.74171
  7.97200     7.76389     7.71664     7.65017     7.56275     7.42042     7.13723     6.74139
  7.97200     7.76414     7.71691     7.65035     7.56287     7.42071     7.13748     6.74147
  7.97200     7.76442     7.71715     7.65065     7.56311     7.42085     7.13766     6.74162
  7.97200     7.76493     7.71733     7.65099     7.56320     7.42102     7.13765     6.74190
  7.97200     7.76506     7.71740     7.65094     7.56307     7.42101     7.13766     6.74186
  7.97200     7.76500     7.71738     7.65098     7.56306     7.42097     7.13795     6.74176
  7.97200     7.76527     7.71745     7.65111     7.56307     7.42087     7.13806     6.74187
  7.97200     7.76549     7.71644     7.65127     7.56294     7.42080     7.13843     6.74191
  7.97200     7.76466     7.71547     7.65024     7.56198     7.41982     7.13716     6.74107
  7.97200     7.76480     7.71530     7.65047     7.56216     7.41982     7.13812     6.74096
  7.97200     7.76467     7.71514     7.65018     7.56152     7.41964     7.13790     6.74085
  7.97200     7.76459     7.71496     7.64996     7.56113     7.41932     7.13829     6.74056
  7.97200     7.76384     7.71434     7.64914     7.56030     7.41844     7.13841     6.74000
  7.97200     7.76380     7.71415     7.64899     7.56006     7.41822     7.13846     6.73971
  7.97200     7.76381     7.71413     7.64862     7.55972     7.41769     7.13830     6.73957
  7.97200     7.76374     7.71390     7.64820     7.55949     7.41725     7.13831     6.73941
  7.97200     7.76378     7.71399     7.64807     7.55927     7.41694     7.13832     6.73928
  7.97200     7.76372     7.71375     7.64760     7.55874     7.41628     7.13800     6.73888
  7.97200     7.76335     7.71330     7.64689     7.55806     7.41541     7.13757     6.73804
  7.97200     7.76296     7.71435     7.64616     7.55735     7.41461     7.13737     6.73714
  7.97200     7.76259     7.71400     7.64561     7.55615     7.41395     7.13689     6.73625
  7.97200     7.76212     7.71342     7.64501     7.55538     7.41310     7.13622     6.73537
  7.97200     7.76155     7.71269     7.64407     7.55446     7.41212     7.13536     6.73444
  7.97200     7.76104     7.71225     7.64332     7.55364     7.41126     7.13482     6.73377
  7.97200     7.76062     7.71175     7.64280     7.55295     7.41054     7.13416     6.73306
  7.97200     7.75996     7.71106     7.64199     7.55216     7.40948     7.13344     6.73194
  7.97200     7.75946     7.71053     7.64129     7.55125     7.40836     7.13280     6.73076
  7.97200     7.75881     7.70990     7.64036     7.55033     7.40721     7.13219     6.72973
  7.97200     7.75833     7.70916     7.63960     7.54931     7.40620     7.13129     6.72860
  7.97200     7.75765     7.70862     7.63884     7.54838     7.40521     7.13062     6.72756
  7.97200     7.75705     7.70782     7.63793     7.54708     7.40410     7.12956     6.72645
  7.97200     7.75653     7.70729     7.63716     7.54624     7.40327     7.12868     6.72581
  7.97200     7.75595     7.70660     7.63653     7.54529     7.40229     7.12754     6.72482
  7.97200     7.75517     7.70583     7.63563     7.54418     7.40121     7.12651     6.72394
  7.97200     7.75458     7.70490     7.63461     7.54321     7.40024     7.12556     6.72297
  7.97200     7.75428     7.70441     7.63384     7.54257     7.39961     7.12471     6.72231
  7.97200     7.75375     7.70354     7.63291     7.54134     7.39774     7.12450     6.72161
  7.97200     7.75345     7.70330     7.63230     7.54057     7.39681     7.12396     6.72111
  7.97200     7.75306     7.70262     7.63183     7.54002     7.39617     7.12384     6.72044
  7.97200     7.75273     7.70239     7.63142     7.53940     7.39577     7.12330     6.72038
  7.97200     7.75255     7.70187     7.63112     7.53888     7.39606     7.12308     6.71999
  7.97200     7.75240     7.70155     7.63065     7.53810     7.39573     7.12280     6.72010
  7.97200     7.75217     7.70125     7.63039     7.53761     7.39548     7.12244     6.72056
  7.97200     7.75214     7.70123     7.63047     7.53740     7.39556     7.12252     6.72066
  7.97200     7.75184     7.70091     7.63016     7.53707     7.39531     7.12259     6.72082
  7.97200     7.75155     7.70069     7.62997     7.53680     7.39519     7.12291     6.72095
  7.97200     7.75114     7.70034     7.62958     7.53620     7.39489     7.12272     6.72091
  7.97200     7.75133     7.70044     7.62974     7.53668     7.39506     7.12245     6.72129
  7.97200     7.75142     7.70054     7.63004     7.53657     7.39528     7.12337     6.72157
  7.97200     7.75150     7.70059     7.63026     7.53661     7.39543     7.12428     6.72144
  7.97200     7.75151     7.70080     7.63104     7.53672     7.39618     7.12364     6.72144
  7.97200     7.75177     7.70077     7.63139     7.53614     7.39645     7.12390     6.72153
  7.97200     7.75207     7.70100     7.63164     7.53619     7.39658     7.12504     6.72175
  7.97200     7.75240     7.70122     7.63199     7.53637     7.39686     7.12538     6.72163
  7.97200     7.75280     7.70150     7.63237     7.53659     7.39706     7.12611     6.72145
  7.97200     7.75303     7.70163     7.63264     7.53669     7.39723     7.12665     6.72099
  7.97200     7.75342     7.70205     7.63280     7.53631     7.39762     7.12672     6.72060
  7.97200     7.75382     7.70212     7.63314     7.53670     7.39779     7.12672     6.72044
  7.97200     7.75430     7.70265     7.63382     7.53808     7.39822     7.12683     6.72060
  7.97200     7.75460     7.70292     7.63426     7.53814     7.39837     7.12683     6.72032
  7.97200     7.75513     7.70339     7.63517     7.53852     7.39881     7.12709     6.72042
  7.97200     7.75535     7.70388     7.63559     7.53892     7.39935     7.12744     6.72058
  7.97200     7.75593     7.70447     7.63636     7.53970     7.39993     7.12767     6.72068
  7.97200     7.75661     7.70487     7.63709     7.54013     7.40037     7.12812     6.72108
  7.97200     7.75734     7.70557     7.63778     7.54058     7.40102     7.12877     6.72154
  7.97200     7.75768     7.70589     7.63808     7.54105     7.40145     7.12908     6.72176
  7.97200     7.75842     7.70652     7.63901     7.54174     7.40231     7.12964     6.72209
  7.97200     7.75914     7.70708     7.63986     7.54229     7.40306     7.13059     6.72260
  7.97200     7.75971     7.70769     7.64066     7.54353     7.40379     7.13144     6.72290
  7.97200     7.76031     7.70829     7.64141     7.54422     7.40456     7.13221     6.72358
  7.97200     7.76119     7.70906     7.64266     7.54499     7.40558     7.13276     6.72456
  7.97200     7.76227     7.71013     7.64375     7.54582     7.40662     7.13362     6.72580
  7.97200     7.76302     7.71086     7.64460     7.54554     7.40758     7.13502     6.72666
  7.97200     7.76386     7.71223     7.64569     7.54668     7.40856     7.13598     6.72761
  7.97200     7.76462     7.71302     7.64678     7.54758     7.40957     7.13686     6.72887
  7.97200     7.76534     7.71391     7.64764     7.54861     7.41061     7.13812     6.73023
  7.97200     7.76609     7.71469     7.64855     7.54961     7.41184     7.13931     6.73158
  7.97200     7.76685     7.71584     7.64962     7.55085     7.41305     7.13993     6.73305
  7.97200     7.76779     7.71681     7.65074     7.55219     7.41528     7.14151     6.73399
  7.97200     7.76871     7.71797     7.65161     7.55319     7.41651     7.14388     6.73536
  7.97200     7.76939     7.71866     7.65239     7.55421     7.41760     7.14470     6.73692
  7.97200     7.77007     7.71968     7.65370     7.55538     7.41875     7.14582     6.73803
  7.97200     7.77093     7.72049     7.65470     7.55640     7.41993     7.14796     6.73942
  7.97200     7.77182     7.72113     7.65563     7.55764     7.42126     7.14998     6.74092
  7.97200     7.77247     7.72164     7.65619     7.55864     7.42208     7.15120     6.74236
  7.97200     7.77313     7.72240     7.65700     7.55969     7.42330     7.15266     6.74346
  7.97200     7.77381     7.72293     7.65762     7.56062     7.42422     7.15433     6.74490
  7.97200     7.77430     7.72367     7.65826     7.56157     7.42519     7.15599     6.74612
  7.97200     7.77579     7.72407     7.65883     7.56240     7.42698     7.15680     6.74709
  7.97200     7.77624     7.72459     7.65956     7.56320     7.42790     7.15820     6.74846
  7.97200     7.77639     7.72503     7.65965     7.56376     7.42849     7.15967     6.74967
  7.97200     7.77664     7.72539     7.65940     7.56426     7.42926     7.16099     6.75056
  7.97200     7.77697     7.72582     7.65985     7.56517     7.43018     7.16228     6.75171
  7.97200     7.77722     7.72614     7.66055     7.56588     7.43102     7.16335     6.75283
  7.97200     7.77720     7.72633     7.66069     7.56618     7.43138     7.16444     6.75340
  7.97200     7.77313     7.72240     7.65700     7.55969     7.42330     7.15266     6.74346
  7.97200     7.77381     7.72293     7.65762     7.56062     7.42422     7.15433     6.74490
  7.97200     7.77430     7.72367     7.65826     7.56157     7.42519     7.15599     6.74612
  7.97200     7.77579     7.72407     7.65883     7.56240     7.42698     7.15680     6.74709
  7.97200     7.77624     7.72459     7.65956     7.56320     7.42790     7.15820     6.74846
  7.97200     7.77639     7.72503     7.65965     7.56376     7.42849     7.15967     6.74967
  7.97200     7.77664     7.72539     7.65940     7.56426     7.42926     7.16099     6.75056
  7.97200     7.77697     7.72582     7.65985     7.56517     7.43018     7.16228     6.75171
  7.97200     7.77722     7.72614     7.66055     7.56588     7.43102     7.16335     6.75283
  7.97200     7.77720     7.72633     7.66069     7.56618     7.43138     7.16444     6.75340
