  7.99093     7.76803     7.71307     7.64194     7.53832     7.41419     7.13104     6.70569
  7.99093     7.76846     7.71342     7.64255     7.53894     7.41510     7.13183     6.70693
  7.99093     7.76866     7.71347     7.64300     7.53947     7.41581     7.13309     6.70796
  7.99093     7.76899     7.71365     7.64416     7.54014     7.41664     7.13447     6.70936
  7.99093     7.76925     7.71377     7.64488     7.54077     7.41734     7.13579     6.71049
  7.99093     7.76952     7.71400     7.64538     7.54126     7.41804     7.13687     6.71138
  7.99093     7.76923     7.71361     7.64518     7.54121     7.41814     7.13711     6.71172
  7.99093     7.76894     7.71323     7.64443     7.54123     7.41821     7.13746     6.71206
  7.99093     7.76903     7.71340     7.64413     7.54163     7.41863     7.13828     6.71262
  7.99093     7.76881     7.71355     7.64446     7.54183     7.41887     7.13884     6.71301
  7.99093     7.76837     7.71359     7.64473     7.54193     7.41909     7.13929     6.71340
  7.99093     7.76851     7.71366     7.64494     7.54223     7.41937     7.13983     6.71365
  7.99093     7.76868     7.71386     7.64510     7.54238     7.41954     7.14052     6.71387
  7.99093     7.76877     7.71397     7.64488     7.54270     7.41989     7.14061     6.71410
  7.99093     7.76893     7.71388     7.64372     7.54282     7.41997     7.14092     6.71402
  7.99093     7.76880     7.71284     7.64311     7.54273     7.41949     7.13962     6.71281
  7.99093     7.76881     7.71254     7.64297     7.54263     7.41929     7.13926     6.71222
  7.99093     7.76870     7.71200     7.64190     7.54260     7.41918     7.13921     6.71194
  7.99093     7.76842     7.71138     7.64112     7.54234     7.41874     7.13913     6.71133
  7.99093     7.76808     7.71103     7.64080     7.54202     7.41836     7.13872     6.71077
  7.99093     7.76773     7.71062     7.64051     7.54170     7.41796     7.13823     6.71006
  7.99093     7.76742     7.71015     7.64025     7.54134     7.41758     7.13785     6.70930
  7.99093     7.76715     7.70968     7.64009     7.54103     7.41722     7.13755     6.70864
  7.99093     7.76691     7.70915     7.63998     7.54080     7.41684     7.13714     6.70800
  7.99093     7.76678     7.70879     7.63993     7.54056     7.41657     7.13664     6.70739
  7.99093     7.76673     7.70852     7.63983     7.54032     7.41625     7.13648     6.70660
  7.99093     7.76664     7.70837     7.63960     7.53994     7.41595     7.13610     6.70612
  7.99093     7.76622     7.70805     7.63931     7.53965     7.41556     7.13559     6.70542
  7.99093     7.76627     7.70969     7.63957     7.53971     7.41550     7.13539     6.70503
  7.99093     7.76506     7.70841     7.63840     7.53859     7.41408     7.13392     6.70361
  7.99093     7.76483     7.70800     7.63805     7.53828     7.41372     7.13354     6.70321
  7.99093     7.76465     7.70739     7.63779     7.53791     7.41338     7.13302     6.70287
  7.99093     7.76447     7.70697     7.63747     7.53743     7.41288     7.13262     6.70253
  7.99093     7.76426     7.70666     7.63712     7.53686     7.41242     7.13191     6.70226
  7.99093     7.76413     7.70623     7.63676     7.53638     7.41207     7.13127     6.70202
  7.99093     7.76396     7.70575     7.63640     7.53606     7.41177     7.13103     6.70182
  7.99093     7.76366     7.70530     7.63616     7.53578     7.41140     7.13093     6.70174
  7.99093     7.76329     7.70483     7.63599     7.53542     7.41106     7.13065     6.70188
  7.99093     7.76288     7.70424     7.63563     7.53505     7.41081     7.13030     6.70204
  7.99093     7.76256     7.70370     7.63514     7.53470     7.41047     7.13023     6.70190
  7.99093     7.76231     7.70355     7.63489     7.53443     7.41040     7.13027     6.70222
  7.99093     7.76205     7.70319     7.63472     7.53434     7.41036     7.13066     6.70239
  7.99093     7.76187     7.70298     7.63463     7.53416     7.41027     7.13089     6.70248
  7.99093     7.76124     7.70229     7.63407     7.53367     7.40996     7.13228     6.70425
  7.99093     7.76095     7.70196     7.63379     7.53344     7.40990     7.13159     6.70709
  7.99093     7.76049     7.70144     7.63348     7.53333     7.41002     7.13083     6.70823
  7.99093     7.76032     7.70114     7.63350     7.53324     7.41020     7.13153     6.70886
  7.99093     7.76017     7.70084     7.63347     7.53317     7.41029     7.13240     6.70934
  7.99093     7.76001     7.70060     7.63329     7.53311     7.41028     7.13288     6.70970
  7.99093     7.75980     7.70035     7.63312     7.53301     7.41027     7.13329     6.71013
  7.99093     7.75967     7.70012     7.63306     7.53286     7.41040     7.13400     6.71074
  7.99093     7.75970     7.70002     7.63307     7.53277     7.41060     7.13469     6.71055
  7.99093     7.75971     7.69984     7.63306     7.53276     7.41070     7.13536     6.70932
  7.99093     7.75965     7.69961     7.63296     7.53287     7.41081     7.13697     6.70985
  7.99093     7.75936     7.69929     7.63281     7.53314     7.41089     7.13712     6.71084
  7.99093     7.75916     7.69915     7.63272     7.53318     7.41088     7.13740     6.71339
  7.99093     7.75878     7.69884     7.63273     7.53304     7.41083     7.13729     6.71380
  7.99093     7.75845     7.69821     7.63236     7.53298     7.41089     7.13872     6.71468
  7.99093     7.75816     7.69785     7.63229     7.53281     7.41092     7.14511     6.71494
  7.99093     7.75789     7.69737     7.63209     7.53281     7.41079     7.14687     6.71528
  7.99093     7.75770     7.69709     7.63201     7.53277     7.41072     7.14720     6.71552
  7.99093     7.75756     7.69675     7.63178     7.53260     7.41057     7.14857     6.71555
  7.99093     7.75741     7.69643     7.63151     7.53251     7.41041     7.14942     6.71542
  7.99093     7.75712     7.69595     7.63103     7.53232     7.41010     7.14944     6.71502
  7.99093     7.75676     7.69545     7.63048     7.53195     7.40971     7.14931     6.71458
  7.99093     7.75648     7.69512     7.63012     7.53162     7.40938     7.14887     6.71422
  7.99093     7.75623     7.69464     7.62971     7.53132     7.40900     7.14846     6.71378
  7.99093     7.75610     7.69434     7.62941     7.53109     7.40876     7.14838     6.71361
  7.99093     7.75581     7.69390     7.62913     7.53070     7.40847     7.14702     6.71325
  7.99093     7.75557     7.69374     7.62904     7.53060     7.40826     7.14184     6.71290
  7.99093     7.75540     7.69325     7.62884     7.53038     7.40811     7.14177     6.71154
  7.99093     7.75488     7.69243     7.62826     7.52985     7.40778     7.14016     6.71125
  7.99093     7.75452     7.69208     7.62804     7.52953     7.40756     7.13968     6.71092
  7.99093     7.75444     7.69194     7.62788     7.52963     7.40757     7.13932     6.71063
  7.99093     7.75425     7.69185     7.62779     7.52954     7.40756     7.13914     6.71036
  7.99093     7.75411     7.69162     7.62766     7.52934     7.40749     7.13931     6.71037
  7.99093     7.75401     7.69137     7.62754     7.52914     7.40750     7.13949     6.71031
  7.99093     7.75402     7.69120     7.62751     7.52918     7.40764     7.14059     6.70997
  7.99093     7.75427     7.69116     7.62765     7.52934     7.40774     7.14183     6.71125
  7.99093     7.75467     7.69120     7.62789     7.52940     7.40780     7.14182     6.71351
  7.99093     7.75491     7.69123     7.62802     7.52954     7.40794     7.14174     6.71333
  7.99093     7.75489     7.69128     7.62811     7.52962     7.40803     7.14163     6.71307
  7.99093     7.75498     7.69119     7.62806     7.52994     7.40799     7.14143     6.71273
  7.99093     7.75516     7.69103     7.62807     7.53004     7.40797     7.14157     6.71242
  7.99093     7.75508     7.69067     7.62789     7.53010     7.40788     7.14122     6.71195
  7.99093     7.75544     7.69064     7.62811     7.53017     7.40754     7.14049     6.71012
  7.99093     7.75581     7.69074     7.62837     7.53027     7.40765     7.14134     6.70983
  7.99093     7.75606     7.69004     7.62866     7.53050     7.40776     7.14192     6.70955
  7.99093     7.75611     7.68966     7.62884     7.53049     7.40774     7.14178     6.70922
  7.99093     7.75618     7.68973     7.62905     7.53051     7.40783     7.14149     6.70895
  7.99093     7.75621     7.68976     7.62910     7.53056     7.40787     7.14142     6.70865
  7.99093     7.75628     7.68982     7.62908     7.53075     7.40787     7.14146     6.70833
  7.99093     7.75631     7.68983     7.62910     7.53094     7.40790     7.14129     6.70811
  7.99093     7.75627     7.68972     7.62912     7.53103     7.40791     7.14095     6.70795
  7.99093     7.75641     7.68976     7.62928     7.53129     7.40806     7.14094     6.70786
  7.99093     7.75668     7.68966     7.62940     7.53143     7.40838     7.14127     6.70794
  7.99093     7.75699     7.68982     7.62961     7.53188     7.40881     7.14147     6.70800
  7.99093     7.75707     7.68994     7.62985     7.53220     7.40919     7.14160     6.70822
  7.99093     7.75742     7.69029     7.63021     7.53269     7.40982     7.14175     6.70868
  7.99093     7.75775     7.69075     7.63112     7.53373     7.41148     7.14311     6.71059
  7.99093     7.75794     7.69072     7.63132     7.53426     7.41204     7.14365     6.71148
  7.99093     7.75815     7.69081     7.63162     7.53489     7.41283     7.14437     6.71253
  7.99093     7.75828     7.68990     7.63188     7.53542     7.41368     7.14494     6.71356
  7.99093     7.75862     7.68963     7.63243     7.53606     7.41472     7.14590     6.71482
  7.99093     7.75915     7.68998     7.63316     7.53688     7.41597     7.14698     6.71641
  7.99093     7.75960     7.69040     7.63379     7.53775     7.41718     7.14824     6.71794
  7.99093     7.75988     7.69069     7.63431     7.53850     7.41820     7.14950     6.71924
  7.99093     7.76012     7.69087     7.63492     7.53920     7.41916     7.15054     6.72049
  7.99093     7.76050     7.69114     7.63552     7.53992     7.42007     7.15174     6.72167
  7.99093     7.76099     7.69129     7.63592     7.54045     7.42088     7.15277     6.72281
  7.99093     7.76149     7.69172     7.63647     7.54117     7.42178     7.15390     6.72392
  7.99093     7.76167     7.69186     7.63684     7.54167     7.42254     7.15484     6.72491
  7.99093     7.76189     7.69201     7.63724     7.54234     7.42335     7.15606     6.72568
  7.99093     7.76262     7.69240     7.63966     7.54363     7.42519     7.15915     6.72774
  7.99093     7.76288     7.69268     7.64002     7.54403     7.42574     7.16012     6.72826
  7.99093     7.76294     7.69282     7.64008     7.54429     7.42618     7.16059     6.72859
  7.99093     7.76306     7.69294     7.64096     7.54464     7.42659     7.16115     6.72892
  7.99093     7.76315     7.69298     7.64205     7.54488     7.42673     7.16180     6.72908
  7.99093     7.76327     7.69301     7.64254     7.54505     7.42676     7.16225     6.72924
  7.99093     7.76330     7.69300     7.64257     7.54520     7.42683     7.16229     6.72946
  7.99093     7.76324     7.69292     7.64249     7.54522     7.42680     7.16219     6.72952
  7.99093     7.76321     7.69283     7.64242     7.54507     7.42657     7.16207     6.72936
  7.99093     7.76314     7.69273     7.64219     7.54483     7.42620     7.16165     6.72903
  7.99093     7.76319     7.69250     7.64165     7.54453     7.42582     7.16149     6.72863
  7.99093     7.76319     7.69254     7.64144     7.54428     7.42559     7.16219     6.72812
  7.99093     7.76320     7.69230     7.64132     7.54391     7.42522     7.16195     6.72779
  7.99093     7.76313     7.69193     7.64126     7.54356     7.42478     7.16177     6.72733
  7.99093     7.76279     7.69088     7.64046     7.54230     7.42329     7.16008     6.72636
  7.99093     7.76265     7.69056     7.64004     7.54195     7.42279     7.15932     6.72589
  7.99093     7.76222     7.69015     7.63960     7.54148     7.42222     7.15864     6.72550
  7.99093     7.76185     7.68990     7.63906     7.54103     7.42156     7.15795     6.72487
  7.99093     7.76151     7.68934     7.63804     7.54042     7.42082     7.15739     6.72423
  7.99093     7.76114     7.68873     7.63720     7.53986     7.42023     7.15687     6.72377
  7.99093     7.76069     7.68821     7.63666     7.53926     7.41965     7.15625     6.72327
  7.99093     7.76023     7.68774     7.63612     7.53866     7.41905     7.15557     6.72262
  7.99093     7.75970     7.68717     7.63555     7.53808     7.41842     7.15489     6.72194
  7.99093     7.75910     7.68635     7.63493     7.53736     7.41762     7.15417     6.72123
  7.99093     7.75900     7.68587     7.63449     7.53693     7.41699     7.15351     6.72062
  7.99093     7.75840     7.68530     7.63386     7.53631     7.41626     7.15306     6.71990
  7.99093     7.75807     7.68460     7.63334     7.53573     7.41563     7.15227     6.71931
  7.99093     7.75779     7.68397     7.63285     7.53527     7.41507     7.15167     6.71862
  7.99093     7.75670     7.68243     7.63100     7.53351     7.41344     7.14914     6.71645
  7.99093     7.75617     7.68190     7.63050     7.53313     7.41285     7.14839     6.71576
  7.99093     7.75582     7.68130     7.62986     7.53271     7.41239     7.14753     6.71503
  7.99093     7.75544     7.68079     7.62943     7.53232     7.41196     7.14695     6.71417
  7.99093     7.75450     7.67963     7.62832     7.53119     7.41054     7.14578     6.71292
  7.99093     7.75373     7.67875     7.62738     7.53034     7.40955     7.14470     6.71195
  7.99093     7.75338     7.67829     7.62684     7.52997     7.40927     7.14393     6.71139
  7.99093     7.75306     7.67782     7.62628     7.52957     7.40900     7.14311     6.71079
  7.99093     7.75272     7.67745     7.62594     7.52924     7.40874     7.14235     6.71010
  7.99093     7.75251     7.67745     7.62586     7.52902     7.40847     7.14180     6.70964
  7.99093     7.75235     7.67824     7.62573     7.52894     7.40840     7.14132     6.70959
  7.99093     7.75232     7.67813     7.62549     7.52870     7.40841     7.14099     6.70957
  7.99093     7.75233     7.67808     7.62551     7.52877     7.40853     7.14077     6.70961
  7.99093     7.75211     7.67779     7.62548     7.52870     7.40849     7.14087     6.70979
  7.99093     7.75242     7.67822     7.62568     7.53056     7.40888     7.14130     6.71091
  7.99093     7.75290     7.67804     7.62578     7.53087     7.40923     7.14162     6.71138
  7.99093     7.75319     7.67802     7.62589     7.53131     7.40980     7.14179     6.71216
  7.99093     7.75330     7.67809     7.62603     7.53173     7.41035     7.14228     6.71281
  7.99093     7.75346     7.67809     7.62644     7.53210     7.41092     7.14292     6.71349
  7.99093     7.75372     7.67825     7.62696     7.53256     7.41164     7.14359     6.71432
  7.99093     7.75417     7.67872     7.62750     7.53323     7.41256     7.14439     6.71542
  7.99093     7.75467     7.67925     7.62809     7.53403     7.41351     7.14539     6.71664
  7.99093     7.75478     7.67932     7.62843     7.53447     7.41407     7.14633     6.71758
  7.99093     7.75459     7.67910     7.62848     7.53425     7.41442     7.14706     6.71846
  7.99093     7.75480     7.67933     7.62888     7.53419     7.41535     7.14822     6.71987
  7.99093     7.75504     7.67912     7.62915     7.53462     7.41615     7.14942     6.72096
  7.99093     7.75506     7.67955     7.62952     7.53527     7.41691     7.15029     6.72199
  7.99093     7.75527     7.67991     7.63022     7.53661     7.41782     7.15141     6.72342
  7.99093     7.75689     7.68155     7.63263     7.54012     7.42131     7.15557     6.72741
  7.99093     7.75747     7.68193     7.63330     7.54090     7.42226     7.15706     6.72845
  7.99093     7.75804     7.68243     7.63386     7.54179     7.42323     7.15811     6.72958
  7.99093     7.75839     7.68277     7.63447     7.54254     7.42422     7.15930     6.73033
  7.99093     7.75853     7.68309     7.63499     7.54342     7.42510     7.16041     6.73107
  7.99093     7.75868     7.68381     7.63546     7.54418     7.42587     7.16172     6.73198
  7.99093     7.75895     7.68451     7.63595     7.54482     7.42667     7.16269     6.73306
  7.99093     7.75913     7.68488     7.63645     7.54553     7.42748     7.16339     6.73404
  7.99093     7.75921     7.68516     7.63690     7.54615     7.42815     7.16429     6.73479
  7.99093     7.75937     7.68532     7.63726     7.54630     7.42871     7.16490     6.73553
  7.99093     7.75949     7.68541     7.63748     7.54586     7.42914     7.16567     6.73601
  7.99093     7.75972     7.68576     7.63772     7.54617     7.42951     7.16635     6.73667
  7.99093     7.76012     7.68627     7.63830     7.54682     7.43020     7.16704     6.73740
  7.99093     7.76061     7.68663     7.63879     7.54823     7.43041     7.16810     6.73810
  7.99093     7.75861     7.68537     7.63767     7.54784     7.42962     7.16790     6.73774
  7.99093     7.75866     7.68545     7.63782     7.54788     7.42959     7.16856     6.73792
  7.99093     7.75820     7.68558     7.63789     7.54800     7.42965     7.16868     6.73806
  7.99093     7.75808     7.68560     7.63781     7.54783     7.42971     7.16871     6.73803
  7.99093     7.75814     7.68563     7.63784     7.54786     7.42997     7.16871     6.73806
  7.99093     7.75838     7.68575     7.63795     7.54786     7.43010     7.16928     6.73820
  7.99093     7.75865     7.68596     7.63797     7.54778     7.43008     7.16993     6.73839
  7.99093     7.75884     7.68614     7.63797     7.54767     7.43004     7.17000     6.73845
  7.99093     7.75858     7.68584     7.63761     7.54716     7.42959     7.16948     6.73799
  7.99093     7.75770     7.68511     7.63670     7.54630     7.42873     7.16874     6.73705
  7.99093     7.75731     7.68474     7.63626     7.54597     7.42830     7.16855     6.73651
  7.99093     7.75694     7.68444     7.63565     7.54596     7.42778     7.16782     6.73602
  7.99093     7.75661     7.68455     7.63509     7.54557     7.42718     7.16731     6.73527
  7.99093     7.75556     7.68425     7.63457     7.54515     7.42649     7.16670     6.73440
  7.99093     7.75388     7.68299     7.63245     7.54318     7.42382     7.16514     6.73085
  7.99093     7.75364     7.68284     7.63204     7.54270     7.42322     7.16459     6.72988
  7.99093     7.75329     7.68259     7.63144     7.54220     7.42257     7.16384     6.72892
  7.99093     7.75287     7.68206     7.63065     7.54137     7.42171     7.16238     6.72771
  7.99093     7.75209     7.68140     7.62987     7.54053     7.42076     7.16073     6.72631
  7.99093     7.75140     7.68071     7.62910     7.53975     7.41977     7.15984     6.72477
  7.99093     7.75071     7.68001     7.62807     7.53882     7.41853     7.15867     6.72296
  7.99093     7.74991     7.67925     7.62689     7.53772     7.41708     7.15666     6.72088
  7.99093     7.74918     7.67846     7.62588     7.53667     7.41569     7.15473     6.71882
  7.99093     7.74842     7.67769     7.62488     7.53572     7.41446     7.15308     6.71695
  7.99093     7.74787     7.67682     7.62384     7.53464     7.41337     7.15147     6.71514
  7.99093     7.74735     7.67602     7.62280     7.53367     7.41210     7.14947     6.71341
  7.99093     7.74689     7.67519     7.62193     7.53285     7.41098     7.14786     6.71170
  7.99093     7.74620     7.67427     7.62095     7.53192     7.40970     7.14606     6.71008
  7.99093     7.74350     7.67114     7.61769     7.52816     7.40557     7.13936     6.70474
  7.99093     7.74262     7.67002     7.61675     7.52708     7.40432     7.13716     6.70317
  7.99093     7.74203     7.66913     7.61597     7.52613     7.40331     7.13551     6.70171
  7.99093     7.74146     7.66832     7.61519     7.52525     7.40245     7.13393     6.70048
  7.99093     7.74092     7.66754     7.61467     7.52457     7.40183     7.13243     6.69933
  7.99093     7.74061     7.66695     7.61431     7.52402     7.40140     7.13126     6.69860
  7.99093     7.74049     7.66650     7.61400     7.52356     7.40107     7.12998     6.69827
  7.99093     7.74047     7.66614     7.61385     7.52319     7.40087     7.12885     6.69807
  7.99093     7.74049     7.66591     7.61384     7.52293     7.40074     7.12826     6.69793
  7.99093     7.74045     7.66572     7.61374     7.52275     7.40051     7.12771     6.69785
  7.99093     7.74043     7.66572     7.61357     7.52255     7.40051     7.12756     6.69792
  7.99093     7.74056     7.66584     7.61371     7.52273     7.40081     7.12725     6.69842
  7.99093     7.74079     7.66599     7.61412     7.52278     7.40132     7.12738     6.69888
  7.99093     7.74117     7.66633     7.61471     7.52335     7.40201     7.12767     6.69803
  7.99093     7.74248     7.66910     7.61655     7.52469     7.40432     7.13088     6.70166
  7.99093     7.74296     7.66983     7.61733     7.52542     7.40528     7.13189     6.70300
  7.99093     7.74357     7.67064     7.61804     7.52601     7.40610     7.13298     6.70443
  7.99093     7.74403     7.67138     7.61858     7.52666     7.40622     7.13360     6.70574
  7.99093     7.74439     7.67199     7.61921     7.52732     7.40665     7.13441     6.70686
  7.99093     7.74465     7.67257     7.61978     7.52785     7.40725     7.13519     6.70790
  7.99093     7.74501     7.67317     7.62019     7.52837     7.40791     7.13608     6.70860
  7.99093     7.74540     7.67377     7.62049     7.52892     7.40861     7.13719     6.70921
  7.99093     7.74569     7.67427     7.62085     7.52945     7.40915     7.13805     6.71002
  7.99093     7.74612     7.67468     7.62131     7.53002     7.40963     7.13869     6.71057
  7.99093     7.74653     7.67514     7.62158     7.53046     7.40984     7.13936     6.71115
  7.99093     7.74700     7.67570     7.62185     7.53092     7.41019     7.14013     6.71181
  7.99093     7.74708     7.67610     7.62190     7.53105     7.41043     7.14049     6.71225
  7.99093     7.74729     7.67623     7.62205     7.53142     7.41054     7.14075     6.71237
  7.99093     7.74746     7.67669     7.62184     7.53177     7.41055     7.14139     6.71247
  7.99093     7.74826     7.67675     7.62189     7.53192     7.41046     7.14101     6.71356
  7.99093     7.74834     7.67670     7.62165     7.53180     7.41017     7.14057     6.71373
  7.99093     7.74818     7.67659     7.62137     7.53179     7.40996     7.14026     6.71365
  7.99093     7.74810     7.67609     7.62117     7.53167     7.40977     7.13990     6.71345
  7.99093     7.74795     7.67565     7.62104     7.53158     7.40972     7.13940     6.71336
  7.99093     7.74784     7.67550     7.62086     7.53162     7.40985     7.13917     6.71349
  7.99093     7.74776     7.67547     7.62067     7.53176     7.41002     7.13913     6.71391
  7.99093     7.74763     7.67544     7.62067     7.53196     7.41017     7.13902     6.71451
  7.99093     7.74743     7.67513     7.62071     7.53197     7.41026     7.13884     6.71479
  7.99093     7.74691     7.67453     7.62044     7.53170     7.41014     7.13822     6.71479
  7.99093     7.74718     7.67453     7.62059     7.53200     7.41058     7.13834     6.71546
  7.99093     7.74780     7.67467     7.62098     7.53254     7.41092     7.13892     6.71665
  7.99093     7.74824     7.67474     7.62142     7.53331     7.41170     7.13948     6.71788
  7.99093     7.74941     7.67646     7.62344     7.53570     7.41500     7.14244     6.72188
  7.99093     7.74798     7.67595     7.62315     7.53485     7.41189     7.14122     6.71816
  7.99093     7.74622     7.67394     7.62271     7.53373     7.40825     7.13624     6.71763
  7.99093     7.74630     7.67353     7.62312     7.53274     7.40811     7.13589     6.71890
  7.99093     7.74679     7.67383     7.62391     7.53285     7.40913     7.13750     6.72055
  7.99093     7.74727     7.67419     7.62471     7.53371     7.41025     7.13877     6.72235
  7.99093     7.74779     7.67474     7.62564     7.53474     7.41129     7.14045     6.72410
  7.99093     7.74821     7.67546     7.62632     7.53581     7.41232     7.14258     6.72579
  7.99093     7.74874     7.67624     7.62684     7.53685     7.41355     7.14456     6.72750
  7.99093     7.74953     7.67700     7.62793     7.53782     7.41470     7.14638     6.72909
  7.99093     7.75028     7.67766     7.62893     7.53887     7.41610     7.14763     6.73070
  7.99093     7.75104     7.67835     7.62996     7.53990     7.41742     7.14895     6.73238
  7.99093     7.75183     7.67934     7.63118     7.54101     7.41867     7.15118     6.73422
  7.99093     7.75273     7.68025     7.63237     7.54209     7.41978     7.15289     6.73599
  7.99093     7.75324     7.68255     7.63455     7.54449     7.42246     7.15730     6.73917
  7.99093     7.75387     7.68307     7.63522     7.54530     7.42311     7.15844     6.74019
  7.99093     7.75449     7.68368     7.63583     7.54599     7.42393     7.15942     6.74114
  7.99093     7.75478     7.68415     7.63629     7.54646     7.42451     7.16047     6.74185
  7.99093     7.75504     7.68457     7.63673     7.54692     7.42490     7.16165     6.74240
  7.99093     7.75535     7.68495     7.63713     7.54734     7.42521     7.16266     6.74284
  7.99093     7.75554     7.68530     7.63732     7.54753     7.42540     7.16315     6.74316
  7.99093     7.75566     7.68567     7.63739     7.54771     7.42551     7.16338     6.74342
  7.99093     7.75585     7.68606     7.63752     7.54799     7.42556     7.16366     6.74363
  7.99093     7.75592     7.68643     7.63766     7.54803     7.42548     7.16367     6.74369
  7.99093     7.75568     7.68651     7.63761     7.54789     7.42539     7.16335     6.74365
  7.99093     7.75548     7.68640     7.63747     7.54771     7.42503     7.16326     6.74300
  7.99093     7.75535     7.68636     7.63722     7.54756     7.42460     7.16355     6.74222
  7.99093     7.75508     7.68624     7.63692     7.54715     7.42396     7.16360     6.74140
  7.99093     7.75436     7.68507     7.63538     7.54591     7.42231     7.16091     6.73908
  7.99093     7.75431     7.68477     7.63511     7.54546     7.42171     7.16035     6.73823
  7.99093     7.75476     7.68466     7.63476     7.54508     7.42135     7.15970     6.73744
  7.99093     7.75471     7.68433     7.63440     7.54473     7.42080     7.15897     6.73660
  7.99093     7.75449     7.68398     7.63411     7.54435     7.42020     7.15820     6.73581
  7.99093     7.75433     7.68376     7.63390     7.54389     7.41969     7.15744     6.73503
  7.99093     7.75419     7.68358     7.63369     7.54335     7.41934     7.15629     6.73431
  7.99093     7.75398     7.68330     7.63340     7.54297     7.41903     7.15501     6.73377
  7.99093     7.75371     7.68292     7.63310     7.54276     7.41862     7.15429     6.73327
  7.99093     7.75354     7.68263     7.63293     7.54242     7.41831     7.15389     6.73274
  7.99093     7.75357     7.68246     7.63298     7.54213     7.41811     7.15338     6.73248
  7.99093     7.75339     7.68235     7.63287     7.54189     7.41795     7.15269     6.73236
  7.99093     7.75318     7.68213     7.63277     7.54197     7.41783     7.15274     6.73232
  7.99093     7.75367     7.68223     7.63284     7.54178     7.41823     7.15295     6.73210
  7.99093     7.75415     7.68245     7.63323     7.54198     7.41863     7.15261     6.73258
  7.99093     7.75435     7.68249     7.63337     7.54210     7.41855     7.15281     6.73278
  7.99093     7.75444     7.68249     7.63333     7.54215     7.41879     7.15287     6.73318
  7.99093     7.75433     7.68236     7.63318     7.54213     7.41881     7.15294     6.73330
  7.99093     7.75471     7.68219     7.63323     7.54208     7.41870     7.15303     6.73347
  7.99093     7.75514     7.68230     7.63349     7.54271     7.41867     7.15348     6.73384
  7.99093     7.75536     7.68265     7.63374     7.54341     7.41888     7.15397     6.73440
  7.99093     7.75559     7.68292     7.63386     7.54357     7.41934     7.15432     6.73496
  7.99093     7.75587     7.68310     7.63395     7.54359     7.41975     7.15477     6.73531
  7.99093     7.75612     7.68335     7.63411     7.54360     7.41976     7.15514     6.73553
  7.99093     7.75624     7.68355     7.63428     7.54355     7.41980     7.15515     6.73578
  7.99093     7.75623     7.68376     7.63441     7.54353     7.42005     7.15531     6.73604
  7.99093     7.75632     7.68376     7.63447     7.54348     7.42006     7.15580     6.73624
  7.99093     7.75631     7.68378     7.63442     7.54344     7.41990     7.15618     6.73636
  7.99093     7.75619     7.68422     7.63449     7.54443     7.41996     7.15713     6.73659
  7.99093     7.75637     7.68436     7.63447     7.54468     7.41974     7.15735     6.73639
  7.99093     7.75636     7.68432     7.63422     7.54458     7.41975     7.15750     6.73631
  7.99093     7.75613     7.68423     7.63393     7.54459     7.41960     7.15765     6.73607
  7.99093     7.75604     7.68406     7.63373     7.54457     7.41936     7.15756     6.73584
  7.99093     7.75605     7.68395     7.63369     7.54447     7.41910     7.15763     6.73573
  7.99093     7.75599     7.68390     7.63354     7.54437     7.41896     7.15775     6.73562
  7.99093     7.75591     7.68389     7.63333     7.54440     7.41899     7.15756     6.73541
  7.99093     7.75591     7.68391     7.63321     7.54448     7.41894     7.15715     6.73520
  7.99093     7.75595     7.68388     7.63308     7.54443     7.41878     7.15696     6.73519
  7.99093     7.75601     7.68409     7.63317     7.54440     7.41871     7.15729     6.73549
  7.99093     7.75595     7.68424     7.63309     7.54449     7.41879     7.15726     6.73594
  7.99093     7.75586     7.68429     7.63317     7.54425     7.41882     7.15733     6.73622
  7.99093     7.75586     7.68421     7.63324     7.54420     7.41885     7.15741     6.73616
  7.99093     7.75572     7.68439     7.63356     7.54441     7.41961     7.15778     6.73679
  7.99093     7.75604     7.68448     7.63380     7.54453     7.41989     7.15795     6.73721
  7.99093     7.75616     7.68470     7.63400     7.54473     7.42007     7.15831     6.73769
  7.99093     7.75621     7.68496     7.63421     7.54499     7.42049     7.15863     6.73806
  7.99093     7.75644     7.68509     7.63441     7.54536     7.42092     7.15869     6.73842
  7.99093     7.75670     7.68522     7.63463     7.54564     7.42117     7.15891     6.73884
  7.99093     7.75674     7.68535     7.63479     7.54657     7.42138     7.15937     6.73918
  7.99093     7.75666     7.68543     7.63495     7.54805     7.42162     7.15990     6.73937
  7.99093     7.75678     7.68554     7.63523     7.54889     7.42186     7.16029     6.73958
  7.99093     7.75702     7.68565     7.63554     7.54903     7.42205     7.16036     6.73984
  7.99093     7.75710     7.68579     7.63578     7.54904     7.42211     7.16056     6.73989
  7.99093     7.75709     7.68586     7.63581     7.54918     7.42250     7.16095     6.73997
  7.99093     7.75715     7.68593     7.63591     7.54946     7.42285     7.16118     6.74009
  7.99093     7.75743     7.68585     7.63588     7.54951     7.42285     7.16120     6.74008
  7.99093     7.75770     7.68615     7.63597     7.54987     7.42300     7.16187     6.73911
  7.99093     7.75772     7.68617     7.63591     7.54971     7.42274     7.16156     6.73839
  7.99093     7.75751     7.68628     7.63582     7.54962     7.42230     7.16118     6.73804
  7.99093     7.75727     7.68625     7.63564     7.54944     7.42196     7.16102     6.73760
  7.99093     7.75708     7.68605     7.63540     7.54913     7.42152     7.16094     6.73678
  7.99093     7.75690     7.68574     7.63510     7.54862     7.42087     7.16069     6.73570
  7.99093     7.75623     7.68500     7.63428     7.54770     7.41986     7.15963     6.73435
  7.99093     7.75552     7.68427     7.63332     7.54684     7.41891     7.15810     6.73308
  7.99093     7.75537     7.68399     7.63280     7.54637     7.41833     7.15694     6.73223
  7.99093     7.75519     7.68365     7.63230     7.54566     7.41755     7.15601     6.73133
  7.99093     7.75487     7.68330     7.63185     7.54494     7.41661     7.15535     6.73008
  7.99093     7.75439     7.68271     7.63114     7.54479     7.41568     7.15455     6.72866
  7.99093     7.75401     7.68222     7.63047     7.54418     7.41487     7.15360     6.72743
  7.99093     7.75369     7.68177     7.62982     7.54351     7.41389     7.15253     6.72618
  7.99093     7.75209     7.68061     7.62799     7.54134     7.41098     7.14870     6.72175
  7.99093     7.75038     7.67883     7.62594     7.53920     7.40878     7.14639     6.71924
  7.99093     7.74938     7.67793     7.62486     7.53794     7.40736     7.14525     6.71745
  7.99093     7.74878     7.67739     7.62399     7.53718     7.40640     7.14381     6.71617
  7.99093     7.74854     7.67702     7.62348     7.53662     7.40562     7.14220     6.71510
  7.99093     7.74838     7.67660     7.62309     7.53508     7.40478     7.14046     6.71388
  7.99093     7.74806     7.67608     7.62256     7.53355     7.40388     7.13910     6.71250
  7.99093     7.74762     7.67558     7.62192     7.53288     7.40303     7.13814     6.71120
  7.99093     7.74719     7.67511     7.62129     7.53225     7.40220     7.13707     6.71005
  7.99093     7.74676     7.67468     7.62081     7.53146     7.40129     7.13607     6.70894
  7.99093     7.74633     7.67424     7.62031     7.53064     7.40041     7.13498     6.70775
  7.99093     7.74586     7.67388     7.61968     7.52989     7.39965     7.13402     6.70669
  7.99093     7.74543     7.67340     7.61917     7.52909     7.39903     7.13286     6.70540
  7.99093     7.74533     7.67309     7.61879     7.52867     7.39824     7.13201     6.70431
  7.99093     7.74423     7.67223     7.61730     7.52686     7.39590     7.12974     6.70069
  7.99093     7.74395     7.67172     7.61676     7.52608     7.39500     7.12869     6.69944
  7.99093     7.74362     7.67145     7.61627     7.52529     7.39414     7.12774     6.69825
  7.99093     7.74329     7.67120     7.61571     7.52468     7.39348     7.12675     6.69725
  7.99093     7.74292     7.67085     7.61511     7.52400     7.39260     7.12569     6.69619
  7.99093     7.74253     7.67036     7.61448     7.52314     7.39157     7.12480     6.69488
  7.99093     7.74204     7.66996     7.61387     7.52230     7.39068     7.12391     6.69359
  7.99093     7.74153     7.66955     7.61313     7.52165     7.38998     7.12307     6.69245
  7.99093     7.74126     7.66906     7.61235     7.52112     7.38927     7.12258     6.69135
  7.99093     7.74109     7.66881     7.61185     7.52054     7.38835     7.12204     6.69029
  7.99093     7.74074     7.66856     7.61127     7.51987     7.38752     7.12103     6.68909
  7.99093     7.74053     7.66855     7.61089     7.51957     7.38697     7.12041     6.68828
  7.99093     7.74133     7.66933     7.61123     7.52006     7.38736     7.12024     6.68812
  7.99093     7.74107     7.66912     7.61090     7.51947     7.38675     7.11903     6.68732
  7.99093     7.74043     7.66822     7.60983     7.51777     7.38509     7.11677     6.68468
  7.99093     7.74031     7.66814     7.60966     7.51751     7.38466     7.11634     6.68418
  7.99093     7.74014     7.66807     7.60986     7.51729     7.38410     7.11593     6.68358
  7.99093     7.73996     7.66798     7.60969     7.51700     7.38363     7.11543     6.68315
  7.99093     7.73990     7.66788     7.60954     7.51663     7.38332     7.11499     6.68280
  7.99093     7.73992     7.66796     7.60964     7.51639     7.38310     7.11455     6.68239
  7.99093     7.73996     7.66828     7.60984     7.51631     7.38304     7.11434     6.68206
  7.99093     7.74001     7.66855     7.60992     7.51634     7.38316     7.11418     6.68188
  7.99093     7.74007     7.66855     7.60987     7.51639     7.38320     7.11376     6.68167
  7.99093     7.74010     7.66869     7.60979     7.51628     7.38300     7.11334     6.68122
  7.99093     7.74008     7.66925     7.60969     7.51603     7.38273     7.11299     6.68062
  7.99093     7.74013     7.66931     7.60963     7.51591     7.38253     7.11290     6.68034
  7.99093     7.74033     7.66937     7.60966     7.51608     7.38261     7.11260     6.68016
  7.99093     7.74055     7.66964     7.60979     7.51615     7.38253     7.11248     6.68005
  7.99093     7.74085     7.67000     7.60974     7.51619     7.38244     7.11211     6.67974
  7.99093     7.74078     7.66999     7.60965     7.51614     7.38118     7.11158     6.67935
  7.99093     7.74062     7.67004     7.60955     7.51618     7.38074     7.11149     6.67906
  7.99093     7.74066     7.67027     7.60971     7.51638     7.38081     7.11149     6.67904
  7.99093     7.74084     7.67027     7.60991     7.51652     7.38104     7.11148     6.67905
  7.99093     7.74095     7.67035     7.61008     7.51666     7.38126     7.11154     6.67923
  7.99093     7.74098     7.67058     7.61022     7.51681     7.38132     7.11166     6.67949
  7.99093     7.74100     7.67074     7.61042     7.51705     7.38155     7.11201     6.67986
  7.99093     7.74103     7.67092     7.61068     7.51743     7.38210     7.11257     6.68049
  7.99093     7.74108     7.67119     7.61091     7.51781     7.38256     7.11292     6.68114
  7.99093     7.74120     7.67156     7.61133     7.51823     7.38303     7.11330     6.68186
  7.99093     7.74132     7.67171     7.61166     7.51856     7.38350     7.11379     6.68269
  7.99093     7.74163     7.67198     7.61210     7.51927     7.38410     7.11398     6.68407
  7.99093     7.74165     7.67199     7.61211     7.51944     7.38445     7.11455     6.68490
  7.99093     7.74242     7.67367     7.61355     7.52110     7.38649     7.11726     6.68840
  7.99093     7.74273     7.67414     7.61423     7.52167     7.38719     7.11841     6.68969
  7.99093     7.74297     7.67467     7.61478     7.52227     7.38797     7.11975     6.69083
  7.99093     7.74320     7.67521     7.61524     7.52291     7.38873     7.12083     6.69215
  7.99093     7.74362     7.67568     7.61574     7.52360     7.38956     7.12154     6.69331
  7.99093     7.74413     7.67623     7.61625     7.52433     7.39035     7.12256     6.69424
  7.99093     7.74465     7.67675     7.61670     7.52498     7.39103     7.12356     6.69508
  7.99093     7.74462     7.67668     7.61672     7.52511     7.39119     7.12381     6.69559
  7.99093     7.74417     7.67641     7.61656     7.52506     7.39110     7.12389     6.69595
  7.99093     7.74444     7.67698     7.61717     7.52571     7.39171     7.12474     6.69682
  7.99093     7.74479     7.67792     7.61791     7.52648     7.39219     7.12588     6.69773
  7.99093     7.74523     7.67854     7.61841     7.52707     7.39204     7.12694     6.69820
  7.99093     7.74575     7.67909     7.61901     7.52776     7.39265     7.12652     6.69894
  7.99093     7.74608     7.67944     7.61924     7.52818     7.39309     7.12650     6.69997
  7.99093     7.74748     7.68120     7.62076     7.53012     7.39493     7.12892     6.70178
  7.99093     7.74792     7.68143     7.62116     7.53044     7.39649     7.12966     6.70227
  7.99093     7.74831     7.68201     7.62165     7.53105     7.39746     7.13025     6.70285
  7.99093     7.74862     7.68249     7.62208     7.53163     7.39801     7.13059     6.70337
  7.99093     7.74895     7.68284     7.62248     7.53193     7.39858     7.13063     6.70394
  7.99093     7.74924     7.68325     7.62297     7.53228     7.39918     7.13114     6.70462
  7.99093     7.74950     7.68375     7.62353     7.53288     7.39980     7.13184     6.70525
  7.99093     7.74977     7.68411     7.62402     7.53353     7.40046     7.13229     6.70601
  7.99093     7.75005     7.68438     7.62443     7.53409     7.40117     7.13267     6.70701
  7.99093     7.75038     7.68484     7.62492     7.53479     7.40199     7.13293     6.70789
  7.99093     7.75086     7.68530     7.62546     7.53546     7.40264     7.13361     6.70871
  7.99093     7.75210     7.68576     7.62596     7.53592     7.40325     7.13474     6.70960
  7.99093     7.75240     7.68607     7.62634     7.53654     7.40351     7.13500     6.71031
  7.99093     7.75258     7.68652     7.62677     7.53711     7.40414     7.13538     6.71092
  7.99093     7.75373     7.68865     7.62883     7.53883     7.40628     7.13899     6.71310
  7.99093     7.75406     7.68898     7.62935     7.53937     7.40683     7.13938     6.71374
  7.99093     7.75441     7.68951     7.62986     7.54003     7.40747     7.14014     6.71432
  7.99093     7.75482     7.68990     7.63026     7.54045     7.40800     7.14072     6.71476
  7.99093     7.75525     7.69042     7.63076     7.54087     7.40866     7.14153     6.71514
  7.99093     7.75557     7.69103     7.63144     7.54134     7.40925     7.14228     6.71572
  7.99093     7.75590     7.69159     7.63213     7.54181     7.40965     7.14279     6.71624
  7.99093     7.75627     7.69201     7.63262     7.54213     7.40985     7.14321     6.71641
  7.99093     7.75660     7.69234     7.63298     7.54227     7.40998     7.14335     6.71646
  7.99093     7.75688     7.69281     7.63337     7.54288     7.41022     7.14314     6.71664
  7.99093     7.75696     7.69325     7.63356     7.54412     7.41025     7.14316     6.71665
  7.99093     7.75705     7.69359     7.63374     7.54398     7.41024     7.14315     6.71650
  7.99093     7.75716     7.69358     7.63377     7.54367     7.41000     7.14256     6.71625
  7.99093     7.75719     7.69382     7.63387     7.54255     7.40990     7.14198     6.71600
  7.99093     7.75706     7.69414     7.63351     7.54152     7.40846     7.14162     6.71418
  7.99093     7.75713     7.69411     7.63329     7.54114     7.40790     7.14108     6.71336
  7.99093     7.75704     7.69403     7.63297     7.54061     7.40715     7.14049     6.71258
  7.99093     7.75696     7.69392     7.63245     7.53993     7.40629     7.13993     6.71147
  7.99093     7.75671     7.69367     7.63197     7.53888     7.40537     7.13907     6.71041
  7.99093     7.75632     7.69338     7.63150     7.53794     7.40437     7.13792     6.70942
  7.99093     7.75589     7.69305     7.63098     7.53731     7.40335     7.13691     6.70843
  7.99093     7.75549     7.69259     7.63027     7.53664     7.40226     7.13610     6.70731
  7.99093     7.75514     7.69209     7.62939     7.53586     7.40114     7.13505     6.70605
  7.99093     7.75470     7.69177     7.62880     7.53511     7.40020     7.13370     6.70489
  7.99093     7.75428     7.69143     7.62834     7.53436     7.39920     7.13268     6.70371
  7.99093     7.75389     7.69101     7.62764     7.53348     7.39800     7.13140     6.70230
  7.99093     7.75327     7.69024     7.62672     7.53242     7.39660     7.12998     6.70076
  7.99093     7.75283     7.68999     7.62619     7.53179     7.39574     7.12865     6.69972
  7.99093     7.75123     7.68874     7.62399     7.52963     7.39306     7.12562     6.69675
  7.99093     7.75082     7.68851     7.62357     7.52925     7.39245     7.12460     6.69619
  7.99093     7.75032     7.68817     7.62305     7.52867     7.39177     7.12352     6.69570
  7.99093     7.74992     7.68781     7.62244     7.52814     7.39107     7.12261     6.69498
  7.99093     7.74955     7.68739     7.62186     7.52769     7.39047     7.12149     6.69427
  7.99093     7.74944     7.68714     7.62153     7.52747     7.38937     7.12082     6.69389
  7.99093     7.74919     7.68692     7.62130     7.52738     7.38848     7.12043     6.69382
  7.99093     7.74881     7.68660     7.62091     7.52729     7.38822     7.11989     6.69375
  7.99093     7.74868     7.68643     7.62061     7.52727     7.38805     7.11956     6.69367
  7.99093     7.74864     7.68655     7.62069     7.52742     7.38827     7.11952     6.69400
  7.99093     7.74868     7.68690     7.62102     7.52773     7.38885     7.11954     6.69477
  7.99093     7.74869     7.68714     7.62131     7.52813     7.38942     7.11981     6.69551
  7.99093     7.74882     7.68725     7.62138     7.52842     7.39028     7.12020     6.69610
  7.99093     7.74903     7.68788     7.62174     7.52909     7.39117     7.12056     6.69719
  7.99093     7.74941     7.68908     7.62321     7.53093     7.39392     7.12298     6.70018
  7.99093     7.74975     7.68971     7.62408     7.53169     7.39505     7.12388     6.70144
  7.99093     7.75012     7.69019     7.62476     7.53238     7.39588     7.12436     6.70270
  7.99093     7.75084     7.69101     7.62559     7.53327     7.39696     7.12533     6.70416
  7.99093     7.75158     7.69186     7.62645     7.53420     7.39804     7.12665     6.70571
  7.99093     7.75226     7.69279     7.62746     7.53524     7.39929     7.12777     6.70730
  7.99093     7.75302     7.69373     7.62856     7.53642     7.40072     7.12886     6.70891
  7.99093     7.75373     7.69450     7.62948     7.53752     7.40193     7.13026     6.71043
  7.99093     7.75426     7.69522     7.63024     7.53848     7.40288     7.13166     6.71172
  7.99093     7.75484     7.69615     7.63117     7.53960     7.40400     7.13302     6.71302
  7.99093     7.75602     7.69739     7.63236     7.54090     7.40534     7.13504     6.71486
  7.99093     7.75810     7.69823     7.63329     7.54187     7.40609     7.13647     6.71671
  7.99093     7.75891     7.69900     7.63404     7.54268     7.40698     7.13781     6.71775
  7.99093     7.75941     7.69990     7.63505     7.54372     7.40810     7.13897     6.71898
  7.99093     7.76146     7.70232     7.63767     7.54634     7.41048     7.14312     6.72311
  7.99093     7.76203     7.70312     7.63848     7.54735     7.41162     7.14428     6.72454
  7.99093     7.76274     7.70354     7.63919     7.54830     7.41267     7.14526     6.72581
  7.99093     7.76331     7.70410     7.63983     7.54904     7.41346     7.14588     6.72688
  7.99093     7.76383     7.70490     7.64054     7.54969     7.41409     7.14706     6.72802
  7.99093     7.76441     7.70598     7.64175     7.55048     7.41478     7.14846     6.72916
  7.99093     7.76492     7.70680     7.64275     7.55123     7.41542     7.14952     6.73014
  7.99093     7.76532     7.70716     7.64317     7.55172     7.41589     7.15042     6.73095
  7.99093     7.76569     7.70754     7.64363     7.55215     7.41640     7.15134     6.73176
  7.99093     7.76608     7.70813     7.64429     7.55279     7.41715     7.15202     6.73277
  7.99093     7.76650     7.70879     7.64500     7.55354     7.41808     7.15229     6.73393
  7.99093     7.76690     7.70908     7.64539     7.55399     7.41860     7.15281     6.73495
  7.99093     7.76730     7.70942     7.64576     7.55449     7.41908     7.15324     6.73577
  7.99093     7.76754     7.70901     7.64622     7.55512     7.41967     7.15371     6.73652
  7.99093     7.76937     7.71086     7.64852     7.55697     7.42167     7.15647     6.73931
  7.99093     7.76980     7.71150     7.64926     7.55771     7.42232     7.15710     6.73992
  7.99093     7.77010     7.71209     7.64976     7.55823     7.42296     7.15798     6.74050
  7.99093     7.77028     7.71242     7.65012     7.55852     7.42329     7.15859     6.74088
  7.99093     7.77052     7.71290     7.65009     7.55889     7.42358     7.15928     6.74122
  7.99093     7.77090     7.71352     7.65038     7.55944     7.42412     7.15996     6.74181
  7.99093     7.77124     7.71398     7.65087     7.55994     7.42467     7.16005     6.74237
  7.99093     7.77153     7.71422     7.65109     7.56029     7.42509     7.15968     6.74269
  7.99093     7.77188     7.71460     7.65132     7.56063     7.42548     7.15992     6.74288
  7.99093     7.77218     7.71533     7.65175     7.56102     7.42586     7.16095     6.74306
  7.99093     7.77233     7.71587     7.65209     7.56136     7.42614     7.16134     6.74336
  7.99093     7.77257     7.71631     7.65244     7.56156     7.42624     7.16172     6.74377
  7.99093     7.77267     7.71648     7.65263     7.56153     7.42617     7.16169     6.74368
  7.99093     7.77288     7.71691     7.65293     7.56179     7.42645     7.16200     6.74390
  7.99093     7.77346     7.71803     7.65444     7.56215     7.42686     7.16225     6.74428
  7.99093     7.77348     7.71832     7.65478     7.56232     7.42685     7.16208     6.74426
  7.99093     7.77368     7.71863     7.65493     7.56231     7.42687     7.16218     6.74441
  7.99093     7.77407     7.71825     7.65499     7.56227     7.42689     7.16216     6.74472
  7.99093     7.77439     7.71831     7.65519     7.56219     7.42689     7.16216     6.74495
  7.99093     7.77457     7.71865     7.65554     7.56220     7.42696     7.16246     6.74505
  7.99093     7.77463     7.71885     7.65573     7.56196     7.42697     7.16284     6.74517
  7.99093     7.77458     7.71890     7.65565     7.56147     7.42680     7.16289     6.74521
  7.99093     7.77448     7.71895     7.65554     7.56121     7.42654     7.16273     6.74505
  7.99093     7.77438     7.71915     7.65551     7.56112     7.42632     7.16274     6.74495
  7.99093     7.77431     7.71923     7.65531     7.56091     7.42603     7.16257     6.74477
  7.99093     7.77429     7.71904     7.65485     7.56045     7.42540     7.16217     6.74462
  7.99093     7.77427     7.71900     7.65452     7.56012     7.42487     7.16137     6.74425
  7.99093     7.77420     7.71914     7.65436     7.55968     7.42427     7.16148     6.74416
  7.99093     7.77392     7.72048     7.65341     7.55827     7.42247     7.15995     6.74301
  7.99093     7.77283     7.71969     7.65228     7.55661     7.42098     7.15887     6.74172
  7.99093     7.77224     7.71919     7.65169     7.55582     7.42010     7.15812     6.74086
  7.99093     7.77180     7.71875     7.65102     7.55511     7.41929     7.15711     6.74015
  7.99093     7.77162     7.71856     7.65060     7.55457     7.41861     7.15632     6.73970
  7.99093     7.77101     7.71805     7.64992     7.55368     7.41764     7.15556     6.73874
  7.99093     7.77023     7.71749     7.64914     7.55276     7.41658     7.15466     6.73761
  7.99093     7.76980     7.71720     7.64858     7.55214     7.41561     7.15377     6.73691
  7.99093     7.76944     7.71694     7.64801     7.55152     7.41459     7.15300     6.73636
  7.99093     7.76902     7.71671     7.64751     7.55097     7.41375     7.15233     6.73580
  7.99093     7.76858     7.71625     7.64700     7.55016     7.41300     7.15148     6.73512
  7.99093     7.76810     7.71564     7.64616     7.54922     7.41213     7.15032     6.73431
  7.99093     7.76752     7.71491     7.64521     7.54802     7.41102     7.14904     6.73344
  7.99093     7.76709     7.71470     7.64459     7.54729     7.41024     7.14828     6.73289
  7.99093     7.76546     7.71293     7.64224     7.54488     7.40752     7.14490     6.73020
  7.99093     7.76497     7.71260     7.64171     7.54430     7.40684     7.14410     6.72987
  7.99093     7.76444     7.71198     7.64109     7.54330     7.40549     7.14374     6.72931
  7.99093     7.76399     7.71153     7.64035     7.54258     7.40463     7.14298     6.72888
  7.99093     7.76375     7.71134     7.64008     7.54223     7.40423     7.14243     6.72865
  7.99093     7.76352     7.71117     7.63993     7.54190     7.40391     7.14209     6.72858
  7.99093     7.76333     7.71097     7.63965     7.54163     7.40363     7.14167     6.72857
  7.99093     7.76333     7.71085     7.63939     7.54141     7.40348     7.14126     6.72862
  7.99093     7.76329     7.71084     7.63929     7.54116     7.40340     7.14103     6.72883
  7.99093     7.76304     7.71083     7.63938     7.54106     7.40333     7.14103     6.72911
  7.99093     7.76284     7.71076     7.63940     7.54105     7.40343     7.14109     6.72941
  7.99093     7.76276     7.71075     7.63931     7.54105     7.40345     7.14107     6.72985
  7.99093     7.76268     7.71076     7.63932     7.54122     7.40351     7.14125     6.73030
  7.99093     7.76272     7.71103     7.63948     7.54156     7.40375     7.14060     6.73085
