  7.82825     7.62548     7.57758     7.49287     7.38777     7.27718     7.05481     6.58842
  7.82909     7.62668     7.57839     7.49369     7.38848     7.27768     7.05567     6.58882
  7.82990     7.62773     7.57928     7.49433     7.38972     7.27825     7.05643     6.58949
  7.83112     7.62934     7.58047     7.49558     7.39085     7.27928     7.05752     6.59039
  7.83255     7.63064     7.58181     7.49670     7.39262     7.28019     7.05848     6.59156
  7.83382     7.63207     7.58284     7.49790     7.39381     7.28108     7.05932     6.59210
  7.83514     7.63301     7.58366     7.49855     7.39474     7.28159     7.05978     6.59294
  7.83640     7.63392     7.58421     7.49929     7.39543     7.28199     7.06013     6.59334
  7.83771     7.63465     7.58484     7.49971     7.39596     7.28243     7.06042     6.59392
  7.83924     7.63548     7.58545     7.50036     7.39676     7.28303     7.06061     6.59440
  7.84097     7.63640     7.58642     7.50135     7.39768     7.28378     7.06131     6.59559
  7.84244     7.63752     7.58749     7.50249     7.39878     7.28465     7.06194     6.59634
  7.84400     7.63904     7.58899     7.50397     7.40025     7.28609     7.06334     6.59765
  7.84530     7.64002     7.58996     7.50515     7.40101     7.28685     7.06430     6.59862
  7.84661     7.64150     7.59135     7.50653     7.40202     7.28818     7.06497     6.59983
  7.84766     7.64269     7.59236     7.50760     7.40263     7.28925     7.06616     6.60066
  7.84885     7.64399     7.59340     7.50878     7.40356     7.29055     7.06699     6.60183
  7.85004     7.64522     7.59454     7.50981     7.40424     7.29177     7.06871     6.60307
  7.85111     7.64601     7.59529     7.51073     7.40501     7.29267     7.06967     6.60415
  7.85273     7.64711     7.59621     7.51170     7.40568     7.29354     7.07123     6.60555
  7.85371     7.64801     7.59727     7.51273     7.40690     7.29468     7.07224     6.60705
  7.85490     7.64903     7.59801     7.51362     7.40755     7.29540     7.07303     6.60842
  7.85528     7.64971     7.59875     7.51434     7.40813     7.29618     7.07376     6.60964
  7.85583     7.65081     7.59968     7.51536     7.40893     7.29725     7.07504     6.61099
  7.85662     7.65156     7.60070     7.51637     7.40963     7.29819     7.07585     6.61265
  7.85732     7.65230     7.60134     7.51738     7.41026     7.29918     7.07712     6.61395
  7.85840     7.65276     7.60211     7.51837     7.41133     7.30014     7.07851     6.61517
  7.85956     7.65345     7.60284     7.51955     7.41217     7.30120     7.07980     6.61650
  7.86017     7.65337     7.60301     7.51987     7.41263     7.30140     7.08056     6.61713
  7.86242     7.65480     7.60426     7.52131     7.41422     7.30311     7.08201     6.61841
  7.86323     7.65493     7.60468     7.52169     7.41473     7.30349     7.08235     6.61934
  7.86513     7.65599     7.60568     7.52286     7.41625     7.30497     7.08362     6.62026
  7.86507     7.65556     7.60558     7.52271     7.41630     7.30492     7.08377     6.62015
  7.86648     7.65666     7.60663     7.52403     7.41768     7.30640     7.08540     6.62100
  7.86553     7.65566     7.60581     7.52326     7.41682     7.30564     7.08505     6.62008
  7.86715     7.65746     7.60732     7.52500     7.41851     7.30738     7.08643     6.62109
  7.86724     7.65762     7.60732     7.52513     7.41844     7.30747     7.08669     6.62112
  7.86687     7.65770     7.60708     7.52503     7.41819     7.30736     7.08644     6.62045
  7.86745     7.65878     7.60793     7.52591     7.41891     7.30811     7.08773     6.62101
  7.86654     7.65841     7.60728     7.52514     7.41826     7.30755     7.08733     6.62022
  7.86657     7.65908     7.60779     7.52550     7.41821     7.30782     7.08819     6.62055
  7.86649     7.65901     7.60772     7.52542     7.41814     7.30775     7.08812     6.62049
  7.86663     7.66019     7.60831     7.52568     7.41864     7.30817     7.08841     6.62090
  7.86574     7.66006     7.60801     7.52501     7.41779     7.30745     7.08794     6.62056
  7.86574     7.66109     7.60863     7.52512     7.41826     7.30758     7.08839     6.62070
  7.86476     7.66069     7.60802     7.52429     7.41738     7.30665     7.08772     6.61981
  7.86495     7.66119     7.60866     7.52448     7.41801     7.30689     7.08836     6.61957
  7.86444     7.66086     7.60822     7.52405     7.41779     7.30635     7.08813     6.61897
  7.86520     7.66156     7.60904     7.52476     7.41867     7.30697     7.08891     6.61935
  7.86537     7.66211     7.60942     7.52522     7.41942     7.30747     7.08954     6.61948
  7.86554     7.66206     7.60968     7.52537     7.41983     7.30771     7.08963     6.61983
  7.86604     7.66286     7.61052     7.52631     7.42093     7.30874     7.09058     6.62049
  7.86634     7.66282     7.61096     7.52675     7.42157     7.30911     7.09124     6.62090
  7.86639     7.66284     7.61102     7.52715     7.42198     7.30935     7.09127     6.62090
  7.86708     7.66299     7.61162     7.52779     7.42292     7.30981     7.09200     6.62149
  7.86805     7.66380     7.61230     7.52882     7.42403     7.31077     7.09268     6.62196
  7.86891     7.66439     7.61304     7.52954     7.42488     7.31161     7.09347     6.62179
  7.86959     7.66538     7.61389     7.53073     7.42511     7.31284     7.09449     6.62233
  7.87015     7.66636     7.61490     7.53182     7.42592     7.31372     7.09618     6.62216
  7.87073     7.66772     7.61610     7.53331     7.42624     7.31497     7.09760     6.62333
  7.87038     7.66801     7.61656     7.53378     7.42638     7.31517     7.09815     6.62345
  7.87144     7.66965     7.61816     7.53551     7.42782     7.31668     7.09955     6.62498
  7.87159     7.67017     7.61815     7.53616     7.42811     7.31722     7.09989     6.62555
  7.87165     7.67082     7.61871     7.53679     7.42838     7.31769     7.09998     6.62600
  7.87238     7.67174     7.61900     7.53771     7.42903     7.31854     7.10062     6.62674
  7.87201     7.67172     7.61908     7.53763     7.42876     7.31831     7.10043     6.62683
  7.87200     7.67170     7.61993     7.53757     7.42863     7.31820     7.10044     6.62494
  7.87173     7.67153     7.62002     7.53746     7.43053     7.31802     7.10019     6.62488
  7.87213     7.67181     7.62106     7.53795     7.43070     7.31835     7.10077     6.62327
  7.87098     7.67107     7.62043     7.53748     7.43210     7.31775     7.10011     6.62280
  7.87169     7.67176     7.62111     7.53816     7.43276     7.31841     7.10074     6.62340
  7.87179     7.67155     7.62107     7.53829     7.43253     7.31856     7.10068     6.62314
  7.87207     7.67198     7.62163     7.53906     7.43308     7.31905     7.10130     6.62363
  7.87201     7.67161     7.62142     7.53914     7.43289     7.31904     7.10115     6.62305
  7.87392     7.67309     7.62330     7.54110     7.43488     7.32057     7.10274     6.62437
  7.87321     7.67230     7.62240     7.54056     7.43427     7.32021     7.10197     6.62327
  7.87507     7.67393     7.62437     7.54257     7.43619     7.32203     7.10366     6.62487
  7.87641     7.67520     7.62583     7.54405     7.43762     7.32366     7.10461     6.62584
  7.87814     7.67701     7.62759     7.54592     7.43923     7.32534     7.10619     6.62755
  7.87926     7.67849     7.62905     7.54734     7.44058     7.32671     7.10796     6.62870
  7.88056     7.68039     7.63079     7.54913     7.44198     7.32822     7.10971     6.63030
  7.88182     7.68222     7.63219     7.55053     7.44324     7.32972     7.11167     6.63162
  7.88167     7.68265     7.63261     7.55075     7.44334     7.32998     7.11198     6.63194
  7.88379     7.68524     7.63494     7.55295     7.44546     7.33214     7.11382     6.63406
  7.88474     7.68621     7.63608     7.55394     7.44632     7.33313     7.11480     6.63497
  7.88606     7.68798     7.63762     7.55522     7.44782     7.33495     7.11609     6.63615
  7.88678     7.68893     7.63866     7.55596     7.44836     7.33569     7.11685     6.63701
  7.88802     7.69061     7.64006     7.55735     7.44966     7.33749     7.11835     6.63829
  7.88905     7.69179     7.64092     7.55823     7.45031     7.33820     7.11927     6.63914
  7.88981     7.69280     7.64143     7.55910     7.45103     7.33872     7.12006     6.64011
  7.89149     7.69427     7.64266     7.56054     7.45223     7.34012     7.12144     6.64129
  7.89284     7.69539     7.64330     7.56161     7.45321     7.34090     7.12248     6.64217
  7.89378     7.69570     7.64360     7.56212     7.45354     7.34151     7.12269     6.64258
  7.89582     7.69694     7.64488     7.56361     7.45491     7.34275     7.12372     6.64396
  7.89659     7.69637     7.64465     7.56385     7.45490     7.34275     7.12356     6.64384
  7.89828     7.69716     7.64548     7.56518     7.45582     7.34314     7.12400     6.64514
  7.89895     7.69660     7.64536     7.56548     7.45575     7.34316     7.12374     6.64520
  7.89999     7.69719     7.64603     7.56646     7.45638     7.34330     7.12431     6.64630
  7.90099     7.69771     7.64645     7.56723     7.45674     7.34391     7.12464     6.64728
  7.90162     7.69832     7.64706     7.56783     7.45734     7.34450     7.12521     6.64781
  7.90226     7.69877     7.64755     7.56827     7.45772     7.34474     7.12601     6.64848
  7.90345     7.69978     7.64838     7.56936     7.45849     7.34565     7.12675     6.64957
  7.90406     7.70026     7.64877     7.56973     7.45877     7.34579     7.12754     6.65007
  7.90589     7.70184     7.65019     7.57131     7.46016     7.34732     7.12868     6.65149
  7.90641     7.70213     7.65042     7.57148     7.46008     7.34738     7.12899     6.65197
  7.90894     7.70447     7.65236     7.57351     7.46199     7.34934     7.13088     6.65378
  7.91078     7.70608     7.65375     7.57503     7.46299     7.35176     7.13219     6.65543
  7.91236     7.70752     7.65485     7.57610     7.46409     7.35263     7.13304     6.65659
  7.91516     7.71009     7.65727     7.57872     7.46619     7.35589     7.13553     6.65948
  7.91628     7.71076     7.65785     7.57929     7.46687     7.35628     7.13561     6.66024
  7.91802     7.71202     7.65898     7.58065     7.46780     7.35715     7.13690     6.66174
  7.91898     7.71238     7.65927     7.58102     7.46817     7.35739     7.13701     6.66222
  7.92108     7.71302     7.65982     7.58179     7.46867     7.35796     7.13729     6.66256
  7.92168     7.71308     7.65972     7.58180     7.46881     7.35788     7.13677     6.66305
  7.92294     7.71267     7.65944     7.58166     7.46860     7.35776     7.13677     6.66286
  7.92378     7.71251     7.65950     7.58190     7.46883     7.35783     7.13679     6.66327
  7.92368     7.71162     7.65886     7.58124     7.46826     7.35709     7.13649     6.66274
  7.92339     7.71069     7.65804     7.58034     7.46743     7.35621     7.13605     6.66210
  7.92300     7.70992     7.65738     7.57964     7.46667     7.35529     7.13510     6.66167
  7.92298     7.71001     7.65706     7.57910     7.46620     7.35472     7.13471     6.66180
  7.92218     7.70921     7.65626     7.57805     7.46516     7.35369     7.13385     6.66106
  7.92174     7.70915     7.65597     7.57746     7.46463     7.35303     7.13399     6.66115
  7.92223     7.70883     7.65566     7.57675     7.46387     7.35258     7.13352     6.66079
  7.92200     7.70906     7.65577     7.57647     7.46376     7.35241     7.13410     6.66084
  7.92323     7.71002     7.65629     7.57672     7.46395     7.35286     7.13463     6.66155
  7.92387     7.71230     7.65733     7.57743     7.46454     7.35424     7.13479     6.66276
  7.92420     7.71364     7.65821     7.57806     7.46501     7.35504     7.13561     6.66390
  7.92389     7.71510     7.65870     7.57801     7.46480     7.35564     7.13548     6.66434
  7.92409     7.71608     7.65960     7.57898     7.46522     7.35626     7.13610     6.66532
  7.92409     7.71608     7.65960     7.57898     7.46522     7.35626     7.13610     6.66532
  7.92400     7.71647     7.66022     7.57914     7.46536     7.35648     7.13675     6.66568
  7.92429     7.71752     7.66128     7.58035     7.46624     7.35723     7.13803     6.66670
  7.92453     7.71802     7.66205     7.58079     7.46682     7.35802     7.13878     6.66741
  7.92430     7.71828     7.66243     7.58105     7.46731     7.35858     7.13932     6.66783
  7.92485     7.71872     7.66339     7.58190     7.46821     7.35976     7.14043     6.66844
  7.92511     7.71917     7.66390     7.58264     7.46922     7.36065     7.14102     6.66897
  7.92540     7.71820     7.66444     7.58355     7.47007     7.36172     7.14163     6.66926
  7.92583     7.71876     7.66482     7.58451     7.47131     7.36242     7.14215     6.66970
  7.92654     7.71819     7.66567     7.58558     7.47242     7.36396     7.14300     6.67041
  7.92727     7.71880     7.66620     7.58687     7.47359     7.36461     7.14353     6.67088
  7.92871     7.71998     7.66768     7.58840     7.47520     7.36651     7.14459     6.67196
  7.92920     7.72025     7.66794     7.58927     7.47600     7.36674     7.14524     6.67213
  7.93122     7.72209     7.67001     7.59149     7.47829     7.36910     7.14674     6.67393
  7.93119     7.72209     7.67002     7.59150     7.47871     7.36913     7.14694     6.67361
  7.93293     7.72394     7.67195     7.59348     7.48094     7.37100     7.14841     6.67512
  7.93305     7.72448     7.67240     7.59380     7.48163     7.37152     7.14835     6.67516
  7.93296     7.72476     7.67288     7.59424     7.48226     7.37193     7.14837     6.67529
  7.93338     7.72589     7.67385     7.59506     7.48332     7.37265     7.14910     6.67559
  7.93266     7.72552     7.67384     7.59479     7.48338     7.37260     7.14839     6.67535
  7.93263     7.72593     7.67425     7.59523     7.48369     7.37265     7.14882     6.67520
  7.93281     7.72645     7.67486     7.59563     7.48441     7.37301     7.14902     6.67524
  7.93327     7.72689     7.67537     7.59617     7.48474     7.37317     7.14901     6.67517
  7.93281     7.72643     7.67502     7.59570     7.48443     7.37270     7.14843     6.67428
  7.93440     7.72761     7.67656     7.59715     7.48569     7.37404     7.14954     6.67507
  7.93405     7.72697     7.67620     7.59667     7.48553     7.37357     7.14854     6.67400
  7.93564     7.72797     7.67734     7.59808     7.48683     7.37485     7.14953     6.67459
  7.93642     7.72850     7.67786     7.59893     7.48766     7.37540     7.14985     6.67446
  7.93809     7.72967     7.67904     7.60040     7.48972     7.37654     7.15066     6.67504
  7.93936     7.73091     7.68027     7.60162     7.49092     7.37772     7.15180     6.67611
  7.94101     7.73228     7.68137     7.60307     7.49249     7.37886     7.15286     6.67670
  7.94137     7.73205     7.68158     7.60345     7.49354     7.37845     7.15262     6.67634
  7.94331     7.73363     7.68320     7.60529     7.49565     7.37980     7.15351     6.67746
  7.94292     7.73274     7.68267     7.60501     7.49541     7.37870     7.15222     6.67636
  7.94477     7.73443     7.68449     7.60691     7.49732     7.38004     7.15321     6.67733
  7.94425     7.73366     7.68390     7.60626     7.49686     7.37926     7.15190     6.67624
  7.94463     7.73410     7.68422     7.60655     7.49714     7.37919     7.15194     6.67604
  7.94528     7.73482     7.68481     7.60689     7.49774     7.37964     7.15185     6.67622
  7.94351     7.73340     7.68293     7.60506     7.49603     7.37755     7.14974     6.67437
  7.94448     7.73467     7.68392     7.60593     7.49804     7.37841     7.15043     6.67532
  7.94390     7.73450     7.68322     7.60482     7.49740     7.37760     7.14937     6.67468
  7.94436     7.73516     7.68374     7.60518     7.49890     7.37793     7.14994     6.67528
  7.94487     7.73586     7.68413     7.60497     7.49921     7.37800     7.15034     6.67556
  7.94570     7.73645     7.68462     7.60541     7.49970     7.37852     7.15058     6.67607
  7.94582     7.73658     7.68473     7.60564     7.49948     7.37822     7.15079     6.67621
  7.94617     7.73650     7.68481     7.60562     7.49969     7.37836     7.15035     6.67642
  7.94707     7.73739     7.68557     7.60679     7.50021     7.37897     7.15068     6.67744
  7.94804     7.73786     7.68630     7.60745     7.50099     7.37960     7.15136     6.67820
  7.94955     7.73917     7.68739     7.60868     7.50202     7.38055     7.15231     6.67953
  7.94902     7.73793     7.68607     7.60760     7.50098     7.37935     7.15136     6.67869
  7.95114     7.73939     7.68753     7.60910     7.50242     7.38079     7.15305     6.68036
  7.95047     7.73777     7.68587     7.60760     7.50114     7.37935     7.15157     6.67929
  7.95163     7.73790     7.68604     7.60777     7.50151     7.37983     7.15183     6.68000
  7.95201     7.73730     7.68546     7.60712     7.50125     7.37939     7.15144     6.67972
  7.95289     7.73724     7.68554     7.60750     7.50147     7.37971     7.15166     6.68038
  7.95347     7.73690     7.68547     7.60741     7.50158     7.37961     7.15173     6.68094
  7.95278     7.73605     7.68460     7.60681     7.50057     7.37882     7.15075     6.68048
  7.95354     7.73645     7.68513     7.60742     7.50109     7.37930     7.15123     6.68153
  7.95250     7.73544     7.68413     7.60643     7.50012     7.37834     7.15030     6.68066
  7.95303     7.73581     7.68432     7.60672     7.50017     7.37866     7.15021     6.68108
  7.95364     7.73638     7.68448     7.60693     7.50030     7.37884     7.15054     6.68138
  7.95371     7.73583     7.68396     7.60641     7.49980     7.37848     7.14979     6.68126
  7.95492     7.73670     7.68446     7.60713     7.50032     7.37882     7.15081     6.68183
  7.95585     7.73711     7.68489     7.60774     7.50079     7.37938     7.15071     6.68259
  7.95597     7.73723     7.68461     7.60773     7.50050     7.37891     7.15053     6.68245
  7.95669     7.73765     7.68488     7.60863     7.50103     7.37971     7.15044     6.68316
  7.95692     7.73728     7.68481     7.60872     7.50084     7.37961     7.14981     6.68320
  7.95662     7.73654     7.68406     7.60842     7.50036     7.37860     7.14872     6.68294
  7.95714     7.73596     7.68393     7.60868     7.50015     7.37853     7.14848     6.68315
  7.95824     7.73613     7.68425     7.60943     7.50095     7.37834     7.14883     6.68389
  7.95798     7.73503     7.68308     7.60884     7.49990     7.37739     7.14811     6.68300
  7.95960     7.73559     7.68373     7.60983     7.50096     7.37820     7.14943     6.68422
  7.96005     7.73541     7.68351     7.60962     7.50060     7.37810     7.14879     6.68409
  7.96096     7.73565     7.68377     7.60978     7.50088     7.37818     7.14885     6.68459
  7.96281     7.73719     7.68527     7.61104     7.50207     7.37949     7.14953     6.68602
  7.96417     7.73821     7.68629     7.61187     7.50304     7.38010     7.15006     6.68724
  7.96730     7.74110     7.68919     7.61442     7.50582     7.38266     7.15214     6.68987
  7.96945     7.74305     7.69117     7.61614     7.50761     7.38417     7.15402     6.69186
  7.97340     7.74693     7.69493     7.61949     7.51093     7.38756     7.15713     6.69560
  7.97535     7.74925     7.69688     7.62065     7.51145     7.38909     7.15868     6.69744
  7.97854     7.75272     7.69995     7.62357     7.51401     7.39193     7.16177     6.70059
  7.98079     7.75562     7.70237     7.62524     7.51490     7.39399     7.16406     6.70289
  7.98244     7.75781     7.70443     7.62703     7.51651     7.39579     7.16616     6.70479
  7.98431     7.76040     7.70680     7.62905     7.51841     7.39770     7.16822     6.70686
  7.98571     7.76247     7.70892     7.63083     7.52013     7.39946     7.16978     6.70910
  7.98743     7.76511     7.71123     7.63274     7.52217     7.40142     7.17133     6.71127
  7.98840     7.76659     7.71255     7.63370     7.52327     7.40264     7.17229     6.71288
  7.98961     7.76776     7.71371     7.63485     7.52440     7.40375     7.17337     6.71389
  7.99179     7.77246     7.71552     7.63896     7.52476     7.40296     7.17621     6.70672
  7.99288     7.77361     7.71666     7.63981     7.52576     7.40391     7.17705     6.70777
  7.99496     7.78006     7.72068     7.64384     7.53234     7.40806     7.17166     6.70066
  7.99602     7.78095     7.72186     7.64466     7.53328     7.40884     7.17207     6.70197
  7.99768     7.78501     7.72612     7.64612     7.54146     7.41574     7.16574     6.70432
  7.99817     7.78503     7.72659     7.64606     7.54168     7.41595     7.16571     6.70499
  7.99981     7.78664     7.72834     7.64733     7.54322     7.41745     7.16728     6.70711
  8.00078     7.78711     7.72924     7.64776     7.54402     7.41807     7.16793     6.70840
  8.00270     7.78905     7.73130     7.64962     7.54594     7.42001     7.16987     6.71045
  8.00412     7.79028     7.73260     7.65077     7.54744     7.42130     7.17124     6.71243
  8.00587     7.79221     7.73458     7.65258     7.54916     7.42321     7.17324     6.71438
  8.00771     7.79392     7.73612     7.65422     7.55106     7.42491     7.17486     6.71635
  8.00836     7.79465     7.73702     7.65502     7.55182     7.42595     7.17576     6.71746
  8.01019     7.79660     7.73860     7.65687     7.55371     7.42775     7.17731     6.71931
  8.01033     7.79670     7.73890     7.65727     7.55408     7.42823     7.17808     6.71961
  8.01260     7.79867     7.74052     7.65940     7.55617     7.43018     7.18001     6.72143
  8.01265     7.79840     7.74033     7.65969     7.55623     7.43030     7.18024     6.72143
  8.01464     7.79982     7.74168     7.66155     7.55806     7.43204     7.18185     6.72300
  8.01619     7.80120     7.74303     7.66343     7.55950     7.43385     7.18303     6.72444
  8.01819     7.80320     7.74519     7.66560     7.56184     7.43589     7.18497     6.72659
  8.02024     7.80502     7.74719     7.66810     7.56313     7.43811     7.18701     6.72837
  8.02306     7.80747     7.74999     7.67091     7.56582     7.44058     7.18973     6.73065
  8.02517     7.80907     7.75177     7.67218     7.56685     7.44261     7.19171     6.73217
  8.02781     7.81098     7.75389     7.67456     7.56904     7.44491     7.19393     6.73423
  8.02914     7.81167     7.75500     7.67462     7.56987     7.44600     7.19416     6.73497
  8.03211     7.81388     7.75745     7.67708     7.57234     7.44858     7.19659     6.73745
  8.03459     7.81550     7.75970     7.67900     7.57462     7.45044     7.19744     6.73935
  8.03622     7.81617     7.76059     7.68005     7.57577     7.45167     7.19893     6.74011
  8.03850     7.81838     7.76279     7.68222     7.57791     7.45378     7.20097     6.74202
  8.03865     7.81784     7.76264     7.68195     7.57799     7.45347     7.20061     6.74197
  8.03872     7.81751     7.76234     7.68201     7.57811     7.45320     7.20099     6.74182
  8.03907     7.81762     7.76271     7.68286     7.57840     7.45336     7.20135     6.74213
  8.03893     7.81774     7.76264     7.68314     7.57857     7.45338     7.20249     6.74209
  8.03843     7.81755     7.76234     7.68332     7.57831     7.45307     7.20163     6.74200
  8.03811     7.81768     7.76221     7.68347     7.57833     7.45335     7.20240     6.74197
  8.03861     7.81834     7.76255     7.68382     7.57906     7.45393     7.20279     6.74243
  8.03794     7.81792     7.76209     7.68344     7.57860     7.45358     7.20211     6.74198
  8.03839     7.81844     7.76247     7.68371     7.57899     7.45396     7.20268     6.74198
  8.03789     7.81786     7.76207     7.68320     7.57855     7.45356     7.20178     6.74134
  8.03736     7.81732     7.76144     7.68261     7.57804     7.45291     7.20131     6.74053
  8.03733     7.81727     7.76163     7.68283     7.57801     7.45299     7.20119     6.74027
  8.03640     7.81626     7.76058     7.68175     7.57726     7.45187     7.20020     6.73928
  8.03679     7.81671     7.76098     7.68240     7.57746     7.45228     7.20064     6.73903
  8.03603     7.81591     7.76010     7.68155     7.57658     7.45134     7.20000     6.73788
  8.03587     7.81585     7.75970     7.68130     7.57611     7.45113     7.19920     6.73709
  8.03582     7.81572     7.75962     7.68110     7.57596     7.45084     7.19918     6.73635
  8.03552     7.81552     7.75922     7.68072     7.57526     7.45035     7.19833     6.73577
  8.03527     7.81492     7.75866     7.67987     7.57475     7.44950     7.19706     6.73487
  8.03436     7.81364     7.75751     7.67861     7.57326     7.44780     7.19533     6.73334
  8.03425     7.81290     7.75669     7.67777     7.57249     7.44676     7.19378     6.73256
  8.03334     7.81135     7.75525     7.67632     7.57104     7.44484     7.19139     6.73087
  8.03382     7.81154     7.75528     7.67647     7.57111     7.44472     7.19099     6.73077
  8.03348     7.81120     7.75500     7.67619     7.57056     7.44398     7.18989     6.73004
  8.03446     7.81231     7.75592     7.67599     7.57124     7.44487     7.19008     6.73011
  8.03438     7.81244     7.75605     7.67609     7.57104     7.44457     7.18949     6.72975
  8.03472     7.81296     7.75640     7.67532     7.57107     7.44472     7.18917     6.72906
  8.03482     7.81279     7.75623     7.67513     7.57057     7.44418     7.18853     6.72874
  8.03555     7.81350     7.75694     7.67583     7.57126     7.44486     7.18918     6.72936
  8.03522     7.81296     7.75624     7.67533     7.57051     7.44405     7.18835     6.72836
  8.03635     7.81331     7.75684     7.67585     7.57087     7.44440     7.18877     6.72868
  8.03486     7.81141     7.75488     7.67395     7.56853     7.44245     7.18633     6.72660
  8.03471     7.81034     7.75406     7.67315     7.56752     7.44165     7.18538     6.72539
  8.03377     7.80895     7.75259     7.67192     7.56583     7.44027     7.18375     6.72360
  8.03284     7.80742     7.75118     7.67057     7.56418     7.43872     7.18207     6.72190
  8.03220     7.80636     7.75014     7.66925     7.56300     7.43777     7.18083     6.72074
  8.03169     7.80521     7.74909     7.66839     7.56188     7.43656     7.17954     6.71965
  8.03038     7.80352     7.74750     7.66631     7.56004     7.43492     7.17753     6.71808
  8.02965     7.80223     7.74615     7.66514     7.55868     7.43379     7.17649     6.71673
  8.02878     7.80078     7.74480     7.66400     7.55735     7.43233     7.17490     6.71517
  8.02783     7.79840     7.74310     7.66244     7.55578     7.43100     7.17382     6.71323
  8.02740     7.79731     7.74214     7.66161     7.55504     7.42992     7.17278     6.71218
  8.02684     7.79501     7.74069     7.66033     7.55385     7.42887     7.17153     6.71034
  8.02600     7.79333     7.73948     7.65901     7.55254     7.42732     7.17046     6.70871
  8.02563     7.79201     7.73814     7.65793     7.55152     7.42646     7.16544     6.70726
  8.02419     7.78986     7.73614     7.65645     7.54932     7.42433     7.16376     6.70473
  8.02330     7.78800     7.73399     7.65474     7.54741     7.42251     7.15831     6.70234
  8.02196     7.78602     7.73180     7.65328     7.54549     7.42044     7.15677     6.69962
  8.02035     7.78350     7.72906     7.65109     7.54290     7.41785     7.15448     6.69671
  8.01923     7.78157     7.72711     7.64935     7.54127     7.41575     7.15313     6.69377
  8.01793     7.77943     7.72472     7.64750     7.53908     7.41338     7.15067     6.69100
  8.01649     7.77738     7.72243     7.64533     7.53695     7.41082     7.14835     6.68780
  8.01562     7.77582     7.72035     7.64381     7.53515     7.40892     7.14582     6.68481
  8.01371     7.77330     7.71749     7.64106     7.53248     7.40581     7.14292     6.68095
  8.01297     7.77185     7.71553     7.63961     7.53068     7.40397     7.13993     6.67800
  8.01115     7.76923     7.71254     7.63705     7.52806     7.40073     7.13709     6.67376
  8.01041     7.76712     7.70999     7.63477     7.52553     7.39796     7.13343     6.67029
  8.01009     7.76681     7.70968     7.63447     7.52523     7.39766     7.13314     6.67002
  8.00863     7.76452     7.70715     7.63213     7.52280     7.39467     7.13026     6.66641
  8.00869     7.76300     7.70553     7.63032     7.52181     7.39242     7.12733     6.66413
  8.00777     7.76097     7.70344     7.62786     7.51944     7.38965     7.12462     6.66087
  8.00682     7.75871     7.70135     7.62539     7.51769     7.38660     7.12087     6.65813
  8.00716     7.75757     7.69999     7.62367     7.51599     7.38464     7.11857     6.65536
  8.00615     7.75527     7.69761     7.62106     7.51318     7.38138     7.11492     6.65193
  8.00586     7.75353     7.69570     7.61877     7.51085     7.37871     7.11195     6.64891
  8.00517     7.75157     7.69360     7.61624     7.50810     7.37568     7.10818     6.64573
  8.00501     7.75004     7.69191     7.61412     7.50571     7.37303     7.10494     6.64292
  8.00343     7.74727     7.68891     7.61064     7.50195     7.36908     7.10015     6.63888
  8.00421     7.74656     7.68782     7.60916     7.50012     7.36734     7.09751     6.63654
  8.00357     7.74475     7.68572     7.60653     7.49652     7.36430     7.09415     6.63283
  8.00323     7.74282     7.68334     7.60381     7.49362     7.36151     7.09056     6.62939
  8.00385     7.74200     7.68219     7.60206     7.49096     7.35938     7.08814     6.62641
  8.00349     7.74017     7.67981     7.59931     7.48795     7.35640     7.08440     6.62273
  8.00330     7.73844     7.67776     7.59668     7.48495     7.35331     7.08100     6.61935
  8.00367     7.73724     7.67604     7.59466     7.48250     7.35075     7.07758     6.61614
  8.00401     7.73596     7.67423     7.59235     7.47985     7.34809     7.07475     6.61323
  8.00431     7.73431     7.67217     7.58998     7.47703     7.34508     7.07110     6.60995
  8.00541     7.73352     7.67098     7.58823     7.47487     7.34292     7.06885     6.60763
  8.00664     7.73254     7.66982     7.58651     7.47281     7.34061     7.06565     6.60508
  8.00640     7.73001     7.66737     7.58388     7.46940     7.33699     7.06212     6.60021
  8.00800     7.72902     7.66657     7.58250     7.46782     7.33505     7.05925     6.59812
  8.00833     7.72671     7.66436     7.58004     7.46504     7.33179     7.05595     6.59315
  8.00928     7.72512     7.66267     7.57887     7.46293     7.32923     7.05346     6.59062
  8.00991     7.72320     7.66065     7.57630     7.46038     7.32620     7.05072     6.58768
  8.01063     7.72141     7.65878     7.57486     7.45797     7.32324     7.04768     6.58492
  8.01116     7.71962     7.65628     7.57233     7.45573     7.32020     7.04470     6.58222
  8.01059     7.71908     7.65574     7.57179     7.45521     7.31969     7.04421     6.58175
  8.01148     7.71749     7.65407     7.56978     7.45300     7.31679     7.04086     6.57906
  8.01214     7.71586     7.65169     7.56736     7.45110     7.31386     7.03716     6.57619
  8.01296     7.71439     7.64981     7.56543     7.44889     7.31094     7.03396     6.57316
  8.01374     7.71292     7.64786     7.56221     7.44672     7.30826     7.03079     6.57011
  8.01477     7.71180     7.64624     7.56058     7.44472     7.30558     7.02786     6.56719
  8.01551     7.71057     7.64440     7.55754     7.44252     7.30302     7.02495     6.56396
  8.01600     7.70927     7.64272     7.55550     7.44032     7.30024     7.02175     6.56114
  8.01656     7.70814     7.64098     7.55360     7.43820     7.29759     7.01867     6.55833
  8.01588     7.70553     7.63845     7.55056     7.43497     7.29387     7.01478     6.55487
  8.01649     7.70453     7.63656     7.54873     7.43299     7.29148     7.01154     6.55255
  8.01507     7.70129     7.63325     7.54502     7.42895     7.28705     7.00692     6.54837
  8.01436     7.69909     7.62998     7.54109     7.42547     7.28348     7.00210     6.54461
  8.01371     7.69707     7.62726     7.53798     7.42215     7.28000     6.99820     6.54111
  8.01125     7.69345     7.62310     7.53295     7.41716     7.27526     6.99220     6.53641
  8.01000     7.69119     7.62036     7.52962     7.41368     7.27159     6.98800     6.53302
  8.00739     7.68771     7.61667     7.52563     7.40910     7.26705     6.98188     6.52861
  8.00449     7.68408     7.61290     7.52113     7.40448     7.26217     6.97668     6.52442
  8.00325     7.68196     7.61058     7.51830     7.40128     7.25863     6.97182     6.52111
  8.00088     7.67867     7.60715     7.51405     7.39696     7.25430     6.96704     6.51735
  7.99994     7.67671     7.60496     7.51129     7.39384     7.25091     6.96229     6.51463
  7.99877     7.67424     7.60248     7.50788     7.39052     7.24748     6.95817     6.51171
  7.99792     7.67213     7.60012     7.50500     7.38743     7.24425     6.95371     6.50880
  7.99703     7.66995     7.59741     7.50195     7.38448     7.24120     6.94981     6.50610
  7.99613     7.66792     7.59524     7.49961     7.38172     7.23865     6.94659     6.50337
  7.99491     7.66587     7.59266     7.49680     7.37883     7.23603     6.94355     6.50059
  7.99362     7.66400     7.59050     7.49461     7.37608     7.23383     6.94063     6.49801
  7.99192     7.66193     7.58823     7.49195     7.37314     7.23131     6.93724     6.49523
  7.99065     7.66024     7.58629     7.48978     7.37052     7.22904     6.93463     6.49277
  7.98905     7.65871     7.58476     7.48828     7.36904     7.22759     6.93324     6.49147
  7.98740     7.65652     7.58247     7.48577     7.36616     7.22504     6.92950     6.48891
  7.98714     7.65555     7.58152     7.48457     7.36442     7.22349     6.92777     6.48723
  7.98615     7.65363     7.57936     7.48249     7.36197     7.22114     6.92508     6.48496
  7.98649     7.65317     7.57881     7.48181     7.36085     7.22002     6.92360     6.48405
  7.98670     7.65241     7.57772     7.48080     7.35974     7.21885     6.92179     6.48276
  7.98677     7.65178     7.57710     7.47983     7.35857     7.21777     6.92038     6.48181
  7.98671     7.65104     7.57621     7.47869     7.35743     7.21653     6.91830     6.48064
  7.98672     7.65039     7.57581     7.47785     7.35641     7.21563     6.91730     6.47936
  7.98593     7.64911     7.57447     7.47630     7.35467     7.21395     6.91489     6.47808
  7.98603     7.64846     7.57408     7.47560     7.35390     7.21300     6.91402     6.47711
  7.98575     7.64759     7.57341     7.47485     7.35304     7.21184     6.91259     6.47633
  7.98535     7.64635     7.57258     7.47349     7.35187     7.21042     6.91132     6.47536
  7.98550     7.64556     7.57177     7.47262     7.35087     7.20918     6.91014     6.47427
  7.98470     7.64406     7.57045     7.47085     7.34932     7.20747     6.90840     6.47255
  7.98435     7.64281     7.56904     7.46959     7.34789     7.20606     6.90668     6.47105
  7.98393     7.64174     7.56807     7.46847     7.34681     7.20505     6.90551     6.46977
  7.98344     7.64090     7.56719     7.46788     7.34594     7.20418     6.90416     6.46871
  7.98250     7.63961     7.56599     7.46655     7.34456     7.20286     6.90243     6.46752
  7.98299     7.64030     7.56649     7.46726     7.34483     7.20328     6.90243     6.46790
  7.98143     7.63901     7.56498     7.46573     7.34289     7.20185     6.90048     6.46643
  7.98234     7.64041     7.56599     7.46688     7.34381     7.20250     6.90136     6.46743
  7.98216     7.64060     7.56588     7.46670     7.34351     7.20260     6.90145     6.46718
  7.98140     7.64124     7.56604     7.46725     7.34387     7.20265     6.90233     6.46741
  7.98223     7.64225     7.56656     7.46768     7.34461     7.20330     6.90284     6.46781
  7.98186     7.64331     7.56725     7.46840     7.34553     7.20397     6.90373     6.46838
  7.98260     7.64429     7.56802     7.46902     7.34633     7.20465     6.90405     6.46885
  7.98337     7.64512     7.56786     7.46944     7.34694     7.20513     6.90465     6.46947
  7.98531     7.64700     7.56951     7.47089     7.34873     7.20666     6.90625     6.47077
  7.98610     7.64776     7.57026     7.47164     7.34946     7.20738     6.90694     6.47142
  7.98788     7.64930     7.57095     7.47302     7.35085     7.20869     6.90855     6.47280
  7.98979     7.65101     7.57246     7.47433     7.35260     7.21009     6.91034     6.47424
  7.98988     7.65084     7.57256     7.47401     7.35270     7.21124     6.91044     6.47447
  7.99166     7.65243     7.57422     7.47552     7.35467     7.21283     6.91172     6.47611
  7.99183     7.65231     7.57345     7.47512     7.35474     7.21397     6.91153     6.47622
  7.99162     7.65300     7.57436     7.47615     7.35588     7.21486     6.91166     6.47711
  7.99280     7.65414     7.57451     7.47708     7.35715     7.21605     6.91285     6.47789
  7.99228     7.65492     7.57551     7.47837     7.35833     7.21699     6.91385     6.47887
  7.99393     7.65646     7.57696     7.48022     7.36022     7.21901     6.91578     6.48016
  7.99419     7.65667     7.57712     7.48046     7.36080     7.21952     6.91664     6.48052
  7.99590     7.65813     7.57841     7.48220     7.36256     7.22175     6.91804     6.48189
  7.99688     7.65904     7.57910     7.48291     7.36364     7.22278     6.91921     6.48250
  7.99792     7.65985     7.57985     7.48386     7.36468     7.22371     6.91976     6.48305
  7.99882     7.66091     7.58080     7.48522     7.36584     7.22476     6.92083     6.48383
  7.99958     7.66155     7.58119     7.48597     7.36661     7.22510     6.92136     6.48417
  7.99876     7.66114     7.58074     7.48602     7.36642     7.22488     6.92057     6.48385
  7.99954     7.66161     7.58117     7.48656     7.36685     7.22560     6.92041     6.48423
  7.99913     7.66161     7.58122     7.48672     7.36690     7.22574     6.92037     6.48438
  7.99991     7.66197     7.58186     7.48705     7.36722     7.22630     6.91956     6.48473
  8.00285     7.66446     7.58479     7.48902     7.36953     7.22868     6.92223     6.48668
  8.00327     7.66430     7.58483     7.48881     7.36933     7.22870     6.92155     6.48681
  8.00617     7.66674     7.58743     7.49047     7.37138     7.23087     6.92337     6.48850
  8.00672     7.66649     7.58756     7.49033     7.37107     7.23087     6.92238     6.48849
  8.00677     7.66632     7.58757     7.49002     7.37064     7.23061     6.92139     6.48820
  8.00791     7.66670     7.58829     7.49050     7.37108     7.23117     6.92074     6.48859
  8.00773     7.66597     7.58787     7.48973     7.37027     7.23050     6.91956     6.48769
  8.00896     7.66642     7.58850     7.49033     7.37091     7.23101     6.91993     6.48796
  8.00865     7.66556     7.58782     7.48953     7.37001     7.23017     6.91915     6.48713
  8.01042     7.66726     7.58950     7.49119     7.37164     7.23177     6.92068     6.48857
  8.00952     7.66571     7.58808     7.48983     7.37031     7.23041     6.91976     6.48724
  8.01092     7.66698     7.58932     7.49086     7.37126     7.23153     6.92088     6.48822
  8.01074     7.66653     7.58883     7.49051     7.37071     7.23121     6.92077     6.48787
  8.01101     7.66694     7.58912     7.49055     7.37067     7.23138     6.92042     6.48770
  8.01110     7.66718     7.58899     7.49077     7.37062     7.23163     6.92095     6.48779
  8.01086     7.66729     7.58884     7.49051     7.37034     7.23142     6.92013     6.48748
  8.01096     7.66769     7.58890     7.49077     7.37039     7.23161     6.92048     6.48755
  8.01043     7.66754     7.58847     7.48990     7.36966     7.23115     6.91931     6.48681
  8.01079     7.66817     7.58886     7.49016     7.36982     7.23137     6.91944     6.48709
  8.00974     7.66721     7.58810     7.48883     7.36849     7.23039     6.91760     6.48608
  8.00942     7.66689     7.58777     7.48903     7.36803     7.22979     6.91710     6.48581
  8.00853     7.66588     7.58681     7.48775     7.36664     7.22878     6.91547     6.48524
  8.00727     7.66466     7.58573     7.48717     7.36529     7.22749     6.91411     6.48437
  8.00708     7.66414     7.58521     7.48634     7.36426     7.22705     6.91316     6.48394
  8.00519     7.66240     7.58359     7.48440     7.36239     7.22539     6.91136     6.48254
  8.00433     7.66156     7.58284     7.48322     7.36122     7.22458     6.91010     6.48189
  8.00334     7.66064     7.58198     7.48205     7.36008     7.22352     6.90918     6.48089
  8.00222     7.65948     7.58073     7.48054     7.35873     7.22214     6.90748     6.47992
  8.00131     7.65838     7.57960     7.47919     7.35731     7.22081     6.90662     6.47899
  8.00073     7.65730     7.57846     7.47819     7.35634     7.21985     6.90516     6.47812
  7.99951     7.65569     7.57711     7.47603     7.35483     7.21838     6.90386     6.47707
  7.99844     7.65433     7.57549     7.47475     7.35334     7.21719     6.90219     6.47588
  7.99694     7.65292     7.57423     7.47288     7.35178     7.21600     6.90062     6.47465
  7.99538     7.65165     7.57260     7.47147     7.34998     7.21461     6.89918     6.47332
  7.99279     7.64975     7.57060     7.46964     7.34777     7.21285     6.89722     6.47150
  7.99022     7.64792     7.56865     7.46799     7.34562     7.21089     6.89531     6.46954
  7.98860     7.64664     7.56742     7.46680     7.34411     7.20978     6.89402     6.46820
  7.98558     7.64379     7.56451     7.46411     7.34095     7.20571     6.89133     6.46583
  7.98546     7.64329     7.56429     7.46338     7.33988     7.20516     6.89021     6.46509
  7.98178     7.63976     7.56080     7.45994     7.33649     7.20184     6.88702     6.46211
  7.97885     7.63630     7.55748     7.45642     7.33272     7.19732     6.88391     6.45932
  7.97823     7.63520     7.55665     7.45514     7.33108     7.19624     6.88195     6.45847
  7.97432     7.63084     7.55218     7.45087     7.32735     7.19203     6.87795     6.45480
  7.97344     7.62973     7.55132     7.44978     7.32589     7.19098     6.87645     6.45397
  7.97220     7.62821     7.54955     7.44828     7.32495     7.18933     6.87503     6.45281
  7.96967     7.62611     7.54726     7.44597     7.32251     7.18725     6.87282     6.45119
  7.96941     7.62618     7.54702     7.44592     7.32229     7.18720     6.87279     6.45119
  7.96666     7.62380     7.54435     7.44347     7.31968     7.18500     6.87034     6.44915
  7.96497     7.62242     7.54256     7.44216     7.31812     7.18382     6.86907     6.44789
  7.96335     7.62054     7.54084     7.44030     7.31613     7.18226     6.86772     6.44631
  7.96125     7.61822     7.53885     7.43830     7.31405     7.18040     6.86579     6.44448
  7.95947     7.61633     7.53719     7.43657     7.31229     7.17884     6.86479     6.44328
  7.95653     7.61332     7.53402     7.43377     7.30883     7.17630     6.86238     6.44083
  7.95448     7.61137     7.53206     7.43209     7.30701     7.17455     6.86123     6.43956
  7.95120     7.60827     7.52849     7.42918     7.30328     7.17188     6.85887     6.43694
  7.94864     7.60588     7.52592     7.42695     7.30081     7.16963     6.85773     6.43512
  7.94647     7.60428     7.52445     7.42553     7.29916     7.16840     6.85647     6.43364
  7.94324     7.60125     7.52150     7.42274     7.29639     7.16568     6.85496     6.43120
  7.94080     7.59958     7.51993     7.42096     7.29463     7.16414     6.85282     6.42937
  7.93777     7.59684     7.51725     7.41837     7.29225     7.16183     6.85094     6.42698
  7.93539     7.59522     7.51558     7.41632     7.29048     7.16018     6.84834     6.42554
  7.93237     7.59271     7.51301     7.41379     7.28806     7.15767     6.84578     6.42331
  7.93047     7.59154     7.51156     7.41223     7.28668     7.15644     6.84443     6.42220
  7.92769     7.58929     7.50908     7.40992     7.28443     7.15390     6.84197     6.42008
  7.92581     7.58789     7.50777     7.40831     7.28293     7.15254     6.84062     6.41859
  7.92346     7.58584     7.50563     7.40635     7.28115     7.15063     6.83890     6.41676
  7.92068     7.58335     7.50367     7.40390     7.27888     7.14840     6.83631     6.41468
  7.91809     7.58093     7.50126     7.40156     7.27681     7.14631     6.83433     6.41270
  7.91448     7.57747     7.49783     7.39818     7.27349     7.14305     6.83121     6.40977
  7.91115     7.57429     7.49509     7.39521     7.27067     7.14021     6.82860     6.40728
  7.90802     7.57117     7.49216     7.39231     7.26775     7.13741     6.82587     6.40466
  7.90557     7.56875     7.48997     7.39022     7.26560     7.13542     6.82404     6.40273
  7.90172     7.56494     7.48652     7.38682     7.26207     7.13201     6.82054     6.39968
  7.90013     7.56335     7.48503     7.38550     7.26075     7.13080     6.81917     6.39838
  7.89681     7.56019     7.48187     7.38258     7.25796     7.12784     6.81619     6.39591
  7.89447     7.55809     7.47867     7.38062     7.25604     7.12605     6.81458     6.39422
  7.89222     7.55594     7.47654     7.37872     7.25426     7.12400     6.81288     6.39241
  7.88976     7.55374     7.47329     7.37704     7.25247     7.12226     6.81171     6.39083
  7.88845     7.55239     7.47213     7.37623     7.25149     7.12122     6.81069     6.38960
  7.88629     7.55029     7.47000     7.37453     7.24991     7.11950     6.80938     6.38799
  7.88435     7.54839     7.46824     7.37308     7.24832     7.11812     6.80742     6.38637
  7.88233     7.54645     7.46640     7.37147     7.24698     7.11654     6.80594     6.38490
  7.87971     7.54408     7.46397     7.36916     7.24488     7.11447     6.80311     6.38302
  7.87763     7.54209     7.46206     7.36749     7.24340     7.11280     6.80108     6.38137
  7.87559     7.54009     7.46005     7.36531     7.24170     7.11095     6.79855     6.38006
  7.87313     7.53761     7.45746     7.36309     7.23958     7.10865     6.79594     6.37784
  7.87047     7.53482     7.45500     7.36028     7.23712     7.10629     6.79297     6.37598
  7.86883     7.53293     7.45337     7.35876     7.23581     7.10476     6.79116     6.37472
  7.86625     7.53018     7.45177     7.35630     7.23351     7.10258     6.78878     6.37266
  7.86498     7.52848     7.45037     7.35505     7.23252     7.10147     6.78747     6.37143
  7.86428     7.52741     7.45018     7.35405     7.23178     7.10072     6.78672     6.37066
  7.86291     7.52571     7.44856     7.35285     7.23056     7.09952     6.78581     6.36928
  7.86350     7.52583     7.44894     7.35297     7.23084     7.09990     6.78637     6.36974
  7.86295     7.52494     7.44792     7.35232     7.23015     7.09917     6.78537     6.36908
  7.86306     7.52472     7.44788     7.35163     7.23005     7.09924     6.78562     6.36906
  7.86303     7.52440     7.44760     7.35141     7.23003     7.09901     6.78504     6.36858
  7.86325     7.52433     7.44771     7.35086     7.23023     7.09904     6.78466     6.36866
  7.86310     7.52418     7.44756     7.35071     7.23009     7.09890     6.78453     6.36853
  7.86342     7.52445     7.44791     7.35093     7.23050     7.09910     6.78426     6.36849
  7.86328     7.52430     7.44704     7.35068     7.23051     7.09907     6.78424     6.36814
  7.86367     7.52485     7.44737     7.35099     7.23092     7.09946     6.78384     6.36826
  7.86394     7.52519     7.44678     7.35107     7.23118     7.09980     6.78434     6.36828
  7.86439     7.52587     7.44743     7.35094     7.23168     7.10037     6.78449     6.36855
  7.86409     7.52556     7.44742     7.35061     7.23168     7.10014     6.78413     6.36859
  7.86538     7.52672     7.44882     7.35122     7.23282     7.10135     6.78511     6.36992
  7.86475     7.52610     7.44847     7.35022     7.23255     7.10089     6.78494     6.36943
  7.86683     7.52805     7.45062     7.35215     7.23448     7.10284     6.78636     6.37148
  7.86647     7.52763     7.45030     7.35127     7.23431     7.10253     6.78685     6.37103
  7.86766     7.52875     7.45158     7.35220     7.23543     7.10371     6.78721     6.37212
  7.86772     7.52884     7.45197     7.35251     7.23593     7.10404     6.78775     6.37238
  7.86792     7.52917     7.45242     7.35275     7.23648     7.10462     6.78811     6.37273
  7.86744     7.52892     7.45239     7.35302     7.23677     7.10479     6.78814     6.37273
  7.86680     7.52863     7.45220     7.35270     7.23692     7.10478     6.78838     6.37258
  7.86534     7.52750     7.45116     7.35204     7.23647     7.10399     6.78794     6.37205
  7.86407     7.52631     7.45004     7.35078     7.23569     7.10311     6.78707     6.37119
  7.86346     7.52550     7.44941     7.35052     7.23562     7.10283     6.78695     6.37155
  7.86252     7.52439     7.44833     7.34937     7.23494     7.10197     6.78597     6.37082
  7.86154     7.52303     7.44703     7.34843     7.23415     7.10117     6.78515     6.37045
  7.86067     7.52191     7.44609     7.34755     7.23348     7.10032     6.78438     6.36966
  7.85938     7.52068     7.44490     7.34642     7.23261     7.09938     6.78347     6.36876
  7.85752     7.51895     7.44308     7.34480     7.23102     7.09773     6.78244     6.36712
  7.85609     7.51791     7.44214     7.34375     7.22992     7.09701     6.78151     6.36618
  7.85388     7.51589     7.44021     7.34172     7.22815     7.09530     6.78020     6.36441
  7.85133     7.51360     7.43800     7.33949     7.22584     7.09341     6.77792     6.36269
  7.84882     7.51102     7.43578     7.33706     7.22351     7.09121     6.77579     6.36062
  7.84739     7.50957     7.43452     7.33565     7.22156     7.08985     6.77390     6.35874
  7.84477     7.50705     7.43203     7.33320     7.21914     7.08748     6.77164     6.35661
  7.84395     7.50611     7.43108     7.33229     7.21824     7.08641     6.77062     6.35591
  7.84088     7.50405     7.42905     7.32991     7.21546     7.08429     6.76773     6.35307
  7.83937     7.50253     7.42758     7.32854     7.21407     7.08286     6.76590     6.35165
  7.83695     7.50102     7.42602     7.32666     7.21244     7.08145     6.76387     6.35011
  7.83533     7.49944     7.42436     7.32508     7.21076     7.08006     6.76195     6.34830
  7.83408     7.49810     7.42310     7.32357     7.20922     7.07907     6.76074     6.34693
  7.83254     7.49654     7.42129     7.32202     7.20748     7.07751     6.75923     6.34534
  7.83136     7.49517     7.42016     7.32067     7.20598     7.07649     6.75837     6.34403
  7.82982     7.49328     7.41832     7.31925     7.20426     7.07479     6.75695     6.34250
  7.82871     7.49198     7.41716     7.31776     7.20260     7.07347     6.75594     6.34143
  7.82740     7.49043     7.41565     7.31625     7.20100     7.07204     6.75474     6.33981
  7.82699     7.48947     7.41470     7.31477     7.19952     7.07077     6.75350     6.33862
  7.82397     7.48665     7.41178     7.31130     7.19663     7.06792     6.75062     6.33591
  7.81893     7.48130     7.40656     7.30565     7.19125     7.06261     6.74614     6.33088
  7.81868     7.48120     7.40635     7.30497     7.19103     7.06224     6.74510     6.33066
  7.82286     7.48524     7.41042     7.30847     7.19452     7.06548     6.74906     6.33392
  7.82097     7.48379     7.40896     7.30679     7.19276     7.06390     6.74739     6.33278
  7.81980     7.48372     7.40823     7.30542     7.19126     7.06231     6.74635     6.33201
  7.81825     7.48258     7.40713     7.30413     7.18996     7.06123     6.74550     6.33124
  7.81669     7.48211     7.40603     7.30247     7.18838     7.05980     6.74477     6.33020
  7.81529     7.48122     7.40499     7.30144     7.18727     7.05879     6.74388     6.32934
  7.81416     7.48073     7.40444     7.30047     7.18668     7.05799     6.74347     6.32871
  7.81296     7.48015     7.40378     7.30050     7.18601     7.05727     6.74260     6.32788
  7.81208     7.47982     7.40323     7.29977     7.18575     7.05661     6.74541     6.32738
