  7.89901     7.69442     7.64608     7.56061     7.45455     7.34297     7.11859     6.64798
  7.89908     7.69486     7.64614     7.56069     7.45454     7.34275     7.11875     6.64773
  7.89880     7.69486     7.64598     7.56029     7.45475     7.34231     7.11853     6.64749
  7.89863     7.69512     7.64583     7.56020     7.45456     7.34204     7.11836     6.64720
  7.89843     7.69483     7.64559     7.55975     7.45480     7.34143     7.11785     6.64700
  7.89831     7.69490     7.64526     7.55962     7.45468     7.34102     7.11743     6.64637
  7.89831     7.69455     7.64480     7.55901     7.45436     7.34030     7.11670     6.64609
  7.89848     7.69441     7.64430     7.55870     7.45402     7.33968     7.11607     6.64557
  7.89871     7.69407     7.64387     7.55808     7.45353     7.33911     7.11537     6.64524
  7.89908     7.69377     7.64335     7.55761     7.45323     7.33863     7.11450     6.64474
  7.89973     7.69363     7.64327     7.55756     7.45311     7.33837     7.11423     6.64502
  7.89997     7.69354     7.64314     7.55752     7.45305     7.33808     7.11373     6.64473
  7.90044     7.69401     7.64360     7.55797     7.45350     7.33852     7.11416     6.64512
  7.90050     7.69378     7.64337     7.55796     7.45308     7.33812     7.11400     6.64505
  7.90033     7.69382     7.64333     7.55792     7.45270     7.33808     7.11334     6.64502
  7.90014     7.69380     7.64313     7.55780     7.45213     7.33800     7.11341     6.64480
  7.90032     7.69411     7.64319     7.55802     7.45211     7.33836     7.11334     6.64513
  7.90034     7.69422     7.64321     7.55794     7.45168     7.33849     7.11401     6.64539
  7.90064     7.69424     7.64321     7.55811     7.45172     7.33868     7.11427     6.64581
  7.90126     7.69436     7.64315     7.55812     7.45144     7.33861     7.11493     6.64637
  7.90106     7.69412     7.64308     7.55803     7.45156     7.33866     7.11488     6.64689
  7.90116     7.69408     7.64276     7.55787     7.45118     7.33836     7.11469     6.64734
  7.90084     7.69408     7.64282     7.55793     7.45110     7.33849     7.11479     6.64798
  7.90014     7.69396     7.64254     7.55775     7.45072     7.33841     7.11494     6.64828
  7.90015     7.69395     7.64281     7.55801     7.45068     7.33862     7.11505     6.64929
  7.90023     7.69409     7.64285     7.55843     7.45073     7.33904     7.11577     6.65007
  7.90053     7.69379     7.64286     7.55868     7.45107     7.33928     7.11646     6.65064
  7.90115     7.69395     7.64307     7.55934     7.45139     7.33984     7.11727     6.65152
  7.90177     7.69388     7.64324     7.55967     7.45185     7.34004     7.11803     6.65215
  7.90254     7.69386     7.64306     7.55969     7.45205     7.34037     7.11814     6.65218
  7.90312     7.69376     7.64325     7.55984     7.45234     7.34053     7.11828     6.65292
  7.90393     7.69376     7.64320     7.55997     7.45283     7.34100     7.11856     6.65292
  7.90434     7.69378     7.64355     7.56027     7.45333     7.34140     7.11914     6.65321
  7.90482     7.69397     7.64370     7.56070     7.45383     7.34201     7.11993     6.65326
  7.90520     7.69427     7.64417     7.56120     7.45423     7.34248     7.12079     6.65346
  7.90526     7.69455     7.64417     7.56145     7.45445     7.34277     7.12076     6.65316
  7.90551     7.69486     7.64432     7.56173     7.45452     7.34301     7.12116     6.65333
  7.90521     7.69502     7.64416     7.56170     7.45434     7.34297     7.12097     6.65271
  7.90524     7.69557     7.64447     7.56206     7.45455     7.34321     7.12178     6.65281
  7.90480     7.69566     7.64428     7.56174     7.45434     7.34309     7.12180     6.65242
  7.90483     7.69633     7.64479     7.56210     7.45429     7.34336     7.12266     6.65275
  7.90443     7.69595     7.64441     7.56172     7.45392     7.34300     7.12231     6.65242
  7.90394     7.69653     7.64439     7.56138     7.45382     7.34284     7.12203     6.65230
  7.90399     7.69731     7.64501     7.56160     7.45386     7.34299     7.12241     6.65276
  7.90320     7.69757     7.64486     7.56096     7.45359     7.34239     7.12215     6.65223
  7.90355     7.69847     7.64555     7.56141     7.45396     7.34269     7.12268     6.65247
  7.90327     7.69851     7.64573     7.56114     7.45415     7.34249     7.12289     6.65182
  7.90362     7.69902     7.64612     7.56154     7.45475     7.34275     7.12344     6.65195
  7.90376     7.69912     7.64633     7.56164     7.45504     7.34278     7.12366     6.65179
  7.90353     7.69928     7.64634     7.56173     7.45542     7.34293     7.12394     6.65159
  7.90370     7.69924     7.64660     7.56188     7.45583     7.34316     7.12403     6.65195
  7.90342     7.69928     7.64668     7.56208     7.45619     7.34347     7.12427     6.65195
  7.90364     7.69915     7.64705     7.56244     7.45677     7.34377     7.12486     6.65230
  7.90401     7.69949     7.64742     7.56314     7.45747     7.34430     7.12517     6.65256
  7.90478     7.69971     7.64809     7.56386     7.45849     7.34484     7.12598     6.65322
  7.90560     7.70037     7.64863     7.56475     7.45946     7.34566     7.12653     6.65356
  7.90662     7.70112     7.64952     7.56563     7.46047     7.34665     7.12747     6.65353
  7.90724     7.70204     7.65031     7.56675     7.46062     7.34782     7.12842     6.65400
  7.90780     7.70303     7.65133     7.56785     7.46144     7.34870     7.13012     6.65383
  7.90799     7.70402     7.65216     7.56897     7.46140     7.34960     7.13120     6.65468
  7.90818     7.70485     7.65315     7.56997     7.46205     7.35031     7.13224     6.65527
  7.90831     7.70558     7.65385     7.57081     7.46261     7.35096     7.13281     6.65602
  7.90855     7.70617     7.65391     7.57154     7.46298     7.35157     7.13322     6.65665
  7.90884     7.70706     7.65471     7.57240     7.46348     7.35227     7.13352     6.65730
  7.90894     7.70738     7.65439     7.57272     7.46354     7.35254     7.13360     6.65752
  7.90936     7.70813     7.65523     7.57339     7.46401     7.35304     7.13412     6.65827
  7.90919     7.70794     7.65593     7.57319     7.46373     7.35278     7.13399     6.65624
  7.90931     7.70816     7.65640     7.57345     7.46601     7.35296     7.13409     6.65651
  7.90893     7.70767     7.65668     7.57318     7.46543     7.35256     7.13396     6.65423
  7.90880     7.70793     7.65704     7.57370     7.46780     7.35291     7.13422     6.65462
  7.90848     7.70762     7.65673     7.57339     7.46750     7.35262     7.13394     6.65436
  7.90921     7.70803     7.65731     7.57413     7.46787     7.35336     7.13444     6.65463
  7.90918     7.70815     7.65757     7.57460     7.46812     7.35356     7.13478     6.65486
  7.90984     7.70847     7.65804     7.57536     7.46861     7.35421     7.13526     6.65487
  7.91034     7.70858     7.65857     7.57598     7.46927     7.35443     7.13559     6.65501
  7.91120     7.70932     7.65918     7.57694     7.47014     7.35554     7.13625     6.65523
  7.91174     7.70966     7.65987     7.57769     7.47081     7.35612     7.13674     6.65571
  7.91302     7.71086     7.66127     7.57911     7.47219     7.35769     7.13762     6.65663
  7.91373     7.71169     7.66205     7.58001     7.47283     7.35843     7.13830     6.65749
  7.91502     7.71334     7.66367     7.58159     7.47435     7.35997     7.14022     6.65879
  7.91515     7.71410     7.66428     7.58227     7.47464     7.36038     7.14092     6.65940
  7.91610     7.71563     7.66539     7.58338     7.47562     7.36161     7.14260     6.66046
  7.91635     7.71646     7.66620     7.58398     7.47609     7.36224     7.14328     6.66113
  7.91659     7.71722     7.66671     7.58438     7.47644     7.36264     7.14342     6.66166
  7.91748     7.71812     7.66778     7.58530     7.47723     7.36357     7.14433     6.66251
  7.91770     7.71882     7.66826     7.58553     7.47770     7.36438     7.14463     6.66278
  7.91810     7.71947     7.66900     7.58598     7.47794     7.36482     7.14512     6.66337
  7.91841     7.72024     7.66949     7.58646     7.47835     7.36575     7.14577     6.66387
  7.91905     7.72104     7.66998     7.58697     7.47864     7.36611     7.14634     6.66438
  7.91981     7.72206     7.67049     7.58785     7.47936     7.36663     7.14713     6.66537
  7.92055     7.72261     7.67081     7.58839     7.47968     7.36715     7.14767     6.66576
  7.92136     7.72320     7.67092     7.58893     7.48014     7.36743     7.14822     6.66617
  7.92222     7.72344     7.67114     7.58937     7.48040     7.36796     7.14836     6.66652
  7.92262     7.72306     7.67082     7.58927     7.48021     7.36767     7.14789     6.66651
  7.92370     7.72279     7.67090     7.58982     7.48049     7.36796     7.14802     6.66666
  7.92429     7.72251     7.67066     7.59009     7.48037     7.36732     7.14746     6.66702
  7.92488     7.72187     7.67046     7.59032     7.48023     7.36727     7.14713     6.66702
  7.92514     7.72169     7.67037     7.59055     7.48011     7.36668     7.14699     6.66746
  7.92527     7.72137     7.66995     7.59048     7.47966     7.36648     7.14654     6.66771
  7.92559     7.72167     7.67026     7.59079     7.47996     7.36678     7.14683     6.66798
  7.92575     7.72166     7.67028     7.59077     7.47989     7.36658     7.14720     6.66825
  7.92639     7.72214     7.67059     7.59134     7.48015     7.36698     7.14744     6.66888
  7.92685     7.72246     7.67083     7.59156     7.48028     7.36697     7.14809     6.66925
  7.92742     7.72282     7.67103     7.59193     7.48047     7.36733     7.14810     6.66961
  7.92826     7.72342     7.67157     7.59241     7.48069     7.36769     7.14870     6.67036
  7.92882     7.72383     7.67159     7.59255     7.48075     7.36782     7.14880     6.67051
  7.93019     7.72499     7.67253     7.59361     7.48131     7.36980     7.14969     6.67176
  7.93106     7.72574     7.67295     7.59401     7.48174     7.37001     7.14990     6.67233
  7.93205     7.72654     7.67361     7.59489     7.48212     7.37159     7.15075     6.67369
  7.93293     7.72699     7.67396     7.59524     7.48258     7.37176     7.15062     6.67426
  7.93365     7.72724     7.67409     7.59561     7.48254     7.37167     7.15098     6.67489
  7.93414     7.72714     7.67392     7.59553     7.48247     7.37147     7.15067     6.67497
  7.93545     7.72701     7.67371     7.59554     7.48222     7.37131     7.15023     6.67465
  7.93565     7.72668     7.67323     7.59517     7.48198     7.37085     7.14936     6.67480
  7.93683     7.72619     7.67288     7.59495     7.48169     7.37066     7.14929     6.67454
  7.93664     7.72503     7.67193     7.59421     7.48095     7.36977     7.14838     6.67408
  7.93670     7.72429     7.67144     7.59370     7.48053     7.36917     7.14822     6.67369
  7.93601     7.72297     7.67024     7.59242     7.47933     7.36792     7.14742     6.67271
  7.93491     7.72150     7.66888     7.59103     7.47789     7.36635     7.14582     6.67167
  7.93480     7.72152     7.66849     7.59041     7.47735     7.36570     7.14536     6.67174
  7.93440     7.72110     7.66807     7.58974     7.47668     7.36504     7.14485     6.67134
  7.93444     7.72150     7.66824     7.58960     7.47659     7.36481     7.14542     6.67182
  7.93532     7.72157     7.66831     7.58927     7.47621     7.36473     7.14531     6.67180
  7.93556     7.72226     7.66888     7.58944     7.47654     7.36500     7.14631     6.67224
  7.93696     7.72338     7.66955     7.58985     7.47688     7.36560     7.14699     6.67309
  7.93744     7.72551     7.67044     7.59040     7.47733     7.36684     7.14700     6.67417
  7.93785     7.72693     7.67140     7.59112     7.47787     7.36771     7.14790     6.67538
  7.93810     7.72893     7.67243     7.59160     7.47819     7.36883     7.14828     6.67629
  7.93869     7.73030     7.67372     7.59295     7.47898     7.36982     7.14925     6.67760
  7.93901     7.73061     7.67403     7.59326     7.47928     7.37012     7.14954     6.67787
  7.93996     7.73200     7.67564     7.59440     7.48039     7.37129     7.15112     6.67910
  7.94049     7.73329     7.67693     7.59584     7.48150     7.37226     7.15262     6.68032
  7.94136     7.73441     7.67832     7.59689     7.48268     7.37364     7.15394     6.68157
  7.94185     7.73537     7.67940     7.59783     7.48384     7.37487     7.15513     6.68259
  7.94232     7.73573     7.68028     7.59861     7.48468     7.37598     7.15617     6.68313
  7.94298     7.73657     7.68118     7.59973     7.48606     7.37724     7.15712     6.68401
  7.94367     7.73598     7.68211     7.60103     7.48729     7.37869     7.15809     6.68463
  7.94473     7.73717     7.68310     7.60260     7.48913     7.37998     7.15919     6.68561
  7.94545     7.73660     7.68396     7.60367     7.49024     7.38153     7.16004     6.68632
  7.94634     7.73737     7.68464     7.60512     7.49157     7.38232     7.16071     6.68692
  7.94707     7.73785     7.68543     7.60597     7.49251     7.38357     7.16113     6.68740
  7.94804     7.73860     7.68616     7.60730     7.49376     7.38424     7.16222     6.68798
  7.94887     7.73927     7.68708     7.60839     7.49494     7.38550     7.16264     6.68878
  7.94972     7.74013     7.68794     7.60923     7.49618     7.38634     7.16364     6.68920
  7.95027     7.74083     7.68872     7.61008     7.49729     7.38711     7.16403     6.68971
  7.95023     7.74121     7.68901     7.61024     7.49783     7.38748     7.16384     6.68961
  7.95015     7.74149     7.68950     7.61069     7.49847     7.38790     7.16385     6.68975
  7.95000     7.74209     7.68993     7.61098     7.49900     7.38810     7.16408     6.68958
  7.94984     7.74226     7.69046     7.61124     7.49959     7.38857     7.16387     6.68981
  7.94957     7.74244     7.69064     7.61145     7.49967     7.38840     7.16408     6.68946
  7.94944     7.74264     7.69095     7.61155     7.50009     7.38846     7.16401     6.68923
  7.94950     7.74270     7.69107     7.61171     7.50005     7.38825     7.16364     6.68882
  7.94984     7.74301     7.69149     7.61200     7.50050     7.38852     7.16377     6.68860
  7.95008     7.74288     7.69172     7.61216     7.50048     7.38860     7.16366     6.68825
  7.95108     7.74355     7.69267     7.61298     7.50160     7.38940     7.16388     6.68832
  7.95195     7.74386     7.69313     7.61370     7.50222     7.39001     7.16423     6.68832
  7.95266     7.74431     7.69357     7.61448     7.50298     7.39049     7.16448     6.68812
  7.95362     7.74479     7.69406     7.61527     7.50437     7.39097     7.16465     6.68810
  7.95402     7.74518     7.69445     7.61565     7.50475     7.39134     7.16501     6.68844
  7.95471     7.74563     7.69463     7.61619     7.50542     7.39159     7.16521     6.68822
  7.95524     7.74555     7.69499     7.61672     7.50662     7.39133     7.16511     6.68800
  7.95583     7.74581     7.69531     7.61727     7.50746     7.39143     7.16478     6.68798
  7.95647     7.74593     7.69578     7.61798     7.50819     7.39129     7.16442     6.68775
  7.95673     7.74607     7.69605     7.61836     7.50861     7.39115     7.16398     6.68738
  7.95693     7.74600     7.69616     7.61840     7.50883     7.39103     7.16332     6.68690
  7.95698     7.74614     7.69618     7.61839     7.50880     7.39067     7.16307     6.68642
  7.95717     7.74639     7.69630     7.61827     7.50895     7.39067     7.16255     6.68620
  7.95667     7.74621     7.69566     7.61765     7.50844     7.38977     7.16157     6.68542
  7.95652     7.74639     7.69556     7.61745     7.50940     7.38959     7.16126     6.68543
  7.95610     7.74637     7.69501     7.61650     7.50891     7.38893     7.16035     6.68493
  7.95592     7.74642     7.69492     7.61624     7.50981     7.38866     7.16035     6.68499
  7.95619     7.74689     7.69508     7.61581     7.50990     7.38852     7.16053     6.68507
  7.95687     7.74732     7.69541     7.61609     7.51024     7.38889     7.16063     6.68545
  7.95746     7.74792     7.69599     7.61679     7.51047     7.38903     7.16127     6.68600
  7.95853     7.74853     7.69676     7.61745     7.51136     7.38983     7.16147     6.68681
  7.95928     7.74927     7.69738     7.61847     7.51173     7.39030     7.16167     6.68770
  7.96033     7.74982     7.69818     7.61921     7.51259     7.39101     7.16241     6.68852
  7.96104     7.75036     7.69850     7.61967     7.51287     7.39122     7.16265     6.68918
  7.96251     7.75106     7.69912     7.62050     7.51371     7.39188     7.16350     6.69002
  7.96375     7.75167     7.69973     7.62117     7.51432     7.39250     7.16439     6.69096
  7.96548     7.75238     7.70038     7.62197     7.51530     7.39328     7.16507     6.69189
  7.96712     7.75298     7.70102     7.62259     7.51612     7.39421     7.16576     6.69301
  7.96871     7.75354     7.70159     7.62309     7.51700     7.39488     7.16645     6.69374
  7.97031     7.75418     7.70236     7.62416     7.51790     7.39587     7.16732     6.69501
  7.97144     7.75439     7.70284     7.62460     7.51854     7.39629     7.16789     6.69604
  7.97267     7.75540     7.70382     7.62584     7.51933     7.39728     7.16864     6.69719
  7.97368     7.75604     7.70459     7.62668     7.52008     7.39799     7.16934     6.69845
  7.97464     7.75697     7.70551     7.62760     7.52099     7.39888     7.17020     6.69925
  7.97589     7.75804     7.70640     7.62859     7.52173     7.39986     7.17076     6.70028
  7.97762     7.75971     7.70765     7.62987     7.52291     7.40109     7.17210     6.70153
  7.97946     7.76087     7.70884     7.63103     7.52408     7.40236     7.17294     6.70289
  7.98188     7.76292     7.71050     7.63291     7.52573     7.40383     7.17504     6.70447
  7.98394     7.76442     7.71202     7.63460     7.52727     7.40544     7.17595     6.70618
  7.98599     7.76642     7.71360     7.63643     7.52879     7.40675     7.17751     6.70766
  7.98751     7.76762     7.71465     7.63810     7.53009     7.40830     7.17814     6.70905
  7.98919     7.76866     7.71597     7.63958     7.53126     7.40954     7.17881     6.71031
  7.99042     7.76940     7.71670     7.64073     7.53222     7.40995     7.17909     6.71132
  7.99223     7.77008     7.71781     7.64224     7.53322     7.41106     7.18000     6.71262
  7.99398     7.77087     7.71876     7.64360     7.53464     7.41148     7.18094     6.71391
  7.99605     7.77203     7.71983     7.64524     7.53578     7.41269     7.18230     6.71497
  7.99841     7.77331     7.72119     7.64694     7.53753     7.41417     7.18429     6.71681
  8.00031     7.77454     7.72237     7.64811     7.53854     7.41542     7.18495     6.71789
  8.00252     7.77603     7.72388     7.64950     7.54004     7.41670     7.18617     6.71948
  8.00406     7.77727     7.72508     7.65048     7.54093     7.41772     7.18657     6.72066
  8.00584     7.77870     7.72651     7.65170     7.54230     7.41871     7.18747     6.72223
  8.00779     7.78045     7.72827     7.65312     7.54397     7.42018     7.18849     6.72387
  8.00948     7.78194     7.72980     7.65439     7.54532     7.42125     7.18996     6.72547
  8.01194     7.78436     7.73211     7.65632     7.54723     7.42326     7.19172     6.72796
  8.01406     7.78687     7.73424     7.65764     7.54791     7.42496     7.19343     6.72995
  8.01591     7.78903     7.73601     7.65928     7.54921     7.42655     7.19531     6.73197
  8.01777     7.79156     7.73807     7.66058     7.54972     7.42826     7.19726     6.73395
  8.01863     7.79298     7.73936     7.66160     7.55059     7.42932     7.19865     6.73518
  8.01987     7.79496     7.74113     7.66303     7.55190     7.43064     7.20015     6.73673
  8.02047     7.79626     7.74248     7.66405     7.55287     7.43167     7.20099     6.73831
  8.02156     7.79829     7.74418     7.66535     7.55431     7.43305     7.20197     6.73995
  8.02222     7.79947     7.74520     7.66602     7.55511     7.43397     7.20265     6.74130
  8.02327     7.80050     7.74621     7.66702     7.55611     7.43495     7.20360     6.74218
  8.02506     7.80482     7.74764     7.67076     7.55609     7.43379     7.20609     6.73464
  8.02576     7.80559     7.74840     7.67123     7.55671     7.43436     7.20657     6.73536
  8.02711     7.81136     7.75174     7.67459     7.56264     7.43786     7.20051     6.72761
  8.02770     7.81178     7.75245     7.67494     7.56313     7.43819     7.20048     6.72852
  8.02767     7.81420     7.75509     7.67479     7.56973     7.44355     7.19261     6.72945
  8.02873     7.81478     7.75611     7.67527     7.57050     7.44428     7.19309     6.73061
  8.02932     7.81537     7.75685     7.67554     7.57105     7.44482     7.19372     6.73185
  8.03062     7.81616     7.75807     7.67629     7.57216     7.44574     7.19467     6.73343
  8.03166     7.81724     7.75928     7.67731     7.57325     7.44686     7.19582     6.73473
  8.03285     7.81824     7.76036     7.67823     7.57453     7.44794     7.19698     6.73652
  8.03348     7.81908     7.76125     7.67897     7.57519     7.44880     7.19798     6.73753
  8.03460     7.82009     7.76209     7.67991     7.57641     7.44984     7.19895     6.73890
  8.03443     7.82003     7.76221     7.67995     7.57641     7.45013     7.19913     6.73934
  8.03490     7.82065     7.76247     7.68049     7.57701     7.45066     7.19945     6.74003
  8.03488     7.82059     7.76261     7.68073     7.57722     7.45099     7.20007     6.74020
  8.03529     7.82075     7.76243     7.68108     7.57757     7.45122     7.20034     6.74046
  8.03510     7.82024     7.76200     7.68115     7.57740     7.45111     7.20035     6.74026
  8.03539     7.82001     7.76172     7.68138     7.57762     7.45128     7.20044     6.74041
  8.03548     7.81997     7.76166     7.68187     7.57770     7.45174     7.20031     6.74062
  8.03562     7.82017     7.76203     7.68226     7.57828     7.45205     7.20059     6.74121
  8.03622     7.82057     7.76262     7.68337     7.57819     7.45293     7.20132     6.74177
  8.03677     7.82081     7.76324     7.68402     7.57875     7.45329     7.20202     6.74215
  8.03702     7.82059     7.76322     7.68351     7.57802     7.45360     7.20233     6.74211
  8.03747     7.82038     7.76322     7.68380     7.57815     7.45386     7.20258     6.74234
  8.03734     7.81964     7.76292     7.68245     7.57760     7.45360     7.20151     6.74185
  8.03747     7.81909     7.76263     7.68221     7.57740     7.45356     7.20139     6.74194
  8.03743     7.81827     7.76245     7.68172     7.57730     7.45308     7.19999     6.74173
  8.03760     7.81752     7.76193     7.68137     7.57707     7.45295     7.20017     6.74127
  8.03679     7.81672     7.76114     7.68059     7.57630     7.45220     7.19944     6.74059
  8.03653     7.81579     7.76060     7.67993     7.57599     7.45151     7.19872     6.74020
  8.03506     7.81396     7.75881     7.67851     7.57466     7.44981     7.19772     6.73875
  8.03387     7.81257     7.75769     7.67789     7.57349     7.44854     7.19669     6.73776
  8.03194     7.81094     7.75590     7.67647     7.57198     7.44690     7.19623     6.73623
  8.03023     7.80958     7.75442     7.67548     7.57058     7.44547     7.19428     6.73512
  8.02820     7.80804     7.75265     7.67400     7.56899     7.44417     7.19352     6.73366
  8.02659     7.80666     7.75095     7.67233     7.56773     7.44279     7.19202     6.73235
  8.02487     7.80521     7.74947     7.67095     7.56628     7.44146     7.19040     6.73102
  8.02321     7.80368     7.74781     7.66920     7.56468     7.43989     7.18908     6.72925
  8.02158     7.80200     7.74632     7.66761     7.56317     7.43844     7.18717     6.72766
  8.01952     7.79996     7.74421     7.66556     7.56122     7.43636     7.18532     6.72557
  8.01786     7.79834     7.74283     7.66422     7.55966     7.43494     7.18375     6.72394
  8.01581     7.79623     7.74069     7.66206     7.55784     7.43278     7.18175     6.72201
  8.01425     7.79479     7.73921     7.66085     7.55621     7.43138     7.18045     6.72013
  8.01277     7.79328     7.73764     7.65931     7.55465     7.42977     7.17916     6.71837
  8.01156     7.79220     7.73622     7.65806     7.55319     7.42858     7.17742     6.71671
  8.00989     7.79050     7.73458     7.65632     7.55151     7.42680     7.17595     6.71462
  8.00822     7.78897     7.73286     7.65463     7.54952     7.42504     7.17387     6.71289
  8.00668     7.78711     7.73105     7.65255     7.54780     7.42300     7.17145     6.71091
  8.00489     7.78498     7.72905     7.65044     7.54548     7.42048     7.16894     6.70864
  8.00398     7.78346     7.72746     7.64884     7.54395     7.41870     7.16668     6.70719
  8.00307     7.78192     7.72603     7.64740     7.54252     7.41679     7.16430     6.70551
  8.00210     7.78070     7.72466     7.64616     7.54121     7.41532     7.16259     6.70419
  8.00152     7.78012     7.72414     7.64565     7.54044     7.41437     7.16128     6.70327
  8.00040     7.77919     7.72304     7.64345     7.53914     7.41331     7.15960     6.70157
  7.99992     7.77892     7.72277     7.64316     7.53856     7.41263     7.15865     6.70088
  7.99912     7.77835     7.72204     7.64132     7.53753     7.41173     7.15732     6.69925
  7.99898     7.77794     7.72164     7.64090     7.53681     7.41098     7.15647     6.69873
  7.99818     7.77716     7.72086     7.64013     7.53605     7.41023     7.15575     6.69806
  7.99778     7.77654     7.72009     7.63956     7.53523     7.40936     7.15485     6.69700
  7.99736     7.77541     7.71921     7.63861     7.53414     7.40828     7.15390     6.69603
  7.99694     7.77454     7.71828     7.63773     7.53280     7.40733     7.15241     6.69485
  7.99671     7.77340     7.71738     7.63686     7.53173     7.40645     7.15140     6.69358
  7.99667     7.77289     7.71678     7.63648     7.53089     7.40591     7.15057     6.69255
  7.99647     7.77207     7.71609     7.63584     7.52994     7.40504     7.14955     6.69146
  7.99600     7.77118     7.71521     7.63469     7.52891     7.40425     7.14847     6.69045
  7.99557     7.77011     7.71424     7.63391     7.52787     7.40312     7.14726     6.68944
  7.99484     7.76898     7.71322     7.63238     7.52658     7.40201     7.14577     6.68835
  7.99412     7.76771     7.71187     7.63122     7.52523     7.40089     7.14473     6.68701
  7.99341     7.76642     7.71069     7.63024     7.52406     7.39960     7.14329     6.68559
  7.99312     7.76468     7.70962     7.62930     7.52311     7.39886     7.14280     6.68420
  7.99245     7.76336     7.70843     7.62825     7.52215     7.39757     7.14156     6.68295
  7.99254     7.76169     7.70761     7.62759     7.52157     7.39713     7.14088     6.68167
  7.99227     7.76057     7.70695     7.62682     7.52080     7.39611     7.14033     6.68051
  7.99246     7.75980     7.70616     7.62628     7.52031     7.39576     7.13583     6.67954
  7.99216     7.75876     7.70525     7.62588     7.51919     7.39469     7.13517     6.67796
  7.99224     7.75785     7.70405     7.62511     7.51819     7.39378     7.13060     6.67639
  7.99179     7.75674     7.70272     7.62449     7.51711     7.39253     7.12985     6.67442
  7.99147     7.75548     7.70123     7.62355     7.51575     7.39114     7.12872     6.67260
  7.99108     7.75426     7.69999     7.62250     7.51480     7.38972     7.12803     6.67028
  7.99060     7.75290     7.69839     7.62143     7.51338     7.38810     7.12629     6.66818
  7.99020     7.75188     7.69711     7.62026     7.51224     7.38652     7.12491     6.66587
  7.98958     7.75056     7.69527     7.61897     7.51067     7.38485     7.12260     6.66310
  7.98921     7.74953     7.69389     7.61769     7.50945     7.38316     7.12107     6.66052
  7.98831     7.74793     7.69178     7.61609     7.50750     7.38118     7.11796     6.65744
  7.98794     7.74672     7.69020     7.61492     7.50625     7.37929     7.11642     6.65443
  7.98817     7.74556     7.68858     7.61358     7.50463     7.37742     7.11362     6.65176
  7.98913     7.74649     7.68951     7.61449     7.50554     7.37831     7.11448     6.65257
  7.98865     7.74514     7.68792     7.61308     7.50403     7.37622     7.11247     6.64977
  7.98910     7.74402     7.68669     7.61166     7.50341     7.37434     7.10990     6.64783
  7.98875     7.74254     7.68514     7.60974     7.50158     7.37209     7.10770     6.64505
  7.98836     7.74082     7.68360     7.60782     7.50037     7.36958     7.10446     6.64278
  7.98782     7.73883     7.68139     7.60526     7.49784     7.36680     7.10137     6.63929
  7.98673     7.73646     7.67894     7.60257     7.49495     7.36347     7.09766     6.63579
  7.98564     7.73395     7.67626     7.59953     7.49187     7.36007     7.09399     6.63211
  7.98414     7.73121     7.67340     7.59624     7.48838     7.35631     7.08951     6.62828
  7.98319     7.72891     7.67094     7.59336     7.48524     7.35293     7.08557     6.62480
  7.98209     7.72662     7.66841     7.59035     7.48195     7.34943     7.08122     6.62118
  7.98142     7.72450     7.66593     7.58749     7.47877     7.34636     7.07730     6.61764
  7.98046     7.72239     7.66353     7.58456     7.47488     7.34304     7.07367     6.61368
  7.97996     7.72031     7.66100     7.58170     7.47184     7.34011     7.06995     6.61012
  7.97898     7.71794     7.65832     7.57843     7.46768     7.33650     7.06612     6.60582
  7.97846     7.71596     7.65580     7.57555     7.46453     7.33339     7.06225     6.60202
  7.97755     7.71354     7.65306     7.57224     7.46087     7.32965     7.05822     6.59805
  7.97736     7.71181     7.65080     7.56969     7.45791     7.32659     7.05431     6.59439
  7.97738     7.71022     7.64869     7.56709     7.45496     7.32364     7.05121     6.59122
  7.97776     7.70865     7.64672     7.56480     7.45222     7.32072     7.04764     6.58802
  7.97821     7.70725     7.64492     7.56245     7.44948     7.31797     7.04484     6.58519
  7.97863     7.70550     7.64300     7.55997     7.44667     7.31494     7.04094     6.58198
  7.97953     7.70406     7.64163     7.55842     7.44433     7.31236     7.03842     6.57806
  7.97991     7.70191     7.63968     7.55591     7.44163     7.30933     7.03450     6.57498
  7.98129     7.70063     7.63849     7.55444     7.43984     7.30704     7.03212     6.57089
  7.98175     7.69858     7.63634     7.55283     7.43728     7.30404     7.02922     6.56797
  7.98271     7.69697     7.63463     7.55057     7.43504     7.30132     7.02677     6.56531
  7.98287     7.69465     7.63223     7.54861     7.43213     7.29786     7.02326     6.56210
  7.98364     7.69310     7.62998     7.54631     7.43012     7.29505     7.02050     6.55960
  7.98227     7.69179     7.62868     7.54502     7.42885     7.29381     7.01930     6.55848
  7.98284     7.68990     7.62671     7.54272     7.42636     7.29063     7.01569     6.55554
  7.98286     7.68765     7.62372     7.53970     7.42387     7.28712     7.01144     6.55215
  7.98311     7.68566     7.62132     7.53725     7.42114     7.28371     7.00776     6.54868
  7.98357     7.68388     7.61907     7.53374     7.41869     7.28074     7.00432     6.54537
  7.98364     7.68184     7.61654     7.53121     7.41580     7.27719     7.00056     6.54168
  7.98413     7.68039     7.61447     7.52796     7.41338     7.27443     6.99745     6.53827
  7.98350     7.67801     7.61173     7.52487     7.41015     7.27064     6.99328     6.53454
  7.98325     7.67612     7.60923     7.52222     7.40729     7.26727     6.98951     6.53108
  7.98210     7.67306     7.60626     7.51875     7.40364     7.26314     6.98522     6.52725
  7.98039     7.66983     7.60217     7.51473     7.39952     7.25865     6.97996     6.52304
  7.97874     7.66639     7.59866     7.51083     7.39528     7.25403     6.97516     6.51869
  7.97693     7.66313     7.59433     7.50586     7.39078     7.24945     6.96940     6.51404
  7.97477     7.65966     7.59019     7.50135     7.38608     7.24462     6.96419     6.50932
  7.97265     7.65639     7.58637     7.49665     7.38142     7.24021     6.95851     6.50492
  7.97054     7.65329     7.58282     7.49252     7.37716     7.23576     6.95358     6.50083
  7.96796     7.64985     7.57915     7.48857     7.37261     7.23126     6.94749     6.49646
  7.96643     7.64755     7.57671     7.48537     7.36928     7.22765     6.94351     6.49340
  7.96481     7.64506     7.57403     7.48219     7.36573     7.22377     6.93833     6.48979
  7.96367     7.64295     7.57177     7.47909     7.36255     7.22055     6.93464     6.48703
  7.96249     7.64078     7.56937     7.47613     7.35923     7.21697     6.92970     6.48413
  7.96158     7.63856     7.56713     7.47297     7.35616     7.21378     6.92581     6.48143
  7.96066     7.63638     7.56472     7.47003     7.35302     7.21050     6.92131     6.47848
  7.95970     7.63415     7.56195     7.46694     7.35001     7.20740     6.91737     6.47573
  7.95898     7.63229     7.55995     7.46476     7.34742     7.20502     6.91431     6.47315
  7.95777     7.63026     7.55739     7.46197     7.34455     7.20241     6.91129     6.47039
  7.95641     7.62832     7.55517     7.45973     7.34175     7.20016     6.90832     6.46777
  7.95545     7.62696     7.55360     7.45776     7.33949     7.19830     6.90558     6.46559
  7.95411     7.62521     7.55159     7.45553     7.33681     7.19598     6.90292     6.46308
  7.95292     7.62407     7.55046     7.45441     7.33572     7.19490     6.90188     6.46211
  7.95200     7.62258     7.54887     7.45259     7.33352     7.19302     6.89879     6.46015
  7.95111     7.62101     7.54732     7.45080     7.33120     7.19090     6.89652     6.45797
  7.95108     7.62002     7.54608     7.44964     7.32964     7.18944     6.89467     6.45648
  7.95047     7.61866     7.54464     7.44807     7.32765     7.18746     6.89237     6.45481
  7.95060     7.61783     7.54347     7.44699     7.32647     7.18623     6.89050     6.45346
  7.94996     7.61652     7.54218     7.44536     7.32465     7.18450     6.88849     6.45194
  7.94983     7.61571     7.54122     7.44415     7.32345     7.18320     6.88635     6.45071
  7.94905     7.61431     7.54007     7.44258     7.32171     7.18159     6.88467     6.44880
  7.94882     7.61356     7.53927     7.44156     7.32049     7.18043     6.88276     6.44798
  7.94797     7.61201     7.53798     7.43998     7.31885     7.17862     6.88107     6.44625
  7.94737     7.61085     7.53702     7.43894     7.31771     7.17719     6.87938     6.44521
  7.94651     7.60916     7.53575     7.43714     7.31611     7.17535     6.87770     6.44386
  7.94634     7.60807     7.53464     7.43598     7.31483     7.17383     6.87626     6.44253
  7.94579     7.60681     7.53356     7.43445     7.31351     7.17235     6.87474     6.44102
  7.94530     7.60542     7.53202     7.43305     7.31195     7.17081     6.87290     6.43940
  7.94528     7.60474     7.53143     7.43231     7.31124     7.17017     6.87208     6.43845
  7.94456     7.60368     7.53033     7.43151     7.31016     7.16909     6.87053     6.43720
  7.94497     7.60369     7.53042     7.43145     7.31002     7.16900     6.86998     6.43712
  7.94474     7.60370     7.53024     7.43148     7.30964     7.16877     6.86936     6.43691
  7.94509     7.60424     7.53054     7.43174     7.30946     7.16906     6.86907     6.43699
  7.94560     7.60524     7.53116     7.43252     7.31001     7.16935     6.86959     6.43767
  7.94614     7.60612     7.53173     7.43300     7.31037     7.17009     6.87030     6.43799
  7.94625     7.60758     7.53272     7.43436     7.31152     7.17092     6.87193     6.43892
  7.94747     7.60897     7.53361     7.43516     7.31263     7.17193     6.87278     6.43964
  7.94764     7.61054     7.53481     7.43639     7.31404     7.17309     6.87414     6.44066
  7.94885     7.61198     7.53603     7.43744     7.31527     7.17420     6.87486     6.44151
  7.95025     7.61340     7.53646     7.43845     7.31646     7.17524     6.87600     6.44263
  7.95177     7.61488     7.53772     7.43952     7.31787     7.17639     6.87725     6.44360
  7.95368     7.61671     7.53952     7.44130     7.31962     7.17811     6.87890     6.44514
  7.95543     7.61823     7.54020     7.44267     7.32099     7.17941     6.88049     6.44651
  7.95725     7.61985     7.54162     7.44389     7.32266     7.18073     6.88220     6.44787
  7.95884     7.62112     7.54315     7.44498     7.32414     7.18323     6.88360     6.44932
  7.96005     7.62217     7.54427     7.44596     7.32558     7.18431     6.88438     6.45050
  7.96189     7.62364     7.54508     7.44712     7.32719     7.18695     6.88564     6.45196
  7.96167     7.62433     7.54598     7.44813     7.32831     7.18782     6.88577     6.45284
  7.96364     7.62621     7.54688     7.44981     7.33031     7.18972     6.88763     6.45425
  7.96336     7.62722     7.54810     7.45130     7.33170     7.19087     6.88883     6.45542
  7.96435     7.62813     7.54892     7.45255     7.33299     7.19230     6.89019     6.45619
  7.96532     7.62902     7.54976     7.45345     7.33422     7.19346     6.89166     6.45712
  7.96614     7.62963     7.55020     7.45435     7.33515     7.19487     6.89229     6.45777
  7.96703     7.63045     7.55081     7.45498     7.33616     7.19582     6.89339     6.45830
  7.96814     7.63133     7.55163     7.45599     7.33726     7.19681     6.89399     6.45891
  7.96871     7.63207     7.55226     7.45705     7.33811     7.19756     6.89478     6.45942
  7.96938     7.63263     7.55257     7.45771     7.33880     7.19783     6.89523     6.45969
  7.96921     7.63283     7.55273     7.45836     7.33920     7.19818     6.89500     6.45989
  7.96989     7.63322     7.55308     7.45881     7.33955     7.19882     6.89476     6.46020
  7.96988     7.63360     7.55349     7.45935     7.33996     7.19931     6.89506     6.46067
  7.97193     7.63517     7.55535     7.46087     7.34146     7.20102     6.89536     6.46205
  7.97285     7.63573     7.55635     7.46095     7.34190     7.20158     6.89628     6.46237
  7.97486     7.63709     7.55791     7.46223     7.34318     7.20304     6.89698     6.46379
  7.97622     7.63806     7.55905     7.46245     7.34381     7.20382     6.89747     6.46423
  7.97741     7.63842     7.55979     7.46291     7.34409     7.20440     6.89704     6.46474
  7.97849     7.63925     7.56078     7.46358     7.34461     7.20507     6.89695     6.46529
  7.97971     7.63970     7.56156     7.46412     7.34513     7.20570     6.89637     6.46574
  7.98097     7.64035     7.56251     7.46470     7.34564     7.20634     6.89644     6.46601
  7.98195     7.64057     7.56291     7.46507     7.34606     7.20663     6.89659     6.46608
  7.98309     7.64109     7.56360     7.46562     7.34648     7.20709     6.89706     6.46642
  7.98397     7.64194     7.56444     7.46644     7.34729     7.20789     6.89782     6.46714
  7.98451     7.64178     7.56439     7.46644     7.34730     7.20784     6.89816     6.46698
  7.98518     7.64235     7.56493     7.46679     7.34757     7.20829     6.89865     6.46737
  7.98556     7.64243     7.56498     7.46697     7.34754     7.20848     6.89902     6.46748
  7.98615     7.64315     7.56557     7.46730     7.34779     7.20894     6.89895     6.46757
  7.98656     7.64369     7.56574     7.46782     7.34804     7.20947     6.89975     6.46792
  7.98680     7.64426     7.56605     7.46801     7.34820     7.20970     6.89935     6.46799
  7.98706     7.64481     7.56626     7.46842     7.34840     7.21003     6.89983     6.46819
  7.98693     7.64504     7.56621     7.46793     7.34804     7.20994     6.89901     6.46778
  7.98673     7.64514     7.56606     7.46766     7.34768     7.20965     6.89865     6.46761
  7.98625     7.64472     7.56584     7.46686     7.34688     7.20918     6.89731     6.46705
  7.98576     7.64425     7.56536     7.46691     7.34627     7.20844     6.89667     6.46666
  7.98504     7.64340     7.56455     7.46579     7.34503     7.20758     6.89518     6.46621
  7.98443     7.64279     7.56409     7.46581     7.34428     7.20687     6.89438     6.46587
  7.98376     7.64182     7.56312     7.46454     7.34281     7.20600     6.89303     6.46506
  7.98276     7.64094     7.56235     7.46343     7.34176     7.20515     6.89200     6.46438
  7.98183     7.64002     7.56152     7.46218     7.34053     7.20427     6.89067     6.46367
  7.98076     7.63903     7.56059     7.46094     7.33931     7.20314     6.88969     6.46261
  7.97973     7.63795     7.55942     7.45952     7.33805     7.20184     6.88807     6.46171
  7.97914     7.63716     7.55861     7.45847     7.33693     7.20081     6.88749     6.46104
  7.97842     7.63594     7.55731     7.45733     7.33582     7.19971     6.88589     6.46005
  7.97784     7.63495     7.55658     7.45578     7.33491     7.19882     6.88516     6.45952
  7.97710     7.63390     7.55527     7.45480     7.33372     7.19793     6.88377     6.45860
  7.97545     7.63235     7.55387     7.45280     7.33202     7.19661     6.88207     6.45725
  7.97421     7.63139     7.55255     7.45169     7.33052     7.19551     6.88092     6.45619
  7.97188     7.62973     7.55079     7.45009     7.32854     7.19398     6.87917     6.45456
  7.96940     7.62800     7.54893     7.44854     7.32649     7.19210     6.87735     6.45268
  7.96779     7.62672     7.54771     7.44735     7.32498     7.19100     6.87606     6.45135
  7.96543     7.62450     7.54542     7.44527     7.32243     7.18752     6.87394     6.44951
  7.96420     7.62293     7.54415     7.44351     7.32033     7.18597     6.87185     6.44787
  7.95957     7.61851     7.53977     7.43919     7.31608     7.18180     6.86787     6.44413
  7.95794     7.61628     7.53767     7.43688     7.31350     7.17845     6.86587     6.44239
  7.95510     7.61307     7.53474     7.43353     7.30982     7.17538     6.86200     6.43975
  7.95344     7.61086     7.53240     7.43136     7.30816     7.17320     6.85994     6.43790
  7.95202     7.60923     7.53102     7.42976     7.30621     7.17166     6.85797     6.43663
  7.95031     7.60726     7.52882     7.42783     7.30484     7.16959     6.85615     6.43509
  7.94859     7.60593     7.52729     7.42627     7.30314     7.16823     6.85464     6.43412
  7.94635     7.60411     7.52518     7.42437     7.30110     7.16640     6.85289     6.43252
  7.94449     7.60257     7.52335     7.42275     7.29930     7.16500     6.85121     6.43120
  7.94217     7.60061     7.52097     7.42086     7.29718     7.16325     6.84941     6.42943
  7.94041     7.59858     7.51911     7.41886     7.29505     7.16156     6.84793     6.42774
  7.93816     7.59613     7.51699     7.41673     7.29284     7.15957     6.84588     6.42579
  7.93616     7.59402     7.51512     7.41479     7.29088     7.15781     6.84468     6.42441
  7.93339     7.59118     7.51211     7.41215     7.28758     7.15543     6.84243     6.42210
  7.93088     7.58879     7.50972     7.41004     7.28533     7.15327     6.84088     6.42045
  7.92786     7.58594     7.50639     7.40738     7.28184     7.15083     6.83873     6.41804
  7.92516     7.58342     7.50369     7.40502     7.27924     7.14846     6.83747     6.41611
  7.92222     7.58107     7.50149     7.40287     7.27688     7.14652     6.83555     6.41401
  7.91956     7.57859     7.49908     7.40062     7.27464     7.14431     6.83452     6.41202
  7.91721     7.57701     7.49760     7.39892     7.27297     7.14287     6.83247     6.41027
  7.91514     7.57518     7.49583     7.39723     7.27147     7.14142     6.83141     6.40866
  7.91309     7.57388     7.49446     7.39548     7.27000     7.14007     6.82910     6.40749
  7.91096     7.57221     7.49273     7.39378     7.26838     7.13834     6.82730     6.40597
  7.90891     7.57090     7.49115     7.39208     7.26687     7.13698     6.82582     6.40474
  7.90677     7.56927     7.48927     7.39038     7.26521     7.13503     6.82391     6.40314
  7.90451     7.56750     7.48760     7.38840     7.26337     7.13332     6.82224     6.40135
  7.90210     7.56539     7.48539     7.38639     7.26152     7.13135     6.82046     6.39946
  7.89980     7.56337     7.48389     7.38439     7.25970     7.12956     6.81829     6.39777
  7.89747     7.56118     7.48172     7.38228     7.25785     7.12770     6.81653     6.39599
  7.89473     7.55856     7.47912     7.37972     7.25534     7.12523     6.81417     6.39378
  7.89236     7.55629     7.47729     7.37764     7.25340     7.12325     6.81238     6.39206
  7.88995     7.55386     7.47504     7.37541     7.25114     7.12109     6.81027     6.39003
  7.88766     7.55161     7.47300     7.37348     7.24914     7.11926     6.80858     6.38823
  7.88594     7.54983     7.47156     7.37207     7.24756     7.11776     6.80691     6.38690
  7.88396     7.54788     7.46971     7.37039     7.24589     7.11620     6.80522     6.38529
  7.88252     7.54652     7.46834     7.36923     7.24483     7.11494     6.80386     6.38434
  7.88098     7.54517     7.46588     7.36801     7.24364     7.11387     6.80293     6.38328
  7.87959     7.54385     7.46458     7.36691     7.24265     7.11260     6.80197     6.38218
  7.87815     7.54262     7.46229     7.36618     7.24179     7.11178     6.80168     6.38143
  7.87692     7.54135     7.46121     7.36545     7.24089     7.11081     6.80074     6.38026
  7.87531     7.53978     7.45960     7.36427     7.23981     7.10959     6.79990     6.37910
  7.87423     7.53870     7.45865     7.36362     7.23902     7.10898     6.79869     6.37817
  7.87276     7.53729     7.45733     7.36252     7.23818     7.10790     6.79767     6.37715
  7.87085     7.53559     7.45558     7.36087     7.23673     7.10646     6.79545     6.37584
  7.86947     7.53428     7.45433     7.35986     7.23590     7.10543     6.79404     6.37476
  7.86751     7.53236     7.45239     7.35775     7.23427     7.10366     6.79157     6.37352
  7.86583     7.53062     7.45054     7.35626     7.23286     7.10206     6.78964     6.37193
  7.86465     7.52925     7.44949     7.35484     7.23177     7.10103     6.78795     6.37127
  7.86270     7.52706     7.44757     7.35303     7.23017     7.09923     6.78587     6.36976
  7.86144     7.52558     7.44722     7.35181     7.22909     7.09824     6.78463     6.36877
  7.85925     7.52299     7.44494     7.34969     7.22724     7.09630     6.78252     6.36679
  7.85824     7.52163     7.44446     7.34840     7.22622     7.09527     6.78150     6.36576
  7.85648     7.51956     7.44248     7.34684     7.22465     7.09372     6.78026     6.36408
  7.85583     7.51849     7.44168     7.34580     7.22379     7.09298     6.77975     6.36353
  7.85458     7.51693     7.44000     7.34450     7.22246     7.09162     6.77815     6.36230
  7.85354     7.51561     7.43886     7.34273     7.22129     7.09065     6.77740     6.36135
  7.85204     7.51388     7.43719     7.34114     7.21992     7.08909     6.77555     6.35968
  7.85079     7.51241     7.43591     7.33921     7.21878     7.08779     6.77391     6.35857
  7.84894     7.51063     7.43416     7.33748     7.21707     7.08612     6.77231     6.35707
  7.84756     7.50928     7.43290     7.33611     7.21592     7.08478     6.77058     6.35564
  7.84611     7.50787     7.43078     7.33463     7.21472     7.08357     6.76942     6.35424
  7.84449     7.50650     7.42921     7.33306     7.21329     7.08215     6.76730     6.35274
  7.84338     7.50551     7.42731     7.33185     7.21227     7.08123     6.76660     6.35163
  7.84205     7.50450     7.42627     7.33006     7.21114     7.08021     6.76522     6.35046
  7.84106     7.50352     7.42561     7.32909     7.21050     7.07935     6.76427     6.34994
  7.84050     7.50291     7.42526     7.32796     7.20994     7.07888     6.76364     6.34977
  7.83987     7.50229     7.42490     7.32697     7.20967     7.07842     6.76348     6.34928
  7.83947     7.50187     7.42471     7.32658     7.20932     7.07814     6.76276     6.34932
  7.83888     7.50123     7.42417     7.32549     7.20894     7.07762     6.76305     6.34869
  7.83821     7.50057     7.42369     7.32469     7.20835     7.07713     6.76181     6.34827
  7.83705     7.49949     7.42291     7.32385     7.20772     7.07634     6.76128     6.34753
  7.83578     7.49841     7.42198     7.32271     7.20692     7.07559     6.76038     6.34669
  7.83422     7.49713     7.42093     7.32198     7.20621     7.07479     6.75948     6.34583
  7.83220     7.49552     7.41943     7.32036     7.20509     7.07354     6.75852     6.34455
  7.83029     7.49396     7.41796     7.31927     7.20422     7.07233     6.75769     6.34366
  7.82818     7.49196     7.41605     7.31724     7.20267     7.07069     6.75610     6.34212
  7.82581     7.48947     7.41374     7.31532     7.20098     7.06882     6.75446     6.34105
  7.82373     7.48726     7.41158     7.31311     7.19924     7.06693     6.75249     6.33939
  7.82168     7.48489     7.40928     7.31118     7.19748     7.06517     6.75076     6.33816
  7.81983     7.48282     7.40740     7.30938     7.19590     7.06343     6.74913     6.33656
  7.81839     7.48146     7.40607     7.30811     7.19489     7.06235     6.74810     6.33555
  7.81694     7.48012     7.40463     7.30687     7.19368     7.06107     6.74741     6.33423
  7.81575     7.47930     7.40392     7.30604     7.19280     7.06056     6.74669     6.33349
  7.81493     7.47862     7.40331     7.30532     7.19231     7.06012     6.74658     6.33285
  7.81409     7.47797     7.40272     7.30468     7.19157     7.05976     6.74577     6.33251
  7.81337     7.47710     7.40219     7.30392     7.19088     7.05918     6.74518     6.33189
  7.81294     7.47660     7.40188     7.30345     7.18986     7.05873     6.74417     6.33082
  7.81225     7.47594     7.40123     7.30280     7.18923     7.05811     6.74358     6.33027
  7.81183     7.47537     7.40065     7.30226     7.18868     7.05739     6.74289     6.32988
  7.81046     7.47494     7.40023     7.30148     7.18747     7.05681     6.74148     6.32843
  7.80981     7.47423     7.39957     7.30090     7.18686     7.05615     6.74039     6.32769
  7.80855     7.47383     7.39911     7.30011     7.18630     7.05578     6.73936     6.32709
  7.80816     7.47344     7.39862     7.29968     7.18576     7.05552     6.73851     6.32628
  7.80761     7.47277     7.39801     7.29882     7.18486     7.05515     6.73789     6.32548
  7.80761     7.47268     7.39767     7.29871     7.18454     7.05498     6.73772     6.32514
  7.80735     7.47219     7.39742     7.29823     7.18389     7.05480     6.73766     6.32459
  7.80773     7.47214     7.39739     7.29861     7.18394     7.05483     6.73789     6.32461
  7.80732     7.47151     7.39689     7.29777     7.18293     7.05415     6.73748     6.32411
  7.80786     7.47172     7.39714     7.29798     7.18302     7.05438     6.73787     6.32398
  7.80775     7.47106     7.39647     7.29679     7.18183     7.05339     6.73691     6.32304
  7.80758     7.47097     7.39625     7.29598     7.18155     7.05311     6.73647     6.32263
  7.80768     7.47054     7.39590     7.29514     7.18090     7.05244     6.73643     6.32177
  7.80736     7.47036     7.39562     7.29439     7.18061     7.05201     6.73533     6.32149
  7.80701     7.47007     7.39540     7.29367     7.17994     7.05116     6.73538     6.32109
  7.80689     7.47031     7.39562     7.29363     7.17981     7.05118     6.73524     6.32138
  7.80671     7.47119     7.39583     7.29319     7.17922     7.05049     6.73506     6.32141
  7.80693     7.47174     7.39640     7.29355     7.17955     7.05100     6.73573     6.32207
  7.80637     7.47222     7.39625     7.29282     7.17888     7.05047     6.73586     6.32183
  7.80649     7.47280     7.39666     7.29322     7.17918     7.05085     6.73629     6.32222
  7.80536     7.47231     7.39611     7.29225     7.17860     7.05005     6.73588     6.32159
  7.80516     7.47268     7.39639     7.29321     7.17884     7.05023     6.73587     6.32157
  7.80451     7.47257     7.39606     7.29270     7.17879     7.04977     6.73888     6.32125
