  7.94015     7.73450     7.68590     7.59999     7.49337     7.38122     7.15566     6.68261
  7.94015     7.73487     7.68590     7.60000     7.49330     7.38093     7.15577     6.68229
  7.94015     7.73515     7.68601     7.59987     7.49378     7.38074     7.15579     6.68229
  7.94015     7.73557     7.68601     7.59994     7.49375     7.38064     7.15578     6.68214
  7.94015     7.73547     7.68597     7.59968     7.49418     7.38020     7.15544     6.68211
  7.94015     7.73565     7.68576     7.59966     7.49416     7.37989     7.15513     6.68157
  7.94015     7.73531     7.68529     7.59906     7.49385     7.37918     7.15439     6.68129
  7.94015     7.73500     7.68463     7.59858     7.49335     7.37840     7.15361     6.68063
  7.94015     7.73444     7.68398     7.59774     7.49262     7.37762     7.15270     6.68010
  7.94015     7.73377     7.68310     7.59691     7.49198     7.37678     7.15150     6.67930
  7.94015     7.73300     7.68239     7.59624     7.49125     7.37593     7.15063     6.67902
  7.94015     7.73266     7.68202     7.59595     7.49096     7.37540     7.14992     6.67853
  7.94015     7.73266     7.68202     7.59595     7.49096     7.37540     7.14992     6.67853
  7.94015     7.73239     7.68173     7.59589     7.49049     7.37496     7.14970     6.67840
  7.94015     7.73259     7.68184     7.59601     7.49026     7.37506     7.14918     6.67851
  7.94015     7.73276     7.68184     7.59607     7.48987     7.37516     7.14944     6.67845
  7.94015     7.73290     7.68173     7.59612     7.48969     7.37536     7.14920     6.67863
  7.94015     7.73298     7.68171     7.59601     7.48923     7.37547     7.14985     6.67887
  7.94015     7.73271     7.68142     7.59591     7.48899     7.37538     7.14984     6.67904
  7.94015     7.73224     7.68077     7.59532     7.48812     7.37473     7.14995     6.67909
  7.94015     7.73218     7.68088     7.59540     7.48841     7.37496     7.15006     6.67977
  7.94015     7.73204     7.68047     7.59516     7.48794     7.37458     7.14980     6.68015
  7.94015     7.73237     7.68085     7.59553     7.48818     7.37501     7.15020     6.68106
  7.94015     7.73292     7.68125     7.59601     7.48844     7.37558     7.15096     6.68195
  7.94015     7.73291     7.68150     7.59628     7.48840     7.37579     7.15109     6.68295
  7.94015     7.73297     7.68148     7.59662     7.48839     7.37613     7.15173     6.68368
  7.94015     7.73238     7.68119     7.59659     7.48843     7.37609     7.15215     6.68400
  7.94015     7.73192     7.68079     7.59664     7.48817     7.37606     7.15240     6.68434
  7.94015     7.73125     7.68035     7.59639     7.48804     7.37569     7.15261     6.68447
  7.94015     7.73048     7.67943     7.59566     7.48752     7.37529     7.15202     6.68384
  7.94015     7.72980     7.67906     7.59526     7.48726     7.37491     7.15163     6.68409
  7.94015     7.72902     7.67823     7.59461     7.48698     7.37464     7.15118     6.68341
  7.94015     7.72864     7.67818     7.59452     7.48711     7.37465     7.15139     6.68335
  7.94015     7.72836     7.67787     7.59450     7.48716     7.37483     7.15176     6.68301
  7.94015     7.72829     7.67796     7.59463     7.48719     7.37494     7.15227     6.68288
  7.94015     7.72851     7.67790     7.59482     7.48735     7.37517     7.15218     6.68252
  7.94015     7.72859     7.67781     7.59486     7.48718     7.37518     7.15236     6.68248
  7.94015     7.72903     7.67794     7.59512     7.48729     7.37542     7.15245     6.68211
  7.94015     7.72955     7.67822     7.59545     7.48747     7.37564     7.15323     6.68219
  7.94015     7.73009     7.67847     7.59556     7.48767     7.37593     7.15366     6.68217
  7.94015     7.73073     7.67895     7.59588     7.48760     7.37617     7.15448     6.68248
  7.94015     7.73073     7.67895     7.59588     7.48760     7.37617     7.15448     6.68248
  7.94015     7.73180     7.67942     7.59602     7.48797     7.37648     7.15466     6.68279
  7.94015     7.73252     7.67998     7.59618     7.48796     7.37657     7.15498     6.68319
  7.94015     7.73356     7.68060     7.59630     7.48844     7.37671     7.15544     6.68333
  7.94015     7.73413     7.68095     7.59642     7.48848     7.37670     7.15567     6.68327
  7.94015     7.73444     7.68140     7.59642     7.48893     7.37676     7.15614     6.68285
  7.94015     7.73461     7.68146     7.59648     7.48920     7.37668     7.15636     6.68269
  7.94015     7.73457     7.68155     7.59645     7.48936     7.37660     7.15647     6.68243
  7.94015     7.73495     7.68177     7.59676     7.48996     7.37694     7.15695     6.68241
  7.94015     7.73475     7.68187     7.59677     7.49022     7.37704     7.15689     6.68264
  7.94015     7.73506     7.68221     7.59723     7.49085     7.37760     7.15739     6.68287
  7.94015     7.73472     7.68238     7.59738     7.49122     7.37770     7.15779     6.68303
  7.94015     7.73469     7.68239     7.59773     7.49158     7.37788     7.15776     6.68299
  7.94015     7.73417     7.68233     7.59771     7.49186     7.37770     7.15788     6.68300
  7.94015     7.73403     7.68205     7.59782     7.49206     7.37776     7.15767     6.68264
  7.94015     7.73379     7.68197     7.59772     7.49210     7.37780     7.15770     6.68174
  7.94015     7.73411     7.68214     7.59824     7.49168     7.37840     7.15809     6.68170
  7.94015     7.73455     7.68263     7.59881     7.49197     7.37877     7.15930     6.68105
  7.94015     7.73534     7.68327     7.59974     7.49174     7.37949     7.16019     6.68174
  7.94015     7.73600     7.68410     7.60057     7.49222     7.38002     7.16107     6.68217
  7.94015     7.73658     7.68465     7.60127     7.49264     7.38054     7.16151     6.68280
  7.94015     7.73697     7.68450     7.60180     7.49281     7.38094     7.16173     6.68326
  7.94015     7.73757     7.68500     7.60238     7.49302     7.38136     7.16176     6.68366
  7.94015     7.73779     7.68458     7.60260     7.49300     7.38155     7.16175     6.68380
  7.94015     7.73813     7.68503     7.60287     7.49306     7.38166     7.16190     6.68419
  7.94015     7.73811     7.68590     7.60283     7.49294     7.38156     7.16190     6.68230
  7.94015     7.73820     7.68625     7.60296     7.49511     7.38162     7.16190     6.68246
  7.94015     7.73810     7.68691     7.60308     7.49490     7.38159     7.16211     6.68050
  7.94015     7.73848     7.68739     7.60371     7.49741     7.38206     7.16249     6.68100
  7.94015     7.73848     7.68739     7.60371     7.49741     7.38206     7.16249     6.68100
  7.94015     7.73818     7.68726     7.60376     7.49707     7.38212     7.16235     6.68065
  7.94015     7.73833     7.68755     7.60426     7.49736     7.38235     7.16270     6.68091
  7.94015     7.73801     7.68739     7.60439     7.49723     7.38239     7.16261     6.68036
  7.94015     7.73763     7.68742     7.60453     7.49742     7.38215     7.16248     6.68009
  7.94015     7.73753     7.68721     7.60468     7.49748     7.38245     7.16236     6.67959
  7.94015     7.73733     7.68737     7.60490     7.49764     7.38252     7.16235     6.67961
  7.94015     7.73730     7.68755     7.60510     7.49782     7.38293     7.16210     6.67946
  7.94015     7.73742     7.68762     7.60531     7.49778     7.38299     7.16213     6.67971
  7.94015     7.73783     7.68801     7.60565     7.49808     7.38333     7.16288     6.67992
  7.94015     7.73846     7.68849     7.60622     7.49825     7.38364     7.16347     6.68044
  7.94015     7.73906     7.68868     7.60641     7.49833     7.38397     7.16430     6.68070
  7.94015     7.73966     7.68924     7.60678     7.49856     7.38437     7.16475     6.68115
  7.94015     7.74018     7.68953     7.60695     7.49869     7.38456     7.16469     6.68149
  7.94015     7.74022     7.68974     7.60703     7.49865     7.38466     7.16481     6.68160
  7.94015     7.74070     7.69000     7.60703     7.49889     7.38526     7.16490     6.68166
  7.94015     7.74096     7.69036     7.60711     7.49878     7.38532     7.16502     6.68193
  7.94015     7.74145     7.69055     7.60731     7.49890     7.38598     7.16540     6.68217
  7.94015     7.74162     7.69042     7.60718     7.49857     7.38574     7.16539     6.68215
  7.94015     7.74189     7.69018     7.60733     7.49856     7.38555     7.16548     6.68248
  7.94015     7.74173     7.68980     7.60717     7.49819     7.38539     7.16536     6.68226
  7.94015     7.74152     7.68911     7.60695     7.49788     7.38490     7.16518     6.68200
  7.94015     7.74091     7.68851     7.60654     7.49733     7.38463     7.16454     6.68161
  7.94015     7.74016     7.68780     7.60608     7.49677     7.38398     7.16372     6.68127
  7.94015     7.73883     7.68682     7.60556     7.49603     7.38326     7.16285     6.68049
  7.94015     7.73796     7.68602     7.60528     7.49534     7.38207     7.16176     6.68037
  7.94015     7.73675     7.68524     7.60494     7.49465     7.38146     7.16089     6.67986
  7.94015     7.73632     7.68489     7.60493     7.49429     7.38064     7.16053     6.68009
  7.94015     7.73587     7.68436     7.60473     7.49371     7.38032     7.15996     6.68023
  7.94015     7.73587     7.68436     7.60473     7.49371     7.38032     7.15996     6.68023
  7.94015     7.73568     7.68421     7.60457     7.49348     7.37997     7.16019     6.68037
  7.94015     7.73554     7.68390     7.60451     7.49314     7.37976     7.15985     6.68045
  7.94015     7.73542     7.68370     7.60431     7.49284     7.37933     7.16009     6.68044
  7.94015     7.73522     7.68335     7.60413     7.49250     7.37917     7.15957     6.68032
  7.94015     7.73501     7.68308     7.60380     7.49192     7.37874     7.15942     6.68036
  7.94015     7.73486     7.68255     7.60339     7.49143     7.37834     7.15900     6.68003
  7.94015     7.73471     7.68217     7.60316     7.49072     7.37906     7.15867     6.68014
  7.94015     7.73460     7.68174     7.60271     7.49031     7.37845     7.15808     6.67997
  7.94015     7.73443     7.68145     7.60265     7.48975     7.37911     7.15805     6.68050
  7.94015     7.73403     7.68094     7.60215     7.48939     7.37847     7.15714     6.68034
  7.94015     7.73356     7.68037     7.60183     7.48866     7.37771     7.15684     6.68035
  7.94015     7.73300     7.67973     7.60128     7.48815     7.37705     7.15609     6.68002
  7.94015     7.73159     7.67826     7.60004     7.48665     7.37567     7.15447     6.67860
  7.94015     7.73107     7.67758     7.59948     7.48623     7.37504     7.15341     6.67859
  7.94015     7.72942     7.67608     7.59813     7.48482     7.37374     7.15228     6.67733
  7.94015     7.72846     7.67533     7.59757     7.48427     7.37303     7.15154     6.67704
  7.94015     7.72765     7.67478     7.59699     7.48378     7.37238     7.15132     6.67659
  7.94015     7.72701     7.67426     7.59639     7.48324     7.37177     7.15115     6.67619
  7.94015     7.72661     7.67395     7.59605     7.48283     7.37121     7.15054     6.67608
  7.94015     7.72672     7.67366     7.59552     7.48239     7.37066     7.15018     6.67624
  7.94015     7.72670     7.67363     7.59525     7.48211     7.37037     7.15004     6.67618
  7.94015     7.72705     7.67376     7.59507     7.48197     7.37011     7.15057     6.67664
  7.94015     7.72627     7.67298     7.59390     7.48076     7.36922     7.14966     6.67586
  7.94015     7.72672     7.67332     7.59383     7.48087     7.36926     7.15044     6.67611
  7.94015     7.72648     7.67263     7.59289     7.47988     7.36856     7.14986     6.67576
  7.94015     7.72815     7.67305     7.59300     7.47988     7.36934     7.14945     6.67646
  7.94015     7.72917     7.67363     7.59331     7.48003     7.36985     7.14998     6.67733
  7.94015     7.73092     7.67441     7.59356     7.48012     7.37072     7.15012     6.67801
  7.94015     7.73170     7.67513     7.59434     7.48035     7.37117     7.15055     6.67883
  7.94015     7.73170     7.67513     7.59434     7.48035     7.37117     7.15055     6.67883
  7.94015     7.73219     7.67583     7.59459     7.48057     7.37147     7.15130     6.67927
  7.94015     7.73297     7.67660     7.59552     7.48118     7.37195     7.15231     6.68004
  7.94015     7.73323     7.67715     7.59574     7.48154     7.37251     7.15285     6.68055
  7.94015     7.73372     7.67775     7.59621     7.48223     7.37329     7.15359     6.68115
  7.94015     7.73362     7.67818     7.59654     7.48263     7.37395     7.15421     6.68130
  7.94015     7.73382     7.67845     7.59703     7.48339     7.37462     7.15457     6.68163
  7.94015     7.73257     7.67871     7.59768     7.48398     7.37543     7.15493     6.68166
  7.94015     7.73270     7.67867     7.59822     7.48480     7.37573     7.15506     6.68176
  7.94015     7.73144     7.67884     7.59860     7.48525     7.37660     7.15526     6.68186
  7.94015     7.73133     7.67866     7.59920     7.48574     7.37657     7.15514     6.68171
  7.94015     7.73112     7.67875     7.59935     7.48601     7.37715     7.15490     6.68159
  7.94015     7.73091     7.67854     7.59975     7.48632     7.37691     7.15511     6.68134
  7.94015     7.73079     7.67865     7.60004     7.48673     7.37740     7.15478     6.68144
  7.94015     7.73080     7.67868     7.60005     7.48715     7.37744     7.15501     6.68114
  7.94015     7.73097     7.67893     7.60040     7.48776     7.37772     7.15492     6.68120
  7.94015     7.73140     7.67926     7.60060     7.48834     7.37812     7.15476     6.68114
  7.94015     7.73176     7.67982     7.60113     7.48903     7.37862     7.15484     6.68134
  7.94015     7.73249     7.68040     7.60155     7.48972     7.37894     7.15519     6.68130
  7.94015     7.73282     7.68109     7.60197     7.49045     7.37956     7.15514     6.68166
  7.94015     7.73326     7.68154     7.60244     7.49080     7.37964     7.15561     6.68153
  7.94015     7.73359     7.68196     7.60265     7.49132     7.37982     7.15563     6.68141
  7.94015     7.73360     7.68202     7.60276     7.49124     7.37957     7.15521     6.68095
  7.94015     7.73357     7.68211     7.60272     7.49135     7.37952     7.15504     6.68044
  7.94015     7.73322     7.68212     7.60265     7.49113     7.37939     7.15472     6.67990
  7.94015     7.73290     7.68209     7.60250     7.49129     7.37925     7.15402     6.67912
  7.94015     7.73237     7.68171     7.60240     7.49108     7.37905     7.15359     6.67839
  7.94015     7.73214     7.68146     7.60251     7.49118     7.37887     7.15321     6.67760
  7.94015     7.73168     7.68102     7.60237     7.49166     7.37846     7.15251     6.67678
  7.94015     7.73168     7.68102     7.60237     7.49166     7.37846     7.15251     6.67678
  7.94015     7.73145     7.68055     7.60225     7.49168     7.37807     7.15210     6.67599
  7.94015     7.73087     7.68039     7.60228     7.49238     7.37733     7.15151     6.67531
  7.94015     7.73055     7.68016     7.60226     7.49268     7.37687     7.15066     6.67481
  7.94015     7.73005     7.68000     7.60237     7.49279     7.37613     7.14973     6.67405
  7.94015     7.72994     7.68002     7.60248     7.49296     7.37575     7.14904     6.67345
  7.94015     7.72967     7.67994     7.60234     7.49299     7.37545     7.14822     6.67281
  7.94015     7.72975     7.67989     7.60225     7.49291     7.37503     7.14791     6.67228
  7.94015     7.72983     7.67985     7.60198     7.49289     7.37487     7.14722     6.67191
  7.94015     7.73013     7.67968     7.60184     7.49287     7.37443     7.14672     6.67155
  7.94015     7.73046     7.67972     7.60178     7.49395     7.37439     7.14653     6.67167
  7.94015     7.73085     7.67958     7.60124     7.49385     7.37412     7.14601     6.67153
  7.94015     7.73107     7.67967     7.60114     7.49493     7.37402     7.14616     6.67174
  7.94015     7.73127     7.67956     7.60046     7.49475     7.37362     7.14609     6.67159
  7.94015     7.73104     7.67924     7.60010     7.49446     7.37336     7.14558     6.67141
  7.94015     7.73106     7.67925     7.60023     7.49413     7.37297     7.14568     6.67145
  7.94015     7.73064     7.67899     7.59986     7.49401     7.37277     7.14493     6.67137
  7.94015     7.73064     7.67887     7.60015     7.49367     7.37254     7.14445     6.67162
  7.94015     7.73017     7.67866     7.59989     7.49354     7.37227     7.14425     6.67157
  7.94015     7.73003     7.67830     7.59968     7.49316     7.37183     7.14384     6.67163
  7.94015     7.72930     7.67749     7.59910     7.49261     7.37112     7.14338     6.67124
  7.94015     7.72869     7.67691     7.59858     7.49205     7.37059     7.14316     6.67113
  7.94015     7.72773     7.67590     7.59773     7.49141     7.36977     7.14229     6.67062
  7.94015     7.72672     7.67494     7.59679     7.49068     7.36917     7.14150     6.67035
  7.94015     7.72575     7.67399     7.59577     7.49007     7.36838     7.14077     6.66975
  7.94015     7.72483     7.67322     7.59530     7.48945     7.36789     7.14020     6.66968
  7.94015     7.72395     7.67260     7.59468     7.48903     7.36725     7.13976     6.66975
  7.94015     7.72377     7.67240     7.59473     7.48866     7.36711     7.13939     6.66987
  7.94015     7.72343     7.67219     7.59462     7.48847     7.36688     7.13920     6.67028
  7.94015     7.72343     7.67219     7.59462     7.48847     7.36688     7.13920     6.67028
  7.94015     7.72328     7.67188     7.59441     7.48802     7.36670     7.13862     6.67026
  7.94015     7.72326     7.67144     7.59403     7.48758     7.36632     7.13842     6.67005
  7.94015     7.72264     7.67086     7.59344     7.48702     7.36590     7.13760     6.66986
  7.94015     7.72233     7.67018     7.59299     7.48638     7.36510     7.13753     6.66941
  7.94015     7.72183     7.66972     7.59273     7.48599     7.36482     7.13659     6.66940
  7.94015     7.72184     7.66932     7.59259     7.48557     7.36423     7.13631     6.66915
  7.94015     7.72156     7.66890     7.59281     7.48543     7.36437     7.13557     6.66927
  7.94015     7.72098     7.66862     7.59269     7.48504     7.36405     7.13474     6.66912
  7.94015     7.72053     7.66815     7.59266     7.48483     7.36333     7.13392     6.66910
  7.94015     7.71945     7.66754     7.59244     7.48414     7.36278     7.13322     6.66888
  7.94015     7.71854     7.66679     7.59213     7.48390     7.36158     7.13259     6.66870
  7.94015     7.71769     7.66586     7.59179     7.48309     7.36086     7.13209     6.66803
  7.94015     7.71669     7.66495     7.59123     7.48263     7.36017     7.13196     6.66789
  7.94015     7.71607     7.66429     7.59060     7.48185     7.35965     7.13092     6.66738
  7.94015     7.71543     7.66368     7.58989     7.48127     7.35889     7.13016     6.66712
  7.94015     7.71517     7.66340     7.58939     7.48073     7.35849     7.12918     6.66699
  7.94015     7.71487     7.66311     7.58892     7.48041     7.35784     7.12850     6.66707
  7.94015     7.71472     7.66298     7.58846     7.48024     7.35750     7.12775     6.66706
  7.94015     7.71459     7.66289     7.58813     7.48001     7.35701     7.12772     6.66726
  7.94015     7.71462     7.66283     7.58772     7.47959     7.35675     7.12727     6.66767
  7.94015     7.71507     7.66293     7.58702     7.47831     7.35649     7.12710     6.66789
  7.94015     7.71542     7.66290     7.58689     7.47785     7.35635     7.12732     6.66834
  7.94015     7.71613     7.66316     7.58642     7.47664     7.35635     7.12759     6.66876
  7.94015     7.71672     7.66363     7.58662     7.47669     7.35661     7.12820     6.66927
  7.94015     7.71748     7.66418     7.58686     7.47682     7.35679     7.12858     6.66977
  7.94015     7.71818     7.66493     7.58729     7.47723     7.35725     7.12888     6.67082
  7.94015     7.71915     7.66560     7.58757     7.47764     7.35762     7.12889     6.67155
  7.94015     7.71968     7.66596     7.58759     7.47782     7.35792     7.12896     6.67233
  7.94015     7.71968     7.66596     7.58759     7.47782     7.35792     7.12896     6.67233
  7.94015     7.72224     7.66567     7.58961     7.47615     7.35513     7.12985     6.66338
  7.94015     7.72233     7.66574     7.58940     7.47610     7.35506     7.12969     6.66352
  7.94015     7.72673     7.66776     7.59144     7.48071     7.35728     7.12250     6.65473
  7.94015     7.72658     7.66789     7.59124     7.48064     7.35707     7.12195     6.65513
  7.94015     7.72901     7.67054     7.59111     7.48721     7.36240     7.11419     6.65609
  7.94015     7.72855     7.67053     7.59060     7.48696     7.36214     7.11373     6.65635
  7.94015     7.72856     7.67070     7.59030     7.48697     7.36213     7.11382     6.65708
  7.94015     7.72810     7.67066     7.58981     7.48684     7.36186     7.11362     6.65756
  7.94015     7.72817     7.67087     7.58984     7.48696     7.36202     7.11383     6.65800
  7.94015     7.72801     7.67080     7.58963     7.48712     7.36198     7.11393     6.65879
  7.94015     7.72826     7.67109     7.58976     7.48720     7.36227     7.11436     6.65927
  7.94015     7.72816     7.67085     7.58964     7.48735     7.36227     7.11433     6.65969
  7.94015     7.72827     7.67113     7.58982     7.48749     7.36270     7.11465     6.66025
  7.94015     7.72843     7.67093     7.58992     7.48766     7.36280     7.11456     6.66056
  7.94015     7.72839     7.67108     7.59017     7.48788     7.36315     7.11518     6.66073
  7.94015     7.72816     7.67053     7.59014     7.48785     7.36300     7.11509     6.66066
  7.94015     7.72783     7.67027     7.59037     7.48785     7.36305     7.11526     6.66060
  7.94015     7.72732     7.66972     7.59033     7.48780     7.36295     7.11509     6.66051
  7.94015     7.72720     7.66958     7.59073     7.48779     7.36333     7.11490     6.66065
  7.94015     7.72725     7.66980     7.59098     7.48825     7.36351     7.11503     6.66111
  7.94015     7.72708     7.66982     7.59152     7.48759     7.36383     7.11523     6.66116
  7.94015     7.72680     7.66991     7.59163     7.48765     7.36369     7.11544     6.66110
  7.94015     7.72634     7.66966     7.59090     7.48669     7.36377     7.11552     6.66084
  7.94015     7.72569     7.66922     7.59076     7.48641     7.36362     7.11538     6.66071
  7.94015     7.72509     7.66905     7.58956     7.48598     7.36347     7.11443     6.66033
  7.94015     7.72442     7.66864     7.58919     7.48566     7.36331     7.11420     6.66031
  7.94015     7.72363     7.66850     7.58874     7.48559     7.36287     7.11284     6.66013
  7.94015     7.72274     7.66781     7.58823     7.48520     7.36258     7.11287     6.65953
  7.94015     7.72274     7.66781     7.58823     7.48520     7.36258     7.11287     6.65953
  7.94015     7.72205     7.66754     7.58784     7.48514     7.36215     7.11239     6.65938
  7.94015     7.72165     7.66716     7.58781     7.48519     7.36180     7.11269     6.65915
  7.94015     7.72143     7.66719     7.58832     7.48514     7.36164     7.11274     6.65917
  7.94015     7.72168     7.66726     7.58874     7.48545     7.36180     7.11399     6.65926
  7.94015     7.72198     7.66743     7.58938     7.48566     7.36195     7.11358     6.65958
  7.94015     7.72240     7.66761     7.58984     7.48597     7.36252     7.11462     6.65980
  7.94015     7.72259     7.66748     7.58970     7.48623     7.36264     7.11457     6.65986
  7.94015     7.72281     7.66766     7.58997     7.48640     7.36291     7.11449     6.65996
  7.94015     7.72289     7.66761     7.58981     7.48637     7.36286     7.11466     6.65958
  7.94015     7.72279     7.66769     7.58978     7.48639     7.36293     7.11420     6.65936
  7.94015     7.72276     7.66757     7.58969     7.48639     7.36276     7.11420     6.65901
  7.94015     7.72274     7.66778     7.58994     7.48638     7.36287     7.11411     6.65876
  7.94015     7.72264     7.66762     7.58975     7.48651     7.36262     7.11396     6.65857
  7.94015     7.72271     7.66765     7.59001     7.48634     7.36266     7.11405     6.65798
  7.94015     7.72265     7.66752     7.58990     7.48617     7.36242     7.11409     6.65749
  7.94015     7.72275     7.66728     7.58981     7.48588     7.36238     7.11346     6.65684
  7.94015     7.72267     7.66723     7.58965     7.48576     7.36212     7.11346     6.65615
  7.94015     7.72276     7.66713     7.58957     7.48535     7.36191     7.11290     6.65582
  7.94015     7.72241     7.66682     7.58896     7.48509     7.36132     7.11186     6.65514
  7.94015     7.72202     7.66655     7.58857     7.48445     7.36046     7.11097     6.65439
  7.94015     7.72139     7.66584     7.58784     7.48378     7.35953     7.10953     6.65371
  7.94015     7.72073     7.66528     7.58728     7.48321     7.35847     7.10798     6.65279
  7.94015     7.72046     7.66485     7.58695     7.48283     7.35791     7.10714     6.65228
  7.94015     7.72044     7.66490     7.58701     7.48261     7.35751     7.10636     6.65185
  7.94015     7.72061     7.66488     7.58588     7.48237     7.35748     7.10567     6.65110
  7.94015     7.72079     7.66508     7.58606     7.48224     7.35725     7.10516     6.65082
  7.94015     7.72100     7.66510     7.58498     7.48195     7.35709     7.10455     6.64986
  7.94015     7.72074     7.66486     7.58470     7.48137     7.35646     7.10384     6.64947
  7.94015     7.72074     7.66486     7.58470     7.48137     7.35646     7.10384     6.64947
  7.94015     7.72051     7.66447     7.58452     7.48093     7.35597     7.10331     6.64876
  7.94015     7.71978     7.66400     7.58396     7.48024     7.35528     7.10272     6.64813
  7.94015     7.71933     7.66347     7.58349     7.47931     7.35472     7.10161     6.64731
  7.94015     7.71843     7.66281     7.58284     7.47847     7.35407     7.10082     6.64623
  7.94015     7.71795     7.66224     7.58252     7.47767     7.35357     7.10003     6.64525
  7.94015     7.71733     7.66174     7.58207     7.47690     7.35289     7.09920     6.64433
  7.94015     7.71690     7.66131     7.58137     7.47633     7.35253     7.09855     6.64372
  7.94015     7.71625     7.66077     7.58099     7.47569     7.35180     7.09771     6.64306
  7.94015     7.71583     7.66045     7.58016     7.47510     7.35137     7.09687     6.64260
  7.94015     7.71527     7.65981     7.57969     7.47442     7.35093     7.09650     6.64187
  7.94015     7.71467     7.65931     7.57940     7.47393     7.35029     7.09569     6.64104
  7.94015     7.71323     7.65851     7.57874     7.47326     7.34983     7.09546     6.63990
  7.94015     7.71256     7.65798     7.57834     7.47292     7.34916     7.09482     6.63923
  7.94015     7.71082     7.65709     7.57758     7.47226     7.34864     7.09408     6.63787
  7.94015     7.70995     7.65668     7.57708     7.47175     7.34787     7.09376     6.63694
  7.94015     7.70902     7.65573     7.57635     7.47109     7.34736     7.08913     6.63583
  7.94015     7.70828     7.65512     7.57627     7.47026     7.34658     7.08874     6.63452
  7.94015     7.70728     7.65384     7.57540     7.46919     7.34558     7.08412     6.63288
  7.94015     7.70662     7.65295     7.57523     7.46854     7.34477     7.08379     6.63130
  7.94015     7.70567     7.65176     7.57458     7.46748     7.34368     7.08293     6.62974
  7.94015     7.70484     7.65092     7.57393     7.46692     7.34262     7.08261     6.62777
  7.94015     7.70395     7.64977     7.57330     7.46595     7.34146     7.08130     6.62608
  7.94015     7.70331     7.64889     7.57252     7.46517     7.34025     7.08028     6.62410
  7.94015     7.70260     7.64766     7.57182     7.46420     7.33915     7.07853     6.62187
  7.94015     7.70195     7.64664     7.57092     7.46334     7.33783     7.07735     6.61963
  7.94015     7.70122     7.64541     7.57017     7.46224     7.33668     7.07504     6.61730
  7.94015     7.70038     7.64419     7.56937     7.46134     7.33514     7.07384     6.61462
  7.94015     7.69899     7.64237     7.56781     7.45953     7.33308     7.07085     6.61177
  7.94015     7.69899     7.64237     7.56781     7.45953     7.33308     7.07085     6.61177
  7.94015     7.69812     7.64125     7.56687     7.45847     7.33144     7.06929     6.60941
  7.94015     7.69657     7.63959     7.56504     7.45744     7.32917     7.06633     6.60710
  7.94015     7.69544     7.63839     7.56345     7.45595     7.32726     7.06446     6.60464
  7.94015     7.69410     7.63721     7.56190     7.45510     7.32509     7.06157     6.60268
  7.94015     7.69266     7.63555     7.55988     7.45309     7.32285     7.05900     6.59967
  7.94015     7.69133     7.63415     7.55823     7.45124     7.32052     7.05627     6.59709
  7.94015     7.68990     7.63253     7.55625     7.44919     7.31815     7.05357     6.59434
  7.94015     7.68861     7.63111     7.55438     7.44712     7.31577     7.05044     6.59176
  7.94015     7.68724     7.62958     7.55242     7.44489     7.31329     7.04737     6.58908
  7.94015     7.68602     7.62812     7.55047     7.44264     7.31082     7.04401     6.58639
  7.94015     7.68457     7.62630     7.54826     7.44010     7.30838     7.04071     6.58343
  7.94015     7.68339     7.62482     7.54626     7.43712     7.30595     7.03794     6.58027
  7.94015     7.68179     7.62278     7.54387     7.43456     7.30349     7.03467     6.57714
  7.94015     7.68039     7.62105     7.54156     7.43134     7.30080     7.03173     6.57367
  7.94015     7.67891     7.61904     7.53917     7.42868     7.29818     7.02834     6.57032
  7.94015     7.67738     7.61718     7.53675     7.42590     7.29528     7.02513     6.56713
  7.94015     7.67583     7.61511     7.53438     7.42312     7.29241     7.02140     6.56364
  7.94015     7.67424     7.61299     7.53176     7.42017     7.28946     7.01830     6.56046
  7.94015     7.67232     7.61068     7.52915     7.41710     7.28622     7.01442     6.55697
  7.94015     7.67048     7.60844     7.52637     7.41394     7.28306     7.01123     6.55377
  7.94015     7.66832     7.60612     7.52350     7.41075     7.27966     7.00698     6.55023
  7.94015     7.66604     7.60393     7.52113     7.40759     7.27628     7.00368     6.54560
  7.94015     7.66355     7.60162     7.51827     7.40455     7.27291     6.99945     6.54222
  7.94015     7.66093     7.59912     7.51551     7.40149     7.26939     6.99588     6.53703
  7.94015     7.65845     7.59654     7.51347     7.39852     7.26597     6.99258     6.53374
  7.94015     7.65593     7.59393     7.51031     7.39541     7.26240     6.98932     6.53032
  7.94015     7.65348     7.59139     7.50821     7.39236     7.25881     6.98567     6.52698
  7.94015     7.65119     7.58841     7.50521     7.38966     7.25533     6.98227     6.52387
  7.94015     7.65119     7.58841     7.50521     7.38966     7.25533     6.98227     6.52387
  7.94015     7.64878     7.58593     7.50239     7.38665     7.25165     6.97817     6.52048
  7.94015     7.64653     7.58294     7.49937     7.38415     7.24815     6.97394     6.51710
  7.94015     7.64430     7.58032     7.49670     7.38121     7.24451     6.97006     6.51343
  7.94015     7.64210     7.57764     7.49277     7.37835     7.24116     6.96623     6.50978
  7.94015     7.64000     7.57506     7.49019     7.37540     7.23756     6.96243     6.50604
  7.94015     7.63808     7.57253     7.48648     7.37254     7.23436     6.95890     6.50225
  7.94015     7.63631     7.57039     7.48400     7.36991     7.23116     6.95530     6.49905
  7.94015     7.63468     7.56815     7.48160     7.36730     7.22803     6.95178     6.49582
  7.94015     7.63274     7.56628     7.47923     7.36474     7.22496     6.94851     6.49294
  7.94015     7.63116     7.56383     7.47684     7.36221     7.22204     6.94477     6.49015
  7.94015     7.62932     7.56191     7.47450     7.35951     7.21894     6.94143     6.48716
  7.94015     7.62779     7.55931     7.47127     7.35671     7.21603     6.93726     6.48400
  7.94015     7.62642     7.55726     7.46879     7.35402     7.21317     6.93396     6.48108
  7.94015     7.62516     7.55543     7.46609     7.35133     7.21070     6.93014     6.47839
  7.94015     7.62411     7.55391     7.46394     7.34903     7.20816     6.92706     6.47605
  7.94015     7.62314     7.55269     7.46242     7.34687     7.20602     6.92325     6.47378
  7.94015     7.62233     7.55170     7.46068     7.34497     7.20380     6.92060     6.47198
  7.94015     7.62140     7.55058     7.45902     7.34293     7.20141     6.91686     6.46971
  7.94015     7.62038     7.54941     7.45701     7.34081     7.19922     6.91415     6.46787
  7.94015     7.61934     7.54813     7.45516     7.33859     7.19673     6.91026     6.46594
  7.94015     7.61800     7.54676     7.45285     7.33635     7.19435     6.90718     6.46398
  7.94015     7.61670     7.54523     7.45079     7.33408     7.19192     6.90348     6.46179
  7.94015     7.61541     7.54338     7.44860     7.33196     7.18972     6.90039     6.45984
  7.94015     7.61424     7.54208     7.44711     7.33003     7.18797     6.89796     6.45784
  7.94015     7.61336     7.54066     7.44545     7.32828     7.18647     6.89598     6.45607
  7.94015     7.61273     7.53972     7.44447     7.32674     7.18544     6.89421     6.45455
  7.94015     7.61229     7.53908     7.44342     7.32537     7.18446     6.89230     6.45316
  7.94015     7.61182     7.53834     7.44244     7.32393     7.18334     6.89079     6.45173
  7.94015     7.61182     7.53834     7.44244     7.32393     7.18334     6.89079     6.45173
  7.94015     7.61122     7.53762     7.44149     7.32258     7.18230     6.88850     6.45052
  7.94015     7.61052     7.53692     7.44054     7.32109     7.18098     6.88701     6.44906
  7.94015     7.60955     7.53572     7.43939     7.31957     7.17955     6.88519     6.44760
  7.94015     7.60877     7.53483     7.43841     7.31815     7.17812     6.88342     6.44642
  7.94015     7.60781     7.53355     7.43720     7.31683     7.17677     6.88143     6.44496
  7.94015     7.60712     7.53286     7.43617     7.31561     7.17563     6.87998     6.44397
  7.94015     7.60643     7.53203     7.43508     7.31453     7.17445     6.87796     6.44285
  7.94015     7.60578     7.53163     7.43424     7.31351     7.17355     6.87695     6.44158
  7.94015     7.60525     7.53104     7.43343     7.31251     7.17259     6.87525     6.44094
  7.94015     7.60452     7.53057     7.43266     7.31166     7.17156     6.87430     6.43990
  7.94015     7.60393     7.53017     7.43217     7.31104     7.17067     6.87312     6.43935
  7.94015     7.60307     7.52972     7.43120     7.31027     7.16961     6.87221     6.43871
  7.94015     7.60214     7.52877     7.43019     7.30912     7.16825     6.87090     6.43751
  7.94015     7.60141     7.52821     7.42917     7.30832     7.16725     6.86985     6.43644
  7.94015     7.60048     7.52714     7.42823     7.30720     7.16616     6.86844     6.43521
  7.94015     7.59982     7.52657     7.42750     7.30652     7.16553     6.86765     6.43430
  7.94015     7.59945     7.52615     7.42737     7.30611     7.16511     6.86671     6.43362
  7.94015     7.59907     7.52585     7.42694     7.30559     7.16465     6.86581     6.43322
  7.94015     7.59931     7.52590     7.42719     7.30543     7.16463     6.86540     6.43319
  7.94015     7.59949     7.52585     7.42712     7.30490     7.16461     6.86479     6.43298
  7.94015     7.60003     7.52601     7.42742     7.30500     7.16445     6.86489     6.43325
  7.94015     7.60038     7.52606     7.42739     7.30486     7.16469     6.86511     6.43313
  7.94015     7.60175     7.52693     7.42866     7.30591     7.16542     6.86666     6.43398
  7.94015     7.60196     7.52668     7.42831     7.30590     7.16532     6.86645     6.43372
  7.94015     7.60337     7.52770     7.42938     7.30715     7.16633     6.86766     6.43459
  7.94015     7.60365     7.52778     7.42931     7.30727     7.16634     6.86734     6.43445
  7.94015     7.60373     7.52689     7.42900     7.30716     7.16613     6.86727     6.43445
  7.94015     7.60374     7.52670     7.42864     7.30717     7.16589     6.86720     6.43418
  7.94015     7.60374     7.52670     7.42864     7.30717     7.16589     6.86720     6.43418
  7.94015     7.60360     7.52571     7.42838     7.30693     7.16562     6.86727     6.43413
  7.94015     7.60348     7.52541     7.42790     7.30692     7.16529     6.86742     6.43402
  7.94015     7.60321     7.52542     7.42749     7.30693     7.16635     6.86743     6.43418
  7.94015     7.60311     7.52539     7.42734     7.30726     7.16634     6.86717     6.43436
  7.94015     7.60282     7.52448     7.42677     7.30718     7.16732     6.86685     6.43434
  7.94015     7.60372     7.52557     7.42799     7.30851     7.16839     6.86715     6.43540
  7.94015     7.60371     7.52462     7.42783     7.30869     7.16851     6.86732     6.43521
  7.94015     7.60500     7.52609     7.42958     7.31033     7.16992     6.86876     6.43662
  7.94015     7.60495     7.52599     7.42990     7.31070     7.17044     6.86927     6.43657
  7.94015     7.60491     7.52590     7.42990     7.31105     7.17072     6.86989     6.43672
  7.94015     7.60473     7.52556     7.43002     7.31122     7.17139     6.86980     6.43670
  7.94015     7.60471     7.52534     7.42983     7.31140     7.17155     6.87013     6.43652
  7.94015     7.60452     7.52509     7.42980     7.31149     7.17153     6.86977     6.43622
  7.94015     7.60472     7.52519     7.43032     7.31181     7.17177     6.87007     6.43628
  7.94015     7.60464     7.52488     7.43035     7.31189     7.17143     6.86995     6.43599
  7.94015     7.60501     7.52519     7.43117     7.31244     7.17195     6.86986     6.43634
  7.94015     7.60472     7.52489     7.43097     7.31216     7.17195     6.86902     6.43608
  7.94015     7.60512     7.52531     7.43152     7.31259     7.17246     6.86934     6.43656
  7.94015     7.60474     7.52523     7.43113     7.31219     7.17231     6.86788     6.43630
  7.94015     7.60441     7.52537     7.43034     7.31179     7.17204     6.86800     6.43586
  7.94015     7.60386     7.52501     7.42976     7.31121     7.17169     6.86698     6.43565
  7.94015     7.60351     7.52486     7.42869     7.31059     7.17124     6.86627     6.43499
  7.94015     7.60273     7.52447     7.42805     7.30978     7.17075     6.86482     6.43453
  7.94015     7.60253     7.52444     7.42770     7.30930     7.17043     6.86379     6.43421
  7.94015     7.60182     7.52407     7.42711     7.30871     7.16998     6.86217     6.43367
  7.94015     7.60127     7.52382     7.42652     7.30806     7.16947     6.86116     6.43293
  7.94015     7.60055     7.52330     7.42598     7.30759     7.16889     6.86048     6.43221
  7.94015     7.60000     7.52292     7.42547     7.30697     7.16833     6.85997     6.43165
  7.94015     7.60000     7.52292     7.42547     7.30697     7.16833     6.85997     6.43165
  7.94015     7.59932     7.52236     7.42497     7.30648     7.16780     6.85984     6.43106
  7.94015     7.59925     7.52227     7.42469     7.30613     7.16763     6.85974     6.43090
  7.94015     7.59897     7.52196     7.42450     7.30575     7.16748     6.85979     6.43070
  7.94015     7.59912     7.52198     7.42429     7.30547     7.16741     6.85921     6.43031
  7.94015     7.59928     7.52179     7.42443     7.30535     7.16758     6.85966     6.43033
  7.94015     7.59961     7.52185     7.42439     7.30528     7.16759     6.85905     6.43021
  7.94015     7.59992     7.52182     7.42456     7.30525     7.16769     6.85930     6.43020
  7.94015     7.60026     7.52189     7.42418     7.30501     7.16770     6.85862     6.42990
  7.94015     7.60055     7.52193     7.42411     7.30484     7.16761     6.85842     6.42989
  7.94015     7.60059     7.52217     7.42375     7.30447     7.16757     6.85750     6.42972
  7.94015     7.60058     7.52215     7.42426     7.30431     7.16726     6.85727     6.42971
  7.94015     7.60042     7.52202     7.42382     7.30373     7.16706     6.85642     6.42986
  7.94015     7.60041     7.52214     7.42442     7.30355     7.16690     6.85615     6.43001
  7.94015     7.60008     7.52180     7.42376     7.30270     7.16662     6.85538     6.42974
  7.94015     7.60016     7.52199     7.42360     7.30258     7.16669     6.85522     6.42988
  7.94015     7.60013     7.52205     7.42322     7.30220     7.16665     6.85470     6.42991
  7.94015     7.60016     7.52212     7.42298     7.30197     7.16649     6.85463     6.42972
  7.94015     7.60005     7.52193     7.42251     7.30165     7.16610     6.85390     6.42965
  7.94015     7.59984     7.52168     7.42202     7.30109     7.16562     6.85384     6.42948
  7.94015     7.59932     7.52107     7.42157     7.30063     7.16517     6.85287     6.42906
  7.94015     7.59889     7.52088     7.42056     7.30026     7.16481     6.85263     6.42901
  7.94015     7.59855     7.52028     7.42028     7.29976     7.16459     6.85189     6.42869
  7.94015     7.59857     7.52043     7.41981     7.29957     7.16475     6.85160     6.42867
  7.94015     7.59880     7.52029     7.41987     7.29921     7.16478     6.85153     6.42861
  7.94015     7.59935     7.52073     7.42043     7.29938     7.16534     6.85179     6.42888
  7.94015     7.59999     7.52122     7.42120     7.29959     7.16569     6.85211     6.42900
  7.94015     7.60026     7.52152     7.42151     7.29957     7.16606     6.85221     6.42897
  7.94015     7.60030     7.52149     7.42164     7.29920     7.16471     6.85214     6.42905
  7.94015     7.59992     7.52138     7.42104     7.29823     7.16429     6.85111     6.42841
  7.94015     7.59992     7.52138     7.42104     7.29823     7.16429     6.85111     6.42841
  7.94015     7.59926     7.52083     7.42026     7.29715     7.16241     6.85052     6.42799
  7.94015     7.59876     7.52057     7.41955     7.29608     7.16189     6.84909     6.42764
  7.94015     7.59816     7.51982     7.41895     7.29595     7.16122     6.84848     6.42714
  7.94015     7.59787     7.51978     7.41867     7.29530     7.16095     6.84773     6.42701
  7.94015     7.59756     7.51920     7.41834     7.29551     7.16043     6.84739     6.42686
  7.94015     7.59786     7.51930     7.41838     7.29539     7.16062     6.84736     6.42729
  7.94015     7.59819     7.51930     7.41859     7.29541     7.16081     6.84755     6.42750
  7.94015     7.59842     7.51924     7.41870     7.29533     7.16108     6.84747     6.42769
  7.94015     7.59866     7.51905     7.41895     7.29531     7.16143     6.84767     6.42779
  7.94015     7.59833     7.51886     7.41862     7.29482     7.16132     6.84770     6.42754
  7.94015     7.59803     7.51887     7.41858     7.29466     7.16137     6.84759     6.42740
  7.94015     7.59784     7.51889     7.41852     7.29455     7.16141     6.84811     6.42764
  7.94015     7.59765     7.51851     7.41847     7.29379     7.16152     6.84825     6.42757
  7.94015     7.59766     7.51850     7.41872     7.29386     7.16163     6.84889     6.42796
  7.94015     7.59769     7.51803     7.41885     7.29312     7.16192     6.84933     6.42799
  7.94015     7.59776     7.51789     7.41903     7.29302     7.16197     6.85040     6.42826
  7.94015     7.59823     7.51846     7.41962     7.29334     7.16269     6.85102     6.42852
  7.94015     7.59830     7.51859     7.41987     7.29356     7.16289     6.85230     6.42870
  7.94015     7.59895     7.51932     7.42035     7.29403     7.16355     6.85227     6.42883
  7.94015     7.59912     7.51951     7.42059     7.29444     7.16398     6.85299     6.42891
  7.94015     7.59977     7.52009     7.42077     7.29486     7.16448     6.85245     6.42939
  7.94015     7.60016     7.52038     7.42106     7.29520     7.16469     6.85249     6.42962
  7.94015     7.60081     7.52075     7.42128     7.29558     7.16517     6.85278     6.43005
  7.94015     7.60122     7.52089     7.42158     7.29588     7.16515     6.85273     6.43017
  7.94015     7.60161     7.52136     7.42171     7.29612     7.16548     6.85299     6.43022
  7.94015     7.60183     7.52145     7.42196     7.29649     7.16569     6.85331     6.43028
  7.94015     7.60200     7.52212     7.42211     7.29678     7.16596     6.85311     6.43045
  7.94015     7.60204     7.52215     7.42218     7.29709     7.16622     6.85337     6.43056
  7.94015     7.60204     7.52215     7.42218     7.29709     7.16622     6.85337     6.43056
  7.94015     7.60205     7.52256     7.42230     7.29732     7.16637     6.85362     6.43076
  7.94015     7.60193     7.52260     7.42234     7.29728     7.16641     6.85361     6.43069
  7.94015     7.60186     7.52274     7.42255     7.29738     7.16664     6.85389     6.43074
  7.94015     7.60173     7.52293     7.42274     7.29739     7.16669     6.85370     6.43080
  7.94015     7.60167     7.52295     7.42292     7.29753     7.16692     6.85372     6.43080
  7.94015     7.60169     7.52294     7.42310     7.29780     7.16697     6.85360     6.43102
  7.94015     7.60183     7.52194     7.42334     7.29803     7.16728     6.85401     6.43122
  7.94015     7.60184     7.52196     7.42353     7.29832     7.16726     6.85426     6.43124
  7.94015     7.60198     7.52101     7.42415     7.29878     7.16775     6.85520     6.43164
  7.94015     7.60188     7.52109     7.42457     7.29901     7.16788     6.85533     6.43147
  7.94015     7.60186     7.52101     7.42490     7.29943     7.16813     6.85588     6.43161
  7.94015     7.60181     7.52109     7.42527     7.29962     7.16850     6.85562     6.43157
  7.94015     7.60181     7.52116     7.42553     7.30014     7.16875     6.85585     6.43174
  7.94015     7.60194     7.52122     7.42568     7.30045     7.16903     6.85528     6.43198
  7.94015     7.60195     7.52128     7.42596     7.30088     7.16925     6.85506     6.43201
  7.94015     7.60190     7.52120     7.42569     7.30107     7.16925     6.85427     6.43237
  7.94015     7.60178     7.52095     7.42577     7.30121     7.16918     6.85380     6.43215
  7.94015     7.60153     7.52100     7.42544     7.30120     7.16921     6.85311     6.43242
  7.94015     7.60121     7.52092     7.42545     7.30139     7.16916     6.85271     6.43251
  7.94015     7.60093     7.52178     7.42542     7.30148     7.16931     6.85257     6.43253
  7.94015     7.60043     7.52157     7.42535     7.30165     7.16935     6.85234     6.43233
  7.94015     7.60003     7.52206     7.42501     7.30156     7.16923     6.85220     6.43212
  7.94015     7.59963     7.52174     7.42509     7.30160     7.16927     6.85248     6.43185
  7.94015     7.59918     7.52155     7.42465     7.30132     7.16910     6.85251     6.43183
  7.94015     7.59882     7.52105     7.42452     7.30114     7.16888     6.85200     6.43161
  7.94015     7.59850     7.52090     7.42371     7.30093     7.16884     6.85214     6.43149
  7.94015     7.59820     7.52064     7.42351     7.30094     7.16864     6.85159     6.43105
  7.94015     7.59792     7.52055     7.42274     7.30095     7.16847     6.85102     6.43094
  7.94015     7.59792     7.52055     7.42274     7.30095     7.16847     6.85102     6.43094
  7.94015     7.59788     7.52059     7.42267     7.30105     7.16838     6.85046     6.43064
  7.94015     7.59786     7.51984     7.42253     7.30119     7.16847     6.85056     6.43039
  7.94015     7.59804     7.51980     7.42249     7.30124     7.16851     6.84982     6.43019
  7.94015     7.59812     7.51894     7.42231     7.30125     7.16861     6.85008     6.43000
  7.94015     7.59837     7.51917     7.42176     7.30135     7.16878     6.84985     6.42989
  7.94015     7.59835     7.51944     7.42171     7.30161     7.16882     6.84976     6.43019
  7.94015     7.59826     7.51962     7.42110     7.30157     7.16886     6.84961     6.43046
  7.94015     7.59826     7.51987     7.42070     7.30189     7.16897     6.85000     6.43049
  7.94015     7.59819     7.52005     7.42067     7.30189     7.16904     6.84960     6.43085
  7.94015     7.59815     7.52008     7.42013     7.30207     7.16905     6.85041     6.43071
  7.94015     7.59811     7.52024     7.41994     7.30208     7.16915     6.84974     6.43082
  7.94015     7.59816     7.52058     7.42021     7.30255     7.16944     6.85023     6.43105
  7.94015     7.59829     7.52082     7.42025     7.30290     7.16984     6.85043     6.43123
  7.94015     7.59851     7.52128     7.42098     7.30366     7.17045     6.85089     6.43163
  7.94015     7.59883     7.52169     7.42127     7.30441     7.17104     6.85168     6.43200
  7.94015     7.59909     7.52202     7.42196     7.30528     7.17155     6.85250     6.43266
  7.94015     7.59913     7.52212     7.42190     7.30570     7.17183     6.85274     6.43283
  7.94015     7.59889     7.52206     7.42221     7.30619     7.17209     6.85315     6.43370
  7.94015     7.59868     7.52188     7.42194     7.30638     7.17210     6.85298     6.43372
  7.94015     7.59825     7.52150     7.42192     7.30650     7.17218     6.85300     6.43416
  7.94015     7.59797     7.52139     7.42185     7.30663     7.17212     6.85299     6.43407
  7.94015     7.59798     7.52141     7.42192     7.30694     7.17234     6.85318     6.43421
  7.94015     7.59802     7.52136     7.42203     7.30707     7.17237     6.85377     6.43407
  7.94015     7.59835     7.52175     7.42232     7.30728     7.17295     6.85407     6.43429
  7.94015     7.59845     7.52193     7.42236     7.30755     7.17324     6.85468     6.43432
  7.94015     7.59860     7.52213     7.42251     7.30758     7.17365     6.85459     6.43466
  7.94015     7.59843     7.52231     7.42244     7.30758     7.17374     6.85464     6.43464
  7.94015     7.59834     7.52240     7.42236     7.30692     7.17366     6.85398     6.43390
  7.94015     7.59834     7.52240     7.42236     7.30692     7.17366     6.85398     6.43390
  7.94015     7.59818     7.52223     7.42222     7.30677     7.17332     6.85365     6.43387
  7.94015     7.59905     7.52310     7.42272     7.30681     7.17397     6.85342     6.43350
  7.94015     7.59898     7.52307     7.42276     7.30680     7.17391     6.85289     6.43330
  7.94015     7.59979     7.52381     7.42315     7.30742     7.17470     6.85294     6.43373
  7.94015     7.59977     7.52368     7.42306     7.30722     7.17477     6.85242     6.43322
  7.94015     7.59961     7.52359     7.42272     7.30683     7.17491     6.85228     6.43285
  7.94015     7.59954     7.52326     7.42262     7.30650     7.17475     6.85211     6.43253
  7.94015     7.59929     7.52324     7.42237     7.30609     7.17479     6.85227     6.43217
  7.94015     7.59888     7.52286     7.42240     7.30578     7.17449     6.85217     6.43188
  7.94015     7.59863     7.52274     7.42192     7.30514     7.17416     6.85211     6.43170
  7.94015     7.59832     7.52247     7.42163     7.30471     7.17390     6.85204     6.43113
  7.94015     7.59774     7.52189     7.42052     7.30361     7.17299     6.85114     6.43026
  7.94015     7.59783     7.52183     7.41987     7.30350     7.17287     6.85086     6.42999
  7.94015     7.59730     7.52138     7.41893     7.30275     7.17210     6.85072     6.42903
  7.94015     7.59742     7.52141     7.41846     7.30275     7.17195     6.84989     6.42901
  7.94015     7.59748     7.52152     7.41806     7.30239     7.17141     6.85026     6.42889
  7.94015     7.59782     7.52186     7.41813     7.30237     7.17154     6.85020     6.42928
  7.94015     7.59889     7.52224     7.41786     7.30193     7.17101     6.85019     6.42947
  7.94015     7.59924     7.52262     7.41802     7.30206     7.17131     6.85067     6.42996
  7.94015     7.60029     7.52301     7.41780     7.30191     7.17129     6.85129     6.43017
  7.94015     7.60075     7.52329     7.41810     7.30210     7.17158     6.85163     6.43046
  7.94015     7.60134     7.52383     7.41817     7.30255     7.17180     6.85220     6.43074
  7.94015     7.60193     7.52431     7.41935     7.30299     7.17216     6.85237     6.43089
  7.94015     7.60246     7.52461     7.41945     7.30356     7.17231     6.85600     6.43112
