  7.93290     7.72423     7.67322     7.58951     7.48108     7.36917     7.14632     6.67792
  7.93290     7.72370     7.67301     7.58925     7.48096     7.36869     7.14617     6.67857
  7.93290     7.72285     7.67191     7.58821     7.48044     7.36809     7.14494     6.67778
  7.93290     7.72207     7.67127     7.58758     7.48001     7.36781     7.14422     6.67737
  7.93290     7.72146     7.67090     7.58741     7.47995     7.36782     7.14446     6.67713
  7.93290     7.72129     7.67105     7.58760     7.48037     7.36800     7.14525     6.67713
  7.93290     7.72133     7.67106     7.58775     7.48065     7.36822     7.14573     6.67697
  7.93290     7.72126     7.67081     7.58771     7.48039     7.36833     7.14582     6.67658
  7.93290     7.72132     7.67076     7.58781     7.48018     7.36840     7.14570     6.67625
  7.93290     7.72167     7.67089     7.58809     7.48044     7.36855     7.14561     6.67619
  7.93290     7.72202     7.67094     7.58824     7.48060     7.36865     7.14595     6.67628
  7.93290     7.72253     7.67109     7.58844     7.48057     7.36892     7.14657     6.67591
  7.93290     7.72317     7.67156     7.58884     7.48070     7.36928     7.14763     6.67584
  7.93290     7.72370     7.67196     7.58892     7.48110     7.36957     7.14795     6.67625
  7.93290     7.72424     7.67237     7.58905     7.48089     7.36964     7.14832     6.67695
  7.93290     7.72711     7.67419     7.58946     7.48196     7.37003     7.14936     6.67727
  7.93290     7.72740     7.67431     7.58952     7.48196     7.36992     7.14965     6.67716
  7.93290     7.72753     7.67444     7.58952     7.48208     7.36999     7.14971     6.67646
  7.93290     7.72761     7.67454     7.58954     7.48256     7.37001     7.14988     6.67611
  7.93290     7.72753     7.67457     7.58954     7.48286     7.36983     7.15007     6.67628
  7.93290     7.72783     7.67477     7.58982     7.48320     7.37008     7.15053     6.67650
  7.93290     7.72804     7.67504     7.59010     7.48363     7.37064     7.15073     6.67660
  7.93290     7.72789     7.67527     7.59028     7.48413     7.37107     7.15068     6.67677
  7.93290     7.72770     7.67550     7.59059     7.48469     7.37122     7.15120     6.67705
  7.93290     7.72741     7.67551     7.59085     7.48492     7.37101     7.15184     6.67710
  7.93290     7.72730     7.67524     7.59103     7.48496     7.37096     7.15144     6.67674
  7.93290     7.72677     7.67499     7.59077     7.48517     7.37094     7.15075     6.67654
  7.93290     7.72652     7.67479     7.59067     7.48551     7.37110     7.15072     6.67618
  7.93290     7.72665     7.67489     7.59078     7.48540     7.37123     7.15156     6.67470
  7.93290     7.72889     7.67694     7.59358     7.48554     7.37321     7.15474     6.67621
  7.93290     7.72942     7.67765     7.59417     7.48585     7.37365     7.15506     6.67683
  7.93290     7.72991     7.67813     7.59481     7.48594     7.37417     7.15510     6.67701
  7.93290     7.73021     7.67753     7.59529     7.48601     7.37456     7.15521     6.67726
  7.93290     7.73068     7.67750     7.59569     7.48625     7.37481     7.15531     6.67780
  7.93290     7.73106     7.67785     7.59588     7.48634     7.37493     7.15524     6.67804
  7.93290     7.73118     7.67812     7.59594     7.48617     7.37494     7.15527     6.67805
  7.93290     7.73109     7.67890     7.59595     7.48600     7.37484     7.15546     6.67660
  7.93290     7.73099     7.67991     7.59594     7.48744     7.37474     7.15548     6.67445
  7.93290     7.73111     7.68011     7.59614     7.49041     7.37488     7.15540     6.67456
  7.93290     7.73125     7.68011     7.59661     7.49029     7.37516     7.15579     6.67458
  7.93290     7.73164     7.68057     7.59745     7.49058     7.37580     7.15651     6.67511
  7.93290     7.73107     7.68049     7.59723     7.49027     7.37573     7.15602     6.67465
  7.93290     7.73078     7.68047     7.59715     7.49040     7.37542     7.15575     6.67444
  7.93290     7.73017     7.68016     7.59785     7.49077     7.37581     7.15563     6.67318
  7.93290     7.73018     7.68032     7.59788     7.49082     7.37611     7.15552     6.67341
  7.93290     7.73030     7.68078     7.59832     7.49108     7.37640     7.15556     6.67356
  7.93290     7.73047     7.68087     7.59873     7.49107     7.37638     7.15564     6.67369
  7.93290     7.73094     7.68097     7.59890     7.49118     7.37654     7.15653     6.67393
  7.93290     7.73177     7.68162     7.59935     7.49155     7.37711     7.15768     6.67453
  7.93290     7.73251     7.68218     7.59984     7.49173     7.37761     7.15829     6.67504
  7.93290     7.73285     7.68229     7.59998     7.49167     7.37777     7.15834     6.67515
  7.93290     7.73310     7.68246     7.59998     7.49178     7.37782     7.15811     6.67532
  7.93290     7.73342     7.68283     7.60006     7.49200     7.37792     7.15799     6.67568
  7.93290     7.73347     7.68314     7.60019     7.49198     7.37827     7.15840     6.67576
  7.93290     7.73392     7.68326     7.60015     7.49206     7.37915     7.15881     6.67554
  7.93290     7.73444     7.68358     7.60015     7.49191     7.37913     7.15868     6.67588
  7.93290     7.73491     7.68385     7.60055     7.49203     7.37931     7.15889     6.67665
  7.93290     7.73464     7.68234     7.60011     7.49117     7.37840     7.15865     6.67607
  7.93290     7.73427     7.68183     7.59984     7.49077     7.37811     7.15835     6.67576
  7.93290     7.73336     7.68093     7.59928     7.49004     7.37755     7.15763     6.67516
  7.93290     7.73236     7.68012     7.59868     7.48938     7.37675     7.15650     6.67476
  7.93290     7.73109     7.67931     7.59827     7.48879     7.37597     7.15557     6.67415
  7.93290     7.73011     7.67852     7.59816     7.48815     7.37489     7.15478     6.67385
  7.93290     7.72937     7.67784     7.59804     7.48746     7.37402     7.15395     6.67381
  7.93290     7.72883     7.67753     7.59782     7.48707     7.37370     7.15352     6.67387
  7.93290     7.72872     7.67746     7.59775     7.48693     7.37351     7.15352     6.67425
  7.93290     7.72865     7.67709     7.59764     7.48654     7.37325     7.15347     6.67453
  7.93290     7.72847     7.67676     7.59746     7.48615     7.37284     7.15362     6.67437
  7.93290     7.72824     7.67658     7.59740     7.48591     7.37261     7.15326     6.67416
  7.93290     7.72819     7.67653     7.59723     7.48575     7.37230     7.15335     6.67426
  7.93290     7.72807     7.67608     7.59694     7.48537     7.37221     7.15283     6.67428
  7.93290     7.72759     7.67478     7.59597     7.48343     7.37268     7.15193     6.67376
  7.93290     7.72755     7.67451     7.59565     7.48318     7.37252     7.15118     6.67408
  7.93290     7.72723     7.67422     7.59548     7.48265     7.37198     7.15110     6.67478
  7.93290     7.72663     7.67365     7.59505     7.48214     7.37130     7.15052     6.67455
  7.93290     7.72608     7.67292     7.59454     7.48150     7.37049     7.14977     6.67382
  7.93290     7.72567     7.67230     7.59407     7.48090     7.36984     7.14917     6.67351
  7.93290     7.72440     7.67104     7.59292     7.47961     7.36874     7.14773     6.67259
  7.93290     7.72292     7.66958     7.59162     7.47832     7.36746     7.14579     6.67150
  7.93290     7.72221     7.66882     7.59101     7.47794     7.36676     7.14494     6.67129
  7.93290     7.72121     7.66806     7.59039     7.47731     7.36608     7.14511     6.67081
  7.93290     7.72014     7.66750     7.58993     7.47666     7.36548     7.14502     6.67035
  7.93290     7.71964     7.66725     7.58950     7.47634     7.36495     7.14444     6.67000
  7.93290     7.71963     7.66693     7.58886     7.47605     7.36444     7.14405     6.66978
  7.93290     7.71946     7.66658     7.58863     7.47561     7.36394     7.14353     6.66993
  7.93290     7.72025     7.66709     7.58798     7.47521     7.36338     7.14468     6.67053
  7.93290     7.71896     7.66566     7.58633     7.47339     7.36197     7.14320     6.66955
  7.93290     7.71892     7.66541     7.58584     7.47285     7.36166     7.14291     6.66942
  7.93290     7.71983     7.66580     7.58594     7.47306     7.36191     7.14357     6.66985
  7.93290     7.72199     7.66637     7.58619     7.47324     7.36295     7.14327     6.67077
  7.93290     7.72361     7.66698     7.58656     7.47325     7.36391     7.14296     6.67187
  7.93290     7.72427     7.66770     7.58684     7.47325     7.36431     7.14363     6.67248
  7.93290     7.72486     7.66848     7.58738     7.47350     7.36453     7.14459     6.67276
  7.93290     7.72543     7.66912     7.58816     7.47394     7.36480     7.14509     6.67329
  7.93290     7.72592     7.66968     7.58859     7.47437     7.36524     7.14558     6.67405
  7.93290     7.72655     7.67035     7.58916     7.47495     7.36592     7.14672     6.67489
  7.93290     7.72667     7.67087     7.58925     7.47533     7.36662     7.14743     6.67514
  7.93290     7.72678     7.67126     7.58945     7.47596     7.36738     7.14760     6.67528
  7.93290     7.72647     7.67153     7.58998     7.47635     7.36793     7.14795     6.67529
  7.93290     7.72456     7.67171     7.59175     7.47863     7.36954     7.14861     6.67557
  7.93290     7.72429     7.67176     7.59182     7.47886     7.37013     7.14860     6.67566
  7.93290     7.72405     7.67166     7.59248     7.47901     7.37017     7.14863     6.67569
  7.93290     7.72394     7.67166     7.59290     7.47931     7.37042     7.14831     6.67543
  7.93290     7.72379     7.67155     7.59294     7.47972     7.37036     7.14837     6.67500
  7.93290     7.72362     7.67152     7.59308     7.48013     7.37051     7.14843     6.67511
  7.93290     7.72365     7.67173     7.59327     7.48051     7.37097     7.14840     6.67534
  7.93290     7.72397     7.67203     7.59348     7.48104     7.37120     7.14843     6.67510
  7.93290     7.72449     7.67237     7.59380     7.48178     7.37132     7.14828     6.67481
  7.93290     7.72496     7.67282     7.59417     7.48245     7.37183     7.14806     6.67503
  7.93290     7.72528     7.67354     7.59477     7.48300     7.37261     7.14842     6.67566
  7.93290     7.72601     7.67424     7.59524     7.48358     7.37287     7.14927     6.67557
  7.93290     7.72641     7.67478     7.59542     7.48436     7.37309     7.14900     6.67543
  7.93290     7.72646     7.67488     7.59576     7.48445     7.37296     7.14882     6.67527
  7.93290     7.72640     7.67509     7.59558     7.48440     7.37252     7.14791     6.67363
  7.93290     7.72583     7.67508     7.59556     7.48427     7.37259     7.14785     6.67324
  7.93290     7.72541     7.67508     7.59558     7.48441     7.37254     7.14735     6.67271
  7.93290     7.72505     7.67457     7.59543     7.48433     7.37219     7.14657     6.67179
  7.93290     7.72488     7.67401     7.59546     7.48423     7.37185     7.14623     6.67085
  7.93290     7.72457     7.67376     7.59552     7.48484     7.37157     7.14593     6.67020
  7.93290     7.72414     7.67350     7.59530     7.48543     7.37119     7.14534     6.66966
  7.93290     7.72368     7.67317     7.59511     7.48556     7.37045     7.14467     6.66898
  7.93290     7.72321     7.67304     7.59531     7.48586     7.36961     7.14396     6.66835
  7.93290     7.72295     7.67299     7.59561     7.48620     7.36927     7.14300     6.66793
  7.93290     7.72268     7.67293     7.59565     7.48619     7.36898     7.14205     6.66726
  7.93290     7.72268     7.67298     7.59546     7.48606     7.36864     7.14165     6.66653
  7.93290     7.72254     7.67291     7.59512     7.48607     7.36835     7.14124     6.66598
  7.93290     7.72269     7.67277     7.59512     7.48609     7.36790     7.14106     6.66576
  7.93290     7.72375     7.67267     7.59472     7.48790     7.36743     7.13979     6.66547
  7.93290     7.72405     7.67259     7.59408     7.48810     7.36732     7.13969     6.66569
  7.93290     7.72419     7.67262     7.59374     7.48800     7.36719     7.13947     6.66577
  7.93290     7.72427     7.67257     7.59330     7.48783     7.36671     7.13946     6.66544
  7.93290     7.72396     7.67211     7.59283     7.48746     7.36626     7.13902     6.66502
  7.93290     7.72372     7.67189     7.59308     7.48703     7.36604     7.13878     6.66516
  7.93290     7.72357     7.67203     7.59334     7.48695     7.36597     7.13849     6.66556
  7.93290     7.72343     7.67198     7.59310     7.48699     7.36583     7.13767     6.66566
  7.93290     7.72323     7.67157     7.59287     7.48666     7.36546     7.13713     6.66548
  7.93290     7.72271     7.67108     7.59265     7.48617     7.36497     7.13743     6.66529
  7.93290     7.72233     7.67060     7.59235     7.48568     7.36438     7.13738     6.66539
  7.93290     7.72157     7.66967     7.59150     7.48514     7.36359     7.13627     6.66499
  7.93290     7.72071     7.66891     7.59070     7.48457     7.36310     7.13562     6.66458
  7.93290     7.71967     7.66799     7.58997     7.48392     7.36242     7.13519     6.66401
  7.93290     7.71712     7.66560     7.58779     7.48220     7.36062     7.13308     6.66328
  7.93290     7.71625     7.66528     7.58778     7.48190     7.36024     7.13314     6.66386
  7.93290     7.71632     7.66524     7.58779     7.48159     7.36017     7.13282     6.66421
  7.93290     7.71660     7.66519     7.58766     7.48145     7.36016     7.13237     6.66434
  7.93290     7.71630     7.66476     7.58732     7.48109     7.35992     7.13178     6.66418
  7.93290     7.71587     7.66408     7.58685     7.48044     7.35938     7.13155     6.66378
  7.93290     7.71544     7.66349     7.58625     7.47979     7.35882     7.13116     6.66352
  7.93290     7.71501     7.66298     7.58572     7.47930     7.35822     7.13057     6.66334
  7.93290     7.71470     7.66249     7.58559     7.47896     7.35769     7.13012     6.66312
  7.93290     7.71451     7.66216     7.58575     7.47873     7.35753     7.12940     6.66310
  7.93290     7.71471     7.66191     7.58584     7.47844     7.35737     7.12905     6.66306
  7.93290     7.71439     7.66152     7.58599     7.47831     7.35762     7.12844     6.66320
  7.93290     7.71307     7.66119     7.58570     7.47794     7.35723     7.12723     6.66303
  7.93290     7.71237     7.66073     7.58542     7.47763     7.35556     7.12619     6.66280
  7.93290     7.70975     7.65802     7.58450     7.47596     7.35361     7.12517     6.66148
  7.93290     7.70885     7.65723     7.58378     7.47524     7.35290     7.12495     6.66120
  7.93290     7.70849     7.65680     7.58309     7.47441     7.35245     7.12408     6.66122
  7.93290     7.70821     7.65644     7.58250     7.47392     7.35185     7.12285     6.66101
  7.93290     7.70794     7.65617     7.58213     7.47369     7.35136     7.12189     6.66070
  7.93290     7.70769     7.65599     7.58183     7.47349     7.35090     7.12159     6.66084
  7.93290     7.70754     7.65591     7.58139     7.47329     7.35050     7.12128     6.66121
  7.93290     7.70751     7.65588     7.58092     7.47312     7.35019     7.12088     6.66134
  7.93290     7.70755     7.65584     7.58065     7.47277     7.34987     7.12076     6.66145
  7.93290     7.70787     7.65584     7.58024     7.47170     7.34968     7.12055     6.66193
  7.93290     7.70865     7.65599     7.57946     7.46993     7.34959     7.12048     6.66241
  7.93290     7.70919     7.65606     7.57942     7.46971     7.34958     7.12111     6.66277
  7.93290     7.70967     7.65640     7.57954     7.46968     7.34971     7.12184     6.66306
  7.93290     7.71023     7.65723     7.57999     7.47002     7.35022     7.12238     6.66362
  7.93290     7.71285     7.65911     7.58090     7.47122     7.35127     7.12241     6.66648
  7.93290     7.71317     7.65926     7.58065     7.47121     7.35151     7.12253     6.66662
  7.93290     7.71629     7.65846     7.58340     7.46837     7.34711     7.12380     6.65298
  7.93290     7.71736     7.65819     7.58438     7.46736     7.34525     7.12396     6.64815
  7.93290     7.72010     7.66129     7.58450     7.47518     7.35143     7.11417     6.64885
  7.93290     7.72183     7.66347     7.58441     7.48032     7.35560     7.10740     6.64960
  7.93290     7.72184     7.66364     7.58403     7.48030     7.35564     7.10735     6.65028
  7.93290     7.72168     7.66363     7.58349     7.48021     7.35553     7.10754     6.65070
  7.93290     7.72120     7.66355     7.58303     7.47997     7.35521     7.10726     6.65086
  7.93290     7.72099     7.66371     7.58289     7.47994     7.35507     7.10697     6.65155
  7.93290     7.72088     7.66388     7.58272     7.48007     7.35510     7.10703     6.65236
  7.93290     7.72116     7.66402     7.58284     7.48036     7.35550     7.10771     6.65264
  7.93290     7.72111     7.66378     7.58271     7.48055     7.35554     7.10801     6.65315
  7.93290     7.72123     7.66410     7.58281     7.48039     7.35561     7.10805     6.65380
  7.93290     7.72157     7.66396     7.58322     7.48115     7.35654     7.10843     6.65480
  7.93290     7.72151     7.66399     7.58345     7.48117     7.35651     7.10897     6.65478
  7.93290     7.72081     7.66335     7.58326     7.48093     7.35612     7.10882     6.65443
  7.93290     7.72024     7.66272     7.58331     7.48086     7.35609     7.10852     6.65428
  7.93290     7.72000     7.66240     7.58353     7.48099     7.35635     7.10844     6.65443
  7.93290     7.72009     7.66248     7.58395     7.48107     7.35678     7.10842     6.65471
  7.93290     7.72032     7.66292     7.58434     7.48137     7.35707     7.10849     6.65516
  7.93290     7.72019     7.66317     7.58467     7.48122     7.35711     7.10880     6.65543
  7.93290     7.71956     7.66286     7.58495     7.48027     7.35705     7.10914     6.65504
  7.93290     7.71897     7.66248     7.58442     7.47971     7.35687     7.10919     6.65445
  7.93290     7.71864     7.66222     7.58293     7.47924     7.35695     7.10887     6.65433
  7.93290     7.71811     7.66189     7.58266     7.47922     7.35690     7.10829     6.65466
  7.93290     7.71728     7.66177     7.58224     7.47900     7.35653     7.10690     6.65424
  7.93290     7.71651     7.66138     7.58180     7.47838     7.35623     7.10692     6.65372
  7.93290     7.71425     7.65994     7.58051     7.47817     7.35515     7.10598     6.65282
  7.93290     7.71430     7.66003     7.58085     7.47832     7.35476     7.10645     6.65292
  7.93290     7.71452     7.66037     7.58195     7.47844     7.35471     7.10649     6.65328
  7.93290     7.71482     7.66046     7.58255     7.47874     7.35524     7.10778     6.65339
  7.93290     7.71513     7.66040     7.58262     7.47906     7.35562     7.10800     6.65352
  7.93290     7.71554     7.66059     7.58289     7.47931     7.35592     7.10776     6.65384
  7.93290     7.71580     7.66069     7.58306     7.47950     7.35611     7.10811     6.65401
  7.93290     7.71579     7.66056     7.58295     7.47966     7.35617     7.10834     6.65386
  7.93290     7.71578     7.66057     7.58290     7.47964     7.35622     7.10807     6.65349
  7.93290     7.71584     7.66068     7.58280     7.47943     7.35616     7.10770     6.65299
  7.93290     7.71571     7.66077     7.58275     7.47943     7.35610     7.10729     6.65285
  7.93290     7.71556     7.66054     7.58278     7.47965     7.35595     7.10761     6.65279
  7.93290     7.71564     7.66073     7.58324     7.47970     7.35612     7.10796     6.65249
  7.93290     7.71563     7.66073     7.58292     7.47970     7.35588     7.10737     6.65215
  7.93290     7.71570     7.66002     7.58288     7.47881     7.35557     7.10695     6.65028
  7.93290     7.71567     7.66013     7.58251     7.47885     7.35533     7.10626     6.64964
  7.93290     7.71568     7.66024     7.58241     7.47842     7.35493     7.10602     6.64933
  7.93290     7.71527     7.65973     7.58190     7.47784     7.35422     7.10506     6.64885
  7.93290     7.71457     7.65907     7.58117     7.47725     7.35318     7.10362     6.64787
  7.93290     7.71391     7.65850     7.58050     7.47661     7.35215     7.10217     6.64697
  7.93290     7.71339     7.65801     7.58002     7.47604     7.35129     7.10079     6.64637
  7.93290     7.71315     7.65765     7.57985     7.47574     7.35078     7.09994     6.64596
  7.93290     7.71335     7.65767     7.58001     7.47573     7.35072     7.09980     6.64569
  7.93290     7.71374     7.65811     7.57971     7.47567     7.35077     7.09942     6.64515
  7.93290     7.71390     7.65826     7.57802     7.47529     7.35072     7.09836     6.64421
  7.93290     7.71384     7.65809     7.57796     7.47501     7.35027     7.09760     6.64392
  7.93290     7.71394     7.65789     7.57803     7.47483     7.34987     7.09754     6.64328
  7.93290     7.71355     7.65759     7.57759     7.47406     7.34919     7.09708     6.64278
  7.93290     7.71165     7.65598     7.57608     7.47178     7.34749     7.09435     6.64055
  7.93290     7.71100     7.65536     7.57550     7.47074     7.34690     7.09346     6.63928
  7.93290     7.71037     7.65475     7.57522     7.47018     7.34642     7.09301     6.63822
  7.93290     7.70988     7.65437     7.57501     7.46977     7.34581     7.09240     6.63767
  7.93290     7.70959     7.65414     7.57421     7.46923     7.34543     7.09159     6.63744
  7.93290     7.70906     7.65363     7.57345     7.46851     7.34495     7.09074     6.63689
  7.93290     7.70840     7.65307     7.57299     7.46787     7.34432     7.08997     6.63611
  7.93290     7.70795     7.65266     7.57260     7.46740     7.34393     7.08963     6.63547
  7.93290     7.70757     7.65217     7.57230     7.46693     7.34362     7.08943     6.63485
  7.93290     7.70651     7.65149     7.57195     7.46640     7.34296     7.08870     6.63381
  7.93290     7.70446     7.65059     7.57116     7.46574     7.34227     7.08817     6.63245
  7.93290     7.70372     7.65012     7.57056     7.46552     7.34169     7.08771     6.63193
  7.93290     7.70288     7.64949     7.57002     7.46504     7.34140     7.08694     6.63098
  7.93290     7.70198     7.64917     7.56967     7.46427     7.34059     7.08673     6.62970
  7.93290     7.69961     7.64591     7.56827     7.46147     7.33807     7.07705     6.62546
  7.93290     7.69882     7.64500     7.56772     7.46091     7.33716     7.07686     6.62365
  7.93290     7.69802     7.64409     7.56730     7.46024     7.33629     7.07622     6.62248
  7.93290     7.69723     7.64331     7.56668     7.45960     7.33525     7.07562     6.62084
  7.93290     7.69641     7.64227     7.56593     7.45870     7.33403     7.07437     6.61879
  7.93290     7.69581     7.64122     7.56517     7.45776     7.33281     7.07288     6.61685
  7.93290     7.69536     7.64021     7.56452     7.45696     7.33186     7.07139     6.61493
  7.93290     7.69474     7.63919     7.56382     7.45620     7.33086     7.07012     6.61275
  7.93290     7.69391     7.63813     7.56292     7.45525     7.32952     7.06862     6.61039
  7.93290     7.69306     7.63688     7.56213     7.45406     7.32810     7.06629     6.60799
  7.93290     7.69210     7.63539     7.56125     7.45291     7.32635     7.06457     6.60530
  7.93290     7.69052     7.63342     7.55933     7.45096     7.32401     7.06190     6.60248
  7.93290     7.68963     7.63263     7.55813     7.44998     7.32250     7.06031     6.60071
  7.93290     7.68844     7.63170     7.55675     7.45014     7.32072     7.05766     6.59940
  7.93290     7.68437     7.62726     7.55138     7.44457     7.31412     7.04998     6.59129
  7.93290     7.68316     7.62587     7.54975     7.44279     7.31204     7.04756     6.58875
  7.93290     7.68195     7.62450     7.54809     7.44102     7.30977     7.04532     6.58640
  7.93290     7.68070     7.62318     7.54622     7.43898     7.30742     7.04220     6.58408
  7.93290     7.67940     7.62175     7.54428     7.43669     7.30510     7.03869     6.58153
  7.93290     7.67825     7.62030     7.54247     7.43450     7.30282     7.03560     6.57885
  7.93290     7.67706     7.61864     7.54052     7.43230     7.30058     7.03289     6.57608
  7.93290     7.67575     7.61699     7.53842     7.42944     7.29832     7.03035     6.57308
  7.93290     7.67442     7.61545     7.53631     7.42632     7.29601     7.02758     6.56996
  7.93290     7.67288     7.61355     7.53403     7.42388     7.29356     7.02423     6.56688
  7.93290     7.67151     7.61165     7.53175     7.42139     7.29087     7.02119     6.56360
  7.93290     7.67030     7.60984     7.52957     7.41881     7.28831     7.01831     6.56044
  7.93290     7.66885     7.60826     7.52735     7.41611     7.28564     7.01532     6.55772
  7.93290     7.66714     7.60625     7.52512     7.41348     7.28281     7.01124     6.55447
  7.93290     7.66173     7.59956     7.51708     7.40430     7.27348     7.00192     6.54498
  7.93290     7.65962     7.59757     7.51442     7.40141     7.27038     6.99740     6.54173
  7.93290     7.65730     7.59531     7.51234     7.39860     7.26717     6.99397     6.53635
  7.93290     7.65483     7.59302     7.50990     7.39579     7.26397     6.99086     6.53255
  7.93290     7.65232     7.59070     7.50687     7.39291     7.26068     6.98743     6.52908
  7.93290     7.65004     7.58825     7.50483     7.39011     7.25744     6.98417     6.52565
  7.93290     7.64789     7.58573     7.50293     7.38730     7.25418     6.98141     6.52274
  7.93290     7.64558     7.58335     7.50023     7.38437     7.25077     6.97836     6.51994
  7.93290     7.64326     7.58084     7.49740     7.38170     7.24738     6.97455     6.51686
  7.93290     7.64120     7.57798     7.49458     7.37942     7.24417     6.97070     6.51366
  7.93290     7.63915     7.57553     7.49206     7.37681     7.24082     6.96681     6.51041
  7.93290     7.63703     7.57302     7.48940     7.37423     7.23744     6.96285     6.50720
  7.93290     7.63491     7.57053     7.48675     7.37140     7.23405     6.95949     6.50364
  7.93290     7.63290     7.56807     7.48209     7.36858     7.23116     6.95641     6.49997
  7.93290     7.62790     7.56164     7.47504     7.36095     7.22186     6.94589     6.49029
  7.93290     7.62643     7.55974     7.47281     7.35861     7.21910     6.94282     6.48767
  7.93290     7.62445     7.55788     7.47069     7.35611     7.21612     6.93975     6.48490
  7.93290     7.62280     7.55548     7.46849     7.35371     7.21335     6.93608     6.48226
  7.93290     7.62143     7.55341     7.46624     7.35127     7.21063     6.93266     6.47957
  7.93290     7.62007     7.55140     7.46310     7.34856     7.20787     6.92910     6.47649
  7.93290     7.61876     7.54924     7.46002     7.34586     7.20520     6.92567     6.47347
  7.93290     7.61764     7.54754     7.45815     7.34349     7.20292     6.92256     6.47120
  7.93290     7.61677     7.54652     7.45676     7.34147     7.20096     6.91947     6.46954
  7.93290     7.61601     7.54566     7.45513     7.33968     7.19883     6.91642     6.46762
  7.93290     7.61516     7.54458     7.45353     7.33784     7.19671     6.91294     6.46524
  7.93290     7.61436     7.54350     7.45193     7.33604     7.19468     6.91061     6.46354
  7.93290     7.61347     7.54249     7.45039     7.33406     7.19236     6.90748     6.46187
  7.93290     7.61238     7.54138     7.44826     7.33189     7.19030     6.90461     6.46015
  7.93290     7.60848     7.53698     7.44209     7.32550     7.18323     6.89453     6.45401
  7.93290     7.60743     7.53507     7.44017     7.32353     7.18142     6.89167     6.45224
  7.93290     7.60653     7.53388     7.43906     7.32191     7.18021     6.88968     6.45063
  7.93290     7.60584     7.53314     7.43796     7.32054     7.17916     6.88861     6.44905
  7.93290     7.60542     7.53240     7.43695     7.31919     7.17822     6.88732     6.44766
  7.93290     7.60516     7.53175     7.43609     7.31791     7.17741     6.88507     6.44655
  7.93290     7.60478     7.53118     7.43525     7.31663     7.17641     6.88307     6.44535
  7.93290     7.60407     7.53051     7.43432     7.31532     7.17520     6.88172     6.44401
  7.93290     7.60320     7.52974     7.43338     7.31397     7.17402     6.88019     6.44274
  7.93290     7.60241     7.52882     7.43242     7.31250     7.17273     6.87855     6.44138
  7.93290     7.60158     7.52748     7.43130     7.31102     7.17122     6.87668     6.44003
  7.93290     7.60085     7.52654     7.43032     7.30985     7.16984     6.87493     6.43909
  7.93290     7.59995     7.52563     7.42923     7.30895     7.16886     6.87318     6.43787
  7.93290     7.59936     7.52528     7.42828     7.30789     7.16818     6.87220     6.43691
  7.93290     7.59772     7.52375     7.42608     7.30509     7.16527     6.86800     6.43417
  7.93290     7.59700     7.52326     7.42530     7.30434     7.16440     6.86708     6.43366
  7.93290     7.59647     7.52297     7.42486     7.30387     7.16336     6.86614     6.43301
  7.93290     7.59573     7.52266     7.42405     7.30326     7.16230     6.86526     6.43234
  7.93290     7.59461     7.52155     7.42270     7.30189     7.16098     6.86402     6.43111
  7.93290     7.59377     7.52048     7.42153     7.30068     7.15989     6.86276     6.42969
  7.93290     7.59328     7.51990     7.42097     7.30011     7.15921     6.86161     6.42866
  7.93290     7.59271     7.51948     7.42066     7.29973     7.15873     6.86078     6.42806
  7.93290     7.59218     7.51915     7.42036     7.29927     7.15842     6.86035     6.42763
  7.93290     7.59202     7.51886     7.42023     7.29880     7.15811     6.85957     6.42717
  7.93290     7.59215     7.51878     7.42006     7.29844     7.15775     6.85850     6.42698
  7.93290     7.59277     7.51915     7.42051     7.29851     7.15799     6.85834     6.42737
  7.93290     7.59312     7.51926     7.42074     7.29806     7.15837     6.85853     6.42734
  7.93290     7.59346     7.51915     7.42081     7.29808     7.15788     6.85892     6.42738
  7.93290     7.59625     7.52057     7.42261     7.30017     7.15971     6.86126     6.42855
  7.93290     7.59662     7.52065     7.42231     7.30048     7.15969     6.86097     6.42857
  7.93290     7.59703     7.52114     7.42242     7.30091     7.15985     6.86096     6.42863
  7.93290     7.59697     7.52000     7.42229     7.30063     7.15962     6.86104     6.42858
  7.93290     7.59662     7.51875     7.42162     7.30014     7.15907     6.86097     6.42820
  7.93290     7.59644     7.51834     7.42110     7.30002     7.15873     6.86091     6.42796
  7.93290     7.59652     7.51852     7.42099     7.30031     7.15870     6.86115     6.42813
  7.93290     7.59642     7.51874     7.42077     7.30051     7.15961     6.86141     6.42845
  7.93290     7.59598     7.51862     7.42033     7.30050     7.16092     6.86106     6.42864
  7.93290     7.59569     7.51782     7.41998     7.30060     7.16081     6.86021     6.42855
  7.93290     7.59608     7.51698     7.42011     7.30108     7.16106     6.86008     6.42871
  7.93290     7.59785     7.51908     7.42233     7.30311     7.16287     6.86151     6.43040
  7.93290     7.59793     7.51906     7.42259     7.30350     7.16336     6.86243     6.43044
  7.93290     7.59826     7.51936     7.42331     7.30426     7.16395     6.86358     6.43108
  7.93290     7.59749     7.51825     7.42279     7.30447     7.16509     6.86344     6.43063
  7.93290     7.59776     7.51823     7.42310     7.30487     7.16552     6.86393     6.43066
  7.93290     7.59773     7.51826     7.42323     7.30510     7.16499     6.86371     6.43022
  7.93290     7.59770     7.51836     7.42368     7.30525     7.16482     6.86355     6.43010
  7.93290     7.59771     7.51801     7.42390     7.30528     7.16494     6.86367     6.43017
  7.93290     7.59809     7.51801     7.42442     7.30578     7.16551     6.86369     6.43052
  7.93290     7.59816     7.51826     7.42469     7.30598     7.16588     6.86274     6.43054
  7.93290     7.59788     7.51843     7.42453     7.30566     7.16583     6.86205     6.43037
  7.93290     7.59787     7.51857     7.42447     7.30550     7.16582     6.86216     6.43059
  7.93290     7.59755     7.51842     7.42377     7.30515     7.16557     6.86133     6.43029
  7.93290     7.59682     7.51825     7.42236     7.30446     7.16501     6.86075     6.42931
  7.93290     7.59609     7.51781     7.42167     7.30368     7.16451     6.85982     6.42894
  7.93290     7.59611     7.51761     7.42128     7.30314     7.16423     6.85893     6.42881
  7.93290     7.59550     7.51736     7.42081     7.30245     7.16385     6.85716     6.42836
  7.93290     7.59370     7.51648     7.41907     7.30082     7.16241     6.85391     6.42641
  7.93290     7.59309     7.51594     7.41861     7.30032     7.16179     6.85377     6.42560
  7.93290     7.59262     7.51573     7.41846     7.29998     7.16136     6.85366     6.42531
  7.93290     7.59203     7.51535     7.41804     7.29956     7.16098     6.85346     6.42506
  7.93290     7.59199     7.51513     7.41757     7.29918     7.16090     6.85335     6.42485
  7.93290     7.59219     7.51505     7.41751     7.29890     7.16098     6.85351     6.42475
  7.93290     7.59225     7.51507     7.41762     7.29867     7.16093     6.85315     6.42442
  7.93290     7.59232     7.51501     7.41765     7.29857     7.16090     6.85279     6.42413
  7.93290     7.59265     7.51483     7.41766     7.29861     7.16112     6.85309     6.42433
  7.93290     7.59321     7.51491     7.41767     7.29864     7.16126     6.85299     6.42457
  7.93290     7.59353     7.51511     7.41774     7.29846     7.16121     6.85270     6.42427
  7.93290     7.59356     7.51519     7.41715     7.29799     7.16102     6.85165     6.42348
  7.93290     7.59369     7.51507     7.41679     7.29776     7.16088     6.85133     6.42363
  7.93290     7.59376     7.51539     7.41675     7.29759     7.16101     6.85079     6.42425
  7.93290     7.59334     7.51502     7.41713     7.29629     7.16014     6.84918     6.42412
  7.93290     7.59313     7.51496     7.41673     7.29567     7.16015     6.84879     6.42405
  7.93290     7.59308     7.51513     7.41657     7.29556     7.16014     6.84877     6.42389
  7.93290     7.59323     7.51534     7.41635     7.29555     7.16009     6.84838     6.42399
  7.93290     7.59334     7.51535     7.41602     7.29523     7.15988     6.84804     6.42395
  7.93290     7.59313     7.51499     7.41551     7.29470     7.15938     6.84750     6.42367
  7.93290     7.59270     7.51452     7.41494     7.29414     7.15876     6.84716     6.42342
  7.93290     7.59220     7.51407     7.41452     7.29370     7.15833     6.84677     6.42316
  7.93290     7.59171     7.51371     7.41388     7.29346     7.15819     6.84593     6.42291
  7.93290     7.59144     7.51357     7.41286     7.29317     7.15807     6.84544     6.42289
  7.93290     7.59147     7.51319     7.41275     7.29262     7.15797     6.84515     6.42272
  7.93290     7.59187     7.51345     7.41319     7.29245     7.15832     6.84519     6.42266
  7.93290     7.59240     7.51377     7.41358     7.29247     7.15864     6.84542     6.42278
  7.93290     7.59304     7.51432     7.41418     7.29297     7.15931     6.84591     6.42336
  7.93290     7.59305     7.51435     7.41455     7.29179     7.15703     6.84552     6.42284
  7.93290     7.59249     7.51407     7.41347     7.29057     7.15595     6.84407     6.42236
  7.93290     7.59186     7.51376     7.41272     7.28960     7.15530     6.84324     6.42162
  7.93290     7.59141     7.51348     7.41239     7.28880     7.15499     6.84234     6.42133
  7.93290     7.59096     7.51269     7.41201     7.28896     7.15451     6.84162     6.42121
  7.93290     7.59066     7.51235     7.41163     7.28897     7.15406     6.84117     6.42107
  7.93290     7.59054     7.51245     7.41140     7.28861     7.15374     6.84095     6.42093
  7.93290     7.59079     7.51243     7.41149     7.28856     7.15382     6.84104     6.42125
  7.93290     7.59150     7.51243     7.41193     7.28882     7.15450     6.84139     6.42204
  7.93290     7.59193     7.51241     7.41225     7.28893     7.15496     6.84157     6.42225
  7.93290     7.59166     7.51224     7.41210     7.28854     7.15483     6.84119     6.42171
  7.93290     7.59139     7.51190     7.41200     7.28819     7.15477     6.84120     6.42145
  7.93290     7.59104     7.51170     7.41159     7.28770     7.15475     6.84168     6.42156
  7.93290     7.59075     7.51209     7.41155     7.28773     7.15488     6.84156     6.42163
  7.93290     7.59071     7.51093     7.41195     7.28635     7.15517     6.84312     6.42213
  7.93290     7.59080     7.51108     7.41225     7.28639     7.15556     6.84361     6.42241
  7.93290     7.59091     7.51116     7.41247     7.28640     7.15568     6.84471     6.42256
  7.93290     7.59149     7.51177     7.41310     7.28677     7.15633     6.84557     6.42276
  7.93290     7.59178     7.51220     7.41355     7.28722     7.15687     6.84653     6.42298
  7.93290     7.59205     7.51257     7.41373     7.28761     7.15721     6.84658     6.42309
  7.93290     7.59241     7.51291     7.41388     7.28796     7.15760     6.84632     6.42305
  7.93290     7.59290     7.51325     7.41407     7.28834     7.15811     6.84634     6.42338
  7.93290     7.59356     7.51374     7.41433     7.28871     7.15848     6.84613     6.42413
  7.93290     7.59400     7.51405     7.41465     7.28901     7.15853     6.84625     6.42446
  7.93290     7.59441     7.51413     7.41485     7.28929     7.15877     6.84688     6.42433
  7.93290     7.59473     7.51414     7.41503     7.28953     7.15883     6.84688     6.42414
  7.93290     7.59501     7.51485     7.41509     7.28970     7.15915     6.84664     6.42433
  7.93290     7.59509     7.51513     7.41535     7.29014     7.15953     6.84718     6.42470
  7.93290     7.59510     7.51567     7.41546     7.29074     7.15992     6.84754     6.42489
  7.93290     7.59491     7.51596     7.41564     7.29057     7.15991     6.84764     6.42494
  7.93290     7.59478     7.51602     7.41598     7.29064     7.16016     6.84765     6.42485
  7.93290     7.59473     7.51607     7.41620     7.29085     7.16034     6.84738     6.42488
  7.93290     7.59471     7.51612     7.41622     7.29100     7.16046     6.84726     6.42498
  7.93290     7.59475     7.51609     7.41631     7.29120     7.16048     6.84736     6.42522
  7.93290     7.59492     7.51510     7.41664     7.29150     7.16069     6.84782     6.42551
  7.93290     7.59505     7.51406     7.41700     7.29179     7.16098     6.84837     6.42553
  7.93290     7.59501     7.51418     7.41735     7.29216     7.16114     6.84891     6.42552
  7.93290     7.59497     7.51428     7.41800     7.29260     7.16150     6.84963     6.42588
  7.93290     7.59484     7.51425     7.41847     7.29278     7.16168     6.84959     6.42581
  7.93290     7.59481     7.51403     7.41843     7.29299     7.16179     6.84953     6.42558
  7.93290     7.59488     7.51417     7.41854     7.29323     7.16227     6.84915     6.42558
  7.93290     7.59494     7.51457     7.41909     7.29397     7.16269     6.84960     6.42614
  7.93290     7.59485     7.51412     7.41863     7.29443     7.16267     6.84723     6.42629
  7.93290     7.59463     7.51396     7.41867     7.29458     7.16257     6.84709     6.42638
  7.93290     7.59443     7.51410     7.41877     7.29463     7.16263     6.84674     6.42668
  7.93290     7.59408     7.51419     7.41870     7.29476     7.16267     6.84608     6.42683
  7.93290     7.59374     7.51507     7.41855     7.29492     7.16278     6.84593     6.42667
  7.93290     7.59331     7.51542     7.41849     7.29507     7.16290     6.84620     6.42629
  7.93290     7.59282     7.51500     7.41825     7.29498     7.16272     6.84613     6.42601
  7.93290     7.59248     7.51465     7.41803     7.29477     7.16249     6.84595     6.42594
  7.93290     7.59221     7.51456     7.41800     7.29466     7.16254     6.84627     6.42592
  7.93290     7.59178     7.51442     7.41766     7.29443     7.16249     6.84631     6.42586
  7.93290     7.59137     7.51377     7.41710     7.29418     7.16213     6.84534     6.42552
  7.93290     7.59119     7.51349     7.41608     7.29405     7.16200     6.84514     6.42522
  7.93290     7.59109     7.51373     7.41609     7.29433     7.16203     6.84521     6.42478
  7.93290     7.59076     7.51392     7.41585     7.29454     7.16187     6.84440     6.42486
  7.93290     7.59138     7.51213     7.41573     7.29467     7.16226     6.84402     6.42392
  7.93290     7.59132     7.51213     7.41547     7.29468     7.16216     6.84355     6.42403
  7.93290     7.59139     7.51238     7.41453     7.29466     7.16216     6.84326     6.42414
  7.93290     7.59150     7.51284     7.41439     7.29504     7.16233     6.84344     6.42443
  7.93290     7.59134     7.51304     7.41445     7.29518     7.16243     6.84353     6.42484
  7.93290     7.59116     7.51301     7.41387     7.29519     7.16244     6.84373     6.42484
  7.93290     7.59120     7.51313     7.41337     7.29526     7.16248     6.84357     6.42480
  7.93290     7.59131     7.51336     7.41335     7.29542     7.16256     6.84366     6.42495
  7.93290     7.59121     7.51343     7.41321     7.29556     7.16262     6.84420     6.42499
  7.93290     7.59106     7.51357     7.41312     7.29569     7.16282     6.84373     6.42508
  7.93290     7.59124     7.51407     7.41361     7.29633     7.16335     6.84375     6.42543
  7.93290     7.59171     7.51454     7.41409     7.29706     7.16399     6.84470     6.42578
  7.93290     7.59202     7.51487     7.41490     7.29785     7.16464     6.84575     6.42618
  7.93290     7.59213     7.51516     7.41501     7.29853     7.16508     6.84631     6.42654
  7.93290     7.59171     7.51499     7.41536     7.29960     7.16567     6.84695     6.42812
  7.93290     7.59132     7.51474     7.41516     7.29983     7.16562     6.84682     6.42830
  7.93290     7.59106     7.51443     7.41495     7.30001     7.16557     6.84657     6.42833
  7.93290     7.59087     7.51434     7.41499     7.30003     7.16555     6.84662     6.42815
  7.93290     7.59097     7.51460     7.41525     7.30030     7.16583     6.84709     6.42822
  7.93290     7.59122     7.51469     7.41544     7.30064     7.16606     6.84789     6.42833
  7.93290     7.59154     7.51480     7.41558     7.30075     7.16642     6.84830     6.42841
  7.93290     7.59172     7.51521     7.41570     7.30083     7.16698     6.84835     6.42852
  7.93290     7.59164     7.51551     7.41573     7.30103     7.16733     6.84847     6.42874
  7.93290     7.59150     7.51547     7.41574     7.30102     7.16732     6.84838     6.42906
  7.93290     7.59130     7.51540     7.41557     7.30053     7.16703     6.84801     6.42856
  7.93290     7.59123     7.51552     7.41537     7.29940     7.16676     6.84696     6.42698
  7.93290     7.59128     7.51546     7.41535     7.29948     7.16657     6.84659     6.42710
  7.93290     7.59299     7.51691     7.41649     7.30088     7.16803     6.84729     6.42828
  7.93290     7.59274     7.51662     7.41593     7.30026     7.16819     6.84566     6.42693
  7.93290     7.59265     7.51649     7.41570     7.29981     7.16840     6.84589     6.42659
  7.93290     7.59251     7.51628     7.41575     7.29953     7.16828     6.84607     6.42647
  7.93290     7.59221     7.51625     7.41563     7.29924     7.16809     6.84608     6.42619
  7.93290     7.59168     7.51597     7.41549     7.29891     7.16780     6.84586     6.42576
  7.93290     7.59136     7.51561     7.41507     7.29825     7.16740     6.84568     6.42558
  7.93290     7.59132     7.51545     7.41452     7.29758     7.16712     6.84573     6.42530
  7.93290     7.59093     7.51509     7.41366     7.29682     7.16650     6.84515     6.42425
  7.93290     7.59035     7.51455     7.41249     7.29616     7.16567     6.84386     6.42321
  7.93290     7.59043     7.51449     7.41184     7.29627     7.16555     6.84376     6.42324
  7.93290     7.59043     7.51448     7.41153     7.29603     7.16537     6.84464     6.42312
  7.93290     7.59055     7.51462     7.41137     7.29576     7.16508     6.84380     6.42299
  7.93290     7.59070     7.51489     7.41103     7.29537     7.16435     6.84324     6.42295
  7.93290     7.59124     7.51540     7.41129     7.29558     7.16478     6.84400     6.42381
  7.93290     7.59344     7.51634     7.41094     7.29531     7.16488     6.84532     6.42431
  7.93290     7.59410     7.51668     7.41134     7.29559     7.16521     6.84581     6.42472
  7.93290     7.59506     7.51732     7.41179     7.29623     7.16552     6.84634     6.42528
  7.93290     7.59559     7.51792     7.41310     7.29681     7.16582     6.84636     6.42529
  7.93290     7.59569     7.51801     7.41354     7.29720     7.16592     6.85032     6.42511
  7.93290     7.59569     7.51784     7.41342     7.29735     7.16594     6.85344     6.42511
  7.93290     7.59562     7.51752     7.41339     7.29744     7.16703     6.85433     6.42516
  7.93290     7.59551     7.51732     7.41350     7.29769     7.16837     6.85513     6.42524
  7.93290     7.59523     7.51747     7.41376     7.29815     7.16879     6.85582     6.42539
  7.93290     7.59478     7.51758     7.41391     7.29861     7.16929     6.85668     6.42553
  7.93290     7.59483     7.51759     7.41400     7.29883     7.16952     6.85713     6.42579
  7.93290     7.59448     7.51741     7.41421     7.29923     7.16970     6.85695     6.42584
  7.93290     7.59455     7.51784     7.41457     7.29998     7.17041     6.85762     6.42612
  7.93290     7.59494     7.51830     7.41547     7.30088     7.17099     6.85788     6.42676
  7.93290     7.59514     7.51901     7.41596     7.30211     7.17172     6.86109     6.42700
  7.93290     7.59502     7.51877     7.41592     7.30248     7.17182     6.86071     6.42746
  7.93290     7.59480     7.51867     7.41567     7.30250     7.17177     6.86152     6.42730
  7.93290     7.59486     7.51855     7.41575     7.30246     7.17180     6.86164     6.42707
  7.93290     7.59503     7.51855     7.41603     7.30258     7.17201     6.86206     6.42695
  7.93290     7.59511     7.51852     7.41643     7.30218     7.17219     6.86212     6.42696
  7.93290     7.59499     7.51846     7.41676     7.30171     7.17224     6.86157     6.42698
  7.93290     7.59496     7.51839     7.41707     7.30188     7.17252     6.86126     6.42724
  7.93290     7.59511     7.51844     7.41729     7.30239     7.17311     6.86105     6.42886
  7.93290     7.59498     7.51869     7.41710     7.30291     7.17350     6.86047     6.43135
  7.93290     7.59472     7.51867     7.41733     7.30333     7.17378     6.86009     6.43169
  7.93290     7.59443     7.51856     7.41811     7.30344     7.17402     6.86005     6.43187
  7.93290     7.59394     7.51846     7.41846     7.30359     7.17420     6.86054     6.43135
  7.93290     7.59311     7.51799     7.41841     7.30342     7.17409     6.86091     6.43107
  7.93290     7.59244     7.51767     7.41885     7.30218     7.17468     6.85979     6.43163
  7.93290     7.59196     7.51717     7.41851     7.30181     7.17464     6.85858     6.43146
  7.93290     7.59122     7.51745     7.41795     7.30145     7.17419     6.85787     6.43106
  7.93290     7.59080     7.51740     7.41771     7.30140     7.17414     6.85771     6.43064
  7.93290     7.59079     7.51726     7.41739     7.30132     7.17430     6.85773     6.43052
  7.93290     7.59079     7.51706     7.41691     7.30097     7.17419     6.85717     6.43049
  7.93290     7.59092     7.51713     7.41652     7.30056     7.17425     6.85679     6.43051
  7.93290     7.59120     7.51751     7.41640     7.30042     7.17448     6.85675     6.43062
  7.93290     7.59159     7.51789     7.41636     7.30047     7.17451     6.85648     6.43081
  7.93290     7.59212     7.51822     7.41604     7.30034     7.17456     6.85619     6.43104
  7.93290     7.59213     7.51823     7.41543     7.29984     7.17436     6.85532     6.43089
  7.93290     7.59236     7.51856     7.41479     7.29923     7.17416     6.85457     6.43066
  7.93290     7.59261     7.51852     7.41407     7.29871     7.17394     6.85343     6.43041
  7.93290     7.59283     7.51886     7.41316     7.29820     7.17350     6.85281     6.43032
  7.93290     7.59258     7.51859     7.41032     7.29642     7.17191     6.85051     6.42974
  7.93290     7.59259     7.51857     7.40953     7.29543     7.17159     6.85050     6.42956
  7.93290     7.59262     7.51835     7.40903     7.29470     7.17079     6.85037     6.42910
  7.93290     7.59276     7.51846     7.40875     7.29439     7.17079     6.85036     6.42882
  7.93290     7.59294     7.51857     7.40832     7.29408     7.17087     6.85033     6.42854
  7.93290     7.59315     7.51859     7.40785     7.29369     7.17061     6.85007     6.42834
  7.93290     7.59318     7.51855     7.40744     7.29304     7.16994     6.84977     6.42821
  7.93290     7.59296     7.51832     7.40701     7.29233     7.16916     6.84953     6.42793
  7.93290     7.59254     7.51752     7.40599     7.29175     7.16845     6.84914     6.42744
  7.93290     7.59188     7.51645     7.40450     7.29105     7.16760     6.84861     6.42702
  7.93290     7.59143     7.51629     7.40422     7.29034     7.16706     6.84803     6.42696
  7.93290     7.59135     7.51603     7.40392     7.28928     7.16659     6.84724     6.42699
  7.93290     7.59150     7.51555     7.40355     7.28906     7.16643     6.84657     6.42656
  7.93290     7.59189     7.51587     7.40384     7.28908     7.16566     6.84762     6.42649
  7.93290     7.59221     7.51630     7.40415     7.28836     7.16572     6.84723     6.42598
  7.93290     7.59213     7.51657     7.40389     7.28801     7.16626     6.84690     6.42639
  7.93290     7.59200     7.51657     7.40362     7.28760     7.16605     6.84653     6.42626
  7.93290     7.59175     7.51547     7.40298     7.28691     7.16552     6.84609     6.42583
  7.93290     7.59114     7.51444     7.40221     7.28610     7.16489     6.84542     6.42525
  7.93290     7.59069     7.51405     7.40167     7.28571     7.16443     6.84503     6.42457
  7.93290     7.59038     7.51382     7.40147     7.28555     7.16413     6.84488     6.42407
  7.93290     7.59005     7.51439     7.40144     7.28547     7.16390     6.84481     6.42376
  7.93290     7.58989     7.51550     7.40144     7.28544     7.16380     6.84517     6.42342
  7.93290     7.58988     7.51538     7.40149     7.28520     7.16383     6.84555     6.42307
  7.93290     7.58983     7.51537     7.40164     7.28501     7.16375     6.84507     6.42266
  7.93290     7.58988     7.51538     7.40204     7.28511     7.16374     6.84512     6.42246
  7.93290     7.58982     7.51528     7.40246     7.28530     7.16381     6.84499     6.42206
  7.93290     7.58947     7.51493     7.40251     7.28488     7.16349     6.84561     6.42174
  7.93290     7.58855     7.51457     7.40295     7.28503     7.16310     6.84517     6.42155
  7.93290     7.58860     7.51491     7.40317     7.28517     7.16346     6.84576     6.42163
  7.93290     7.58862     7.51417     7.40333     7.28531     7.16387     6.84616     6.42179
  7.93290     7.58856     7.51388     7.40338     7.28527     7.16418     6.84629     6.42171
  7.93290     7.58872     7.51408     7.40368     7.28543     7.16456     6.84670     6.42178
  7.93290     7.58879     7.51420     7.40393     7.28548     7.16477     6.84673     6.42193
  7.93290     7.58891     7.51437     7.40426     7.28574     7.16490     6.84637     6.42196
  7.93290     7.58931     7.51476     7.40472     7.28630     7.16517     6.84634     6.42202
  7.93290     7.58979     7.51521     7.40531     7.28687     7.16557     6.84667     6.42234
  7.93290     7.59024     7.51564     7.40616     7.28753     7.16603     6.84666     6.42285
  7.93290     7.59069     7.51591     7.40651     7.28793     7.16634     6.84623     6.42308
  7.93290     7.59136     7.51600     7.40722     7.28852     7.16693     6.84707     6.42313
  7.93290     7.59273     7.51593     7.40755     7.28895     7.16725     6.84814     6.42283
  7.93290     7.59268     7.51649     7.40852     7.28995     7.16823     6.84812     6.42285
