  7.91655     7.71150     7.66305     7.57739     7.47110     7.35927     7.13439     6.66274
  7.91646     7.71179     7.66296     7.57732     7.47094     7.35890     7.13441     6.66235
  7.91618     7.71179     7.66280     7.57692     7.47115     7.35846     7.13419     6.66211
  7.91593     7.71197     7.66257     7.57676     7.47089     7.35812     7.13395     6.66176
  7.91573     7.71168     7.66233     7.57631     7.47113     7.35751     7.13344     6.66156
  7.91553     7.71167     7.66193     7.57610     7.47093     7.35702     7.13295     6.66086
  7.91553     7.71132     7.66147     7.57549     7.47061     7.35630     7.13221     6.66058
  7.91570     7.71118     7.66096     7.57518     7.47027     7.35568     7.13158     6.66006
  7.91585     7.71077     7.66046     7.57448     7.46970     7.35504     7.13081     6.65966
  7.91622     7.71046     7.65994     7.57401     7.46940     7.35455     7.12994     6.65916
  7.91640     7.70986     7.65940     7.57351     7.46884     7.35385     7.12924     6.65904
  7.91632     7.70947     7.65896     7.57316     7.46848     7.35327     7.12846     6.65848
  7.91632     7.70947     7.65896     7.57316     7.46848     7.35327     7.12846     6.65848
  7.91614     7.70901     7.65850     7.57292     7.46784     7.35265     7.12809     6.65821
  7.91574     7.70882     7.65823     7.57266     7.46723     7.35239     7.12721     6.65798
  7.91539     7.70865     7.65788     7.57239     7.46651     7.35216     7.12714     6.65762
  7.91517     7.70858     7.65756     7.57223     7.46612     7.35216     7.12671     6.65762
  7.91496     7.70845     7.65735     7.57192     7.46547     7.35207     7.12717     6.65768
  7.91494     7.70817     7.65704     7.57179     7.46521     7.35196     7.12715     6.65784
  7.91532     7.70806     7.65675     7.57157     7.46470     7.35167     7.12759     6.65820
  7.91497     7.70766     7.65653     7.57133     7.46467     7.35158     7.12740     6.65859
  7.91507     7.70762     7.65621     7.57117     7.46429     7.35128     7.12721     6.65904
  7.91451     7.70739     7.65604     7.57100     7.46399     7.35119     7.12710     6.65948
  7.91389     7.70735     7.65584     7.57090     7.46368     7.35118     7.12732     6.65985
  7.91358     7.70703     7.65580     7.57086     7.46335     7.35110     7.12715     6.66059
  7.91334     7.70686     7.65554     7.57098     7.46310     7.35122     7.12758     6.66111
  7.91341     7.70633     7.65532     7.57100     7.46321     7.35124     7.12806     6.66148
  7.91356     7.70603     7.65507     7.57121     7.46309     7.35136     7.12844     6.66196
  7.91378     7.70557     7.65486     7.57116     7.46318     7.35120     7.12885     6.66226
  7.91439     7.70540     7.65452     7.57103     7.46323     7.35138     7.12882     6.66216
  7.91466     7.70499     7.65441     7.57088     7.46322     7.35125     7.12867     6.66263
  7.91523     7.70476     7.65413     7.57078     7.46349     7.35150     7.12874     6.66243
  7.91525     7.70440     7.65410     7.57070     7.46362     7.35153     7.12896     6.66239
  7.91541     7.70428     7.65394     7.57083     7.46382     7.35185     7.12947     6.66218
  7.91532     7.70412     7.65395     7.57088     7.46377     7.35188     7.12990     6.66198
  7.91538     7.70440     7.65395     7.57113     7.46399     7.35217     7.12987     6.66168
  7.91547     7.70456     7.65395     7.57126     7.46391     7.35226     7.13013     6.66171
  7.91557     7.70510     7.65417     7.57161     7.46411     7.35259     7.13030     6.66143
  7.91552     7.70557     7.65441     7.57189     7.46424     7.35276     7.13104     6.66146
  7.91563     7.70620     7.65475     7.57210     7.46455     7.35315     7.13156     6.66153
  7.91558     7.70680     7.65519     7.57238     7.46443     7.35335     7.13235     6.66180
  7.91558     7.70680     7.65519     7.57238     7.46443     7.35335     7.13235     6.66180
  7.91556     7.70784     7.65563     7.57249     7.46478     7.35363     7.13250     6.66208
  7.91553     7.70855     7.65617     7.57264     7.46474     7.35371     7.13281     6.66247
  7.91553     7.70958     7.65679     7.57275     7.46522     7.35384     7.13326     6.66261
  7.91572     7.71033     7.65732     7.57305     7.46544     7.35400     7.13365     6.66271
  7.91592     7.71083     7.65796     7.57324     7.46608     7.35424     7.13429     6.66246
  7.91635     7.71142     7.65843     7.57371     7.46675     7.35457     7.13491     6.66266
  7.91680     7.71182     7.65895     7.57412     7.46734     7.35490     7.13541     6.66277
  7.91697     7.71237     7.65934     7.57458     7.46809     7.35541     7.13605     6.66290
  7.91729     7.71248     7.65975     7.57489     7.46865     7.35579     7.13628     6.66339
  7.91725     7.71275     7.66006     7.57531     7.46924     7.35632     7.13674     6.66359
  7.91739     7.71255     7.66036     7.57560     7.46974     7.35655     7.13726     6.66387
  7.91760     7.71273     7.66057     7.57615     7.47030     7.35693     7.13743     6.66400
  7.91790     7.71249     7.66079     7.57642     7.47087     7.35703     7.13781     6.66426
  7.91833     7.71277     7.66094     7.57693     7.47147     7.35749     7.13800     6.66427
  7.91864     7.71283     7.66115     7.57713     7.47181     7.35782     7.13830     6.66364
  7.91870     7.71321     7.66140     7.57772     7.47144     7.35847     7.13876     6.66365
  7.91863     7.71358     7.66181     7.57822     7.47166     7.35877     7.13989     6.66295
  7.91835     7.71411     7.66218     7.57889     7.47117     7.35923     7.14054     6.66340
  7.91807     7.71448     7.66272     7.57943     7.47138     7.35950     7.14116     6.66359
  7.91788     7.71490     7.66311     7.57997     7.47164     7.35985     7.14144     6.66407
  7.91780     7.71519     7.66287     7.58040     7.47171     7.36017     7.14157     6.66444
  7.91770     7.71569     7.66328     7.58088     7.47184     7.36050     7.14151     6.66476
  7.91780     7.71601     7.66296     7.58120     7.47190     7.36077     7.14159     6.66498
  7.91790     7.71645     7.66350     7.58157     7.47207     7.36098     7.14183     6.66546
  7.91821     7.71673     7.66466     7.58182     7.47224     7.36116     7.14212     6.66383
  7.91833     7.71695     7.66513     7.58208     7.47452     7.36134     7.14222     6.66410
  7.91858     7.71707     7.66602     7.58242     7.47454     7.36153     7.14266     6.66235
  7.91821     7.71710     7.66615     7.58271     7.47669     7.36166     7.14271     6.66254
  7.91821     7.71710     7.66615     7.58271     7.47669     7.36166     7.14271     6.66254
  7.91839     7.71697     7.66619     7.58292     7.47653     7.36189     7.14272     6.66235
  7.91812     7.71686     7.66622     7.58316     7.47656     7.36187     7.14284     6.66238
  7.91830     7.71672     7.66623     7.58347     7.47660     7.36208     7.14290     6.66199
  7.91833     7.71637     7.66630     7.58363     7.47681     7.36186     7.14280     6.66173
  7.91840     7.71634     7.66615     7.58384     7.47694     7.36223     7.14274     6.66129
  7.91823     7.71598     7.66615     7.58390     7.47694     7.36215     7.14259     6.66117
  7.91808     7.71580     7.66617     7.58396     7.47697     7.36240     7.14219     6.66089
  7.91785     7.71570     7.66603     7.58395     7.47672     7.36226     7.14201     6.66095
  7.91747     7.71573     7.66605     7.58394     7.47667     7.36225     7.14243     6.66085
  7.91681     7.71572     7.66589     7.58386     7.47621     7.36193     7.14242     6.66080
  7.91642     7.71594     7.66570     7.58368     7.47592     7.36190     7.14289     6.66073
  7.91580     7.71592     7.66566     7.58345     7.47557     7.36172     7.14278     6.66066
  7.91540     7.71606     7.66556     7.58324     7.47532     7.36154     7.14235     6.66066
  7.91510     7.71580     7.66548     7.58302     7.47499     7.36136     7.14219     6.66051
  7.91477     7.71596     7.66542     7.58272     7.47493     7.36165     7.14199     6.66031
  7.91438     7.71584     7.66540     7.58241     7.47443     7.36136     7.14176     6.66024
  7.91405     7.71599     7.66527     7.58229     7.47424     7.36170     7.14184     6.66020
  7.91390     7.71602     7.66499     7.58204     7.47378     7.36132     7.14170     6.66005
  7.91379     7.71619     7.66466     7.58208     7.47368     7.36103     7.14170     6.66030
  7.91382     7.71605     7.66429     7.58194     7.47332     7.36089     7.14159     6.66009
  7.91407     7.71609     7.66386     7.58195     7.47326     7.36065     7.14164     6.66004
  7.91438     7.71579     7.66355     7.58186     7.47299     7.36067     7.14128     6.65992
  7.91493     7.71557     7.66338     7.58191     7.47295     7.36052     7.14096     6.66004
  7.91554     7.71484     7.66300     7.58200     7.47279     7.36037     7.14066     6.65979
  7.91621     7.71463     7.66284     7.58235     7.47274     7.35981     7.14017     6.66022
  7.91672     7.71392     7.66256     7.58250     7.47253     7.35968     7.13977     6.66015
  7.91698     7.71374     7.66247     7.58273     7.47241     7.35909     7.13963     6.66059
  7.91719     7.71349     7.66213     7.58274     7.47203     7.35897     7.13925     6.66091
  7.91719     7.71349     7.66213     7.58274     7.47203     7.35897     7.13925     6.66091
  7.91719     7.71332     7.66200     7.58257     7.47181     7.35862     7.13948     6.66105
  7.91720     7.71318     7.66169     7.58253     7.47147     7.35843     7.13915     6.66114
  7.91718     7.71304     7.66147     7.58230     7.47115     7.35798     7.13937     6.66111
  7.91727     7.71293     7.66121     7.58221     7.47090     7.35790     7.13895     6.66107
  7.91732     7.71276     7.66098     7.58193     7.47037     7.35752     7.13883     6.66115
  7.91748     7.71279     7.66062     7.58169     7.47005     7.35728     7.13858     6.66097
  7.91758     7.71271     7.66033     7.58154     7.46941     7.35808     7.13832     6.66115
  7.91774     7.71276     7.66006     7.58125     7.46917     7.35763     7.13789     6.66112
  7.91777     7.71263     7.65980     7.58122     7.46865     7.35832     7.13788     6.66168
  7.91802     7.71246     7.65953     7.58096     7.46851     7.35790     7.13718     6.66171
  7.91818     7.71217     7.65913     7.58080     7.46795     7.35730     7.13704     6.66187
  7.91843     7.71184     7.65873     7.58049     7.46765     7.35687     7.13651     6.66175
  7.91950     7.71148     7.65829     7.58027     7.46718     7.35649     7.13586     6.66123
  7.91978     7.71123     7.65788     7.57998     7.46702     7.35611     7.13506     6.66145
  7.92096     7.71074     7.65753     7.57976     7.46673     7.35592     7.13499     6.66119
  7.92140     7.71020     7.65720     7.57963     7.46659     7.35562     7.13465     6.66127
  7.92178     7.70977     7.65702     7.57942     7.46647     7.35532     7.13478     6.66114
  7.92212     7.70946     7.65682     7.57913     7.46624     7.35503     7.13491     6.66103
  7.92245     7.70938     7.65684     7.57911     7.46615     7.35478     7.13460     6.66120
  7.92274     7.70978     7.65683     7.57887     7.46598     7.35450     7.13450     6.66160
  7.92297     7.70998     7.65703     7.57881     7.46591     7.35443     7.13456     6.66173
  7.92317     7.71054     7.65735     7.57882     7.46597     7.35435     7.13527     6.66235
  7.92437     7.71091     7.65773     7.57880     7.46589     7.35457     7.13545     6.66259
  7.92453     7.71153     7.65822     7.57889     7.46615     7.35476     7.13638     6.66297
  7.92569     7.71241     7.65866     7.57907     7.46626     7.35514     7.13684     6.66361
  7.92585     7.71423     7.65924     7.57932     7.46641     7.35608     7.13657     6.66443
  7.92594     7.71534     7.65989     7.57973     7.46665     7.35666     7.13718     6.66537
  7.92603     7.71718     7.66077     7.58006     7.46682     7.35763     7.13741     6.66614
  7.92623     7.71816     7.66167     7.58103     7.46724     7.35825     7.13803     6.66712
  7.92623     7.71816     7.66167     7.58103     7.46724     7.35825     7.13803     6.66712
  7.92646     7.71886     7.66259     7.58149     7.46767     7.35876     7.13896     6.66775
  7.92659     7.71976     7.66350     7.58255     7.46841     7.35936     7.14010     6.66863
  7.92683     7.72026     7.66427     7.58299     7.46899     7.36015     7.14085     6.66934
  7.92692     7.72083     7.66496     7.58355     7.46977     7.36101     7.14168     6.67003
  7.92715     7.72096     7.66561     7.58410     7.47038     7.36189     7.14250     6.67037
  7.92733     7.72133     7.66605     7.58476     7.47131     7.36271     7.14302     6.67084
  7.92754     7.72028     7.66651     7.58560     7.47209     7.36371     7.14356     6.67106
  7.92781     7.72069     7.66674     7.58641     7.47318     7.36426     7.14394     6.67137
  7.92805     7.71966     7.66713     7.58702     7.47384     7.36536     7.14436     6.67168
  7.92838     7.71988     7.66727     7.58793     7.47464     7.36564     7.14453     6.67181
  7.92863     7.71990     7.66760     7.58832     7.47513     7.36644     7.14452     6.67189
  7.92904     7.72010     7.66779     7.58912     7.47585     7.36659     7.14510     6.67200
  7.92916     7.72008     7.66802     7.58952     7.47635     7.36718     7.14488     6.67219
  7.92937     7.72031     7.66826     7.58975     7.47699     7.36743     7.14530     6.67208
  7.92928     7.72039     7.66842     7.58999     7.47750     7.36761     7.14512     6.67205
  7.92908     7.72062     7.66856     7.59000     7.47789     7.36783     7.14478     6.67182
  7.92868     7.72059     7.66874     7.59014     7.47822     7.36795     7.14451     6.67169
  7.92830     7.72095     7.66894     7.59020     7.47853     7.36793     7.14452     6.67132
  7.92782     7.72081     7.66916     7.59016     7.47882     7.36810     7.14403     6.67128
  7.92755     7.72099     7.66934     7.59037     7.47890     7.36793     7.14424     6.67093
  7.92726     7.72104     7.66949     7.59031     7.47917     7.36785     7.14402     6.67057
  7.92732     7.72110     7.66961     7.59047     7.47913     7.36764     7.14365     6.67016
  7.92734     7.72110     7.66972     7.59046     7.47927     7.36761     7.14350     6.66967
  7.92750     7.72089     7.66988     7.59054     7.47918     7.36762     7.14332     6.66926
  7.92762     7.72071     7.66998     7.59052     7.47947     7.36760     7.14275     6.66859
  7.92786     7.72040     7.66982     7.59063     7.47949     7.36762     7.14252     6.66805
  7.92793     7.72023     7.66964     7.59080     7.47965     7.36751     7.14220     6.66732
  7.92817     7.72001     7.66944     7.59090     7.48036     7.36732     7.14172     6.66670
  7.92817     7.72001     7.66944     7.59090     7.48036     7.36732     7.14172     6.66670
  7.92830     7.71991     7.66908     7.59090     7.48050     7.36705     7.14142     6.66602
  7.92835     7.71937     7.66898     7.59098     7.48125     7.36635     7.14089     6.66539
  7.92838     7.71909     7.66876     7.59099     7.48156     7.36593     7.14006     6.66491
  7.92838     7.71859     7.66861     7.59109     7.48169     7.36520     7.13913     6.66414
  7.92832     7.71842     7.66858     7.59116     7.48180     7.36476     7.13840     6.66351
  7.92836     7.71819     7.66853     7.59105     7.48187     7.36450     7.13760     6.66289
  7.92834     7.71825     7.66847     7.59096     7.48177     7.36406     7.13728     6.66235
  7.92836     7.71835     7.66844     7.59069     7.48177     7.36392     7.13662     6.66200
  7.92834     7.71863     7.66826     7.59053     7.48171     7.36346     7.13608     6.66162
  7.92827     7.71889     7.66824     7.59041     7.48274     7.36336     7.13584     6.66170
  7.92825     7.71926     7.66808     7.58984     7.48263     7.36307     7.13529     6.66153
  7.92823     7.71946     7.66814     7.58974     7.48368     7.36295     7.13543     6.66173
  7.92842     7.71985     7.66822     7.58923     7.48369     7.36273     7.13554     6.66174
  7.92870     7.71989     7.66817     7.58913     7.48365     7.36273     7.13528     6.66178
  7.92897     7.72018     7.66844     7.58952     7.48358     7.36258     7.13563     6.66206
  7.92924     7.72002     7.66844     7.58942     7.48372     7.36264     7.13512     6.66220
  7.92943     7.72021     7.66851     7.58990     7.48356     7.36259     7.13481     6.66262
  7.92976     7.72006     7.66862     7.58995     7.48374     7.36263     7.13491     6.66284
  7.93015     7.72029     7.66863     7.59011     7.48372     7.36254     7.13486     6.66323
  7.93090     7.72029     7.66855     7.59025     7.48388     7.36253     7.13506     6.66346
  7.93158     7.72035     7.66862     7.59038     7.48396     7.36263     7.13545     6.66393
  7.93250     7.72028     7.66850     7.59041     7.48419     7.36267     7.13541     6.66419
  7.93342     7.72018     7.66844     7.59035     7.48433     7.36293     7.13545     6.66470
  7.93436     7.72012     7.66840     7.59023     7.48460     7.36301     7.13556     6.66489
  7.93508     7.71991     7.66832     7.59046     7.48467     7.36318     7.13564     6.66542
  7.93565     7.71957     7.66825     7.59037     7.48478     7.36308     7.13571     6.66597
  7.93592     7.71965     7.66831     7.59068     7.48467     7.36318     7.13559     6.66632
  7.93604     7.71943     7.66822     7.59068     7.48459     7.36307     7.13550     6.66683
  7.93604     7.71943     7.66822     7.59068     7.48459     7.36307     7.13550     6.66683
  7.93633     7.71956     7.66818     7.59075     7.48442     7.36316     7.13519     6.66705
  7.93670     7.71990     7.66811     7.59073     7.48432     7.36312     7.13531     6.66715
  7.93717     7.71974     7.66798     7.59059     7.48420     7.36313     7.13492     6.66736
  7.93766     7.71991     7.66778     7.59062     7.48404     7.36281     7.13529     6.66733
  7.93795     7.71970     7.66760     7.59062     7.48391     7.36278     7.13462     6.66755
  7.93807     7.71982     7.66732     7.59061     7.48362     7.36231     7.13444     6.66741
  7.93815     7.71962     7.66697     7.59090     7.48355     7.36252     7.13378     6.66759
  7.93814     7.71902     7.66667     7.59076     7.48314     7.36219     7.13294     6.66743
  7.93824     7.71867     7.66631     7.59084     7.48303     7.36156     7.13221     6.66750
  7.93852     7.71786     7.66595     7.59088     7.48260     7.36126     7.13175     6.66751
  7.93882     7.71725     7.66550     7.59086     7.48265     7.36034     7.13139     6.66758
  7.93936     7.71693     7.66510     7.59104     7.48235     7.36013     7.13138     6.66736
  7.93986     7.71641     7.66467     7.59096     7.48236     7.35990     7.13170     6.66764
  7.94031     7.71623     7.66445     7.59075     7.48200     7.35980     7.13106     6.66751
  7.94074     7.71600     7.66425     7.59045     7.48183     7.35944     7.13069     6.66761
  7.94099     7.71599     7.66421     7.59019     7.48151     7.35927     7.12994     6.66770
  7.94115     7.71585     7.66408     7.58987     7.48136     7.35877     7.12940     6.66791
  7.94125     7.71579     7.66405     7.58952     7.48128     7.35852     7.12875     6.66799
  7.94132     7.71572     7.66402     7.58925     7.48111     7.35810     7.12877     6.66824
  7.94143     7.71586     7.66407     7.58894     7.48081     7.35794     7.12843     6.66875
  7.94145     7.71632     7.66417     7.58826     7.47953     7.35769     7.12826     6.66898
  7.94152     7.71675     7.66422     7.58820     7.47915     7.35763     7.12854     6.66950
  7.94144     7.71738     7.66440     7.58765     7.47785     7.35754     7.12874     6.66984
  7.94125     7.71778     7.66468     7.58767     7.47773     7.35763     7.12918     6.67019
  7.94103     7.71834     7.66503     7.58770     7.47766     7.35760     7.12937     6.67051
  7.94067     7.71869     7.66544     7.58779     7.47772     7.35773     7.12934     6.67126
  7.94038     7.71937     7.66581     7.58778     7.47786     7.35783     7.12909     6.67174
  7.94023     7.71976     7.66604     7.58767     7.47790     7.35800     7.12904     6.67240
  7.94023     7.71976     7.66604     7.58767     7.47790     7.35800     7.12904     6.67240
  7.94152     7.72357     7.66699     7.59091     7.47743     7.35640     7.13107     6.66453
  7.94181     7.72394     7.66735     7.59099     7.47767     7.35660     7.13119     6.66491
  7.94267     7.72918     7.67019     7.59385     7.48308     7.35961     7.12476     6.65684
  7.94309     7.72944     7.67074     7.59405     7.48341     7.35979     7.12459     6.65760
  7.94266     7.73145     7.67296     7.59351     7.48957     7.36472     7.11644     6.65819
  7.94322     7.73155     7.67351     7.59353     7.48987     7.36500     7.11648     6.65893
  7.94349     7.73182     7.67393     7.59349     7.49012     7.36523     7.11682     6.65989
  7.94405     7.73190     7.67444     7.59354     7.49053     7.36548     7.11711     6.66084
  7.94428     7.73219     7.67486     7.59378     7.49085     7.36584     7.11753     6.66146
  7.94457     7.73232     7.67507     7.59385     7.49129     7.36609     7.11789     6.66249
  7.94479     7.73276     7.67557     7.59419     7.49156     7.36657     7.11851     6.66315
  7.94509     7.73297     7.67562     7.59436     7.49201     7.36685     7.11875     6.66383
  7.94525     7.73323     7.67605     7.59470     7.49231     7.36743     7.11922     6.66453
  7.94555     7.73368     7.67615     7.59508     7.49275     7.36781     7.11939     6.66508
  7.94577     7.73386     7.67652     7.59555     7.49319     7.36836     7.12022     6.66545
  7.94642     7.73425     7.67658     7.59613     7.49376     7.36881     7.12070     6.66591
  7.94679     7.73430     7.67670     7.59673     7.49412     7.36922     7.12122     6.66618
  7.94732     7.73430     7.67665     7.59719     7.49457     7.36961     7.12152     6.66653
  7.94749     7.73434     7.67667     7.59775     7.49472     7.37014     7.12147     6.66681
  7.94739     7.73430     7.67680     7.59791     7.49507     7.37023     7.12153     6.66719
  7.94750     7.73423     7.67692     7.59855     7.49453     7.37065     7.12182     6.66734
  7.94772     7.73416     7.67722     7.59888     7.49478     7.37071     7.12222     6.66745
  7.94805     7.73402     7.67728     7.59845     7.49413     7.37109     7.12260     6.66747
  7.94849     7.73381     7.67728     7.59874     7.49426     7.37135     7.12285     6.66770
  7.94885     7.73355     7.67745     7.59787     7.49417     7.37154     7.12222     6.66762
  7.94914     7.73316     7.67732     7.59778     7.49412     7.37164     7.12225     6.66785
  7.94942     7.73266     7.67745     7.59760     7.49433     7.37147     7.12115     6.66791
  7.94975     7.73207     7.67709     7.59741     7.49425     7.37149     7.12147     6.66759
  7.94975     7.73207     7.67709     7.59741     7.49425     7.37149     7.12147     6.66759
  7.94998     7.73161     7.67702     7.59722     7.49440     7.37126     7.12119     6.66761
  7.94989     7.73113     7.67657     7.59712     7.49437     7.37084     7.12142     6.66732
  7.94976     7.73077     7.67647     7.59750     7.49420     7.37055     7.12134     6.66722
  7.94921     7.73049     7.67601     7.59740     7.49399     7.37020     7.12211     6.66685
  7.94864     7.73023     7.67563     7.59750     7.49366     7.36982     7.12119     6.66669
  7.94800     7.73004     7.67520     7.59734     7.49338     7.36980     7.12166     6.66639
  7.94753     7.72976     7.67460     7.59676     7.49319     7.36948     7.12118     6.66604
  7.94703     7.72950     7.67430     7.59654     7.49289     7.36928     7.12065     6.66573
  7.94667     7.72923     7.67390     7.59604     7.49251     7.36891     7.12050     6.66505
  7.94626     7.72874     7.67358     7.59561     7.49215     7.36859     7.11968     6.66449
  7.94582     7.72828     7.67304     7.59511     7.49173     7.36802     7.11929     6.66376
  7.94530     7.72776     7.67276     7.59486     7.49124     7.36765     7.11874     6.66309
  7.94495     7.72731     7.67226     7.59433     7.49103     7.36707     7.11826     6.66259
  7.94461     7.72705     7.67196     7.59428     7.49055     7.36680     7.11805     6.66173
  7.94434     7.72673     7.67156     7.59390     7.49013     7.36632     7.11785     6.66100
  7.94418     7.72667     7.67116     7.59366     7.48967     7.36611     7.11706     6.66022
  7.94389     7.72631     7.67085     7.59323     7.48929     7.36560     7.11682     6.65929
  7.94367     7.72619     7.67053     7.59293     7.48867     7.36519     7.11605     6.65878
  7.94367     7.72583     7.67021     7.59232     7.48840     7.36458     7.11501     6.65809
  7.94381     7.72558     7.67008     7.59207     7.48791     7.36386     7.11424     6.65745
  7.94419     7.72532     7.66974     7.59170     7.48760     7.36328     7.11314     6.65709
  7.94457     7.72503     7.66955     7.59150     7.48738     7.36257     7.11193     6.65649
  7.94481     7.72499     7.66935     7.59141     7.48722     7.36223     7.11131     6.65619
  7.94479     7.72496     7.66938     7.59144     7.48698     7.36180     7.11051     6.65574
  7.94472     7.72505     7.66929     7.59025     7.48667     7.36171     7.10977     6.65493
  7.94464     7.72517     7.66941     7.59035     7.48647     7.36141     7.10918     6.65458
  7.94465     7.72538     7.66945     7.58928     7.48620     7.36126     7.10858     6.65363
  7.94491     7.72536     7.66944     7.58925     7.48586     7.36088     7.10809     6.65345
  7.94491     7.72536     7.66944     7.58925     7.48586     7.36088     7.10809     6.65345
  7.94523     7.72545     7.66937     7.58937     7.48572     7.36068     7.10784     6.65300
  7.94562     7.72510     7.66927     7.58919     7.48539     7.36035     7.10761     6.65271
  7.94616     7.72517     7.66927     7.58923     7.48497     7.36029     7.10699     6.65234
  7.94673     7.72482     7.66915     7.58913     7.48466     7.36016     7.10670     6.65175
  7.94725     7.72485     7.66909     7.58929     7.48435     7.36014     7.10638     6.65119
  7.94777     7.72474     7.66910     7.58934     7.48408     7.35994     7.10601     6.65071
  7.94802     7.72455     7.66892     7.58888     7.48374     7.35982     7.10558     6.65031
  7.94840     7.72427     7.66873     7.58887     7.48346     7.35944     7.10509     6.64997
  7.94847     7.72392     7.66848     7.58811     7.48293     7.35908     7.10432     6.64956
  7.94863     7.72351     7.66799     7.58780     7.48241     7.35878     7.10408     6.64896
  7.94865     7.72293     7.66751     7.58751     7.48193     7.35816     7.10329     6.64815
  7.94876     7.72159     7.66683     7.58696     7.48136     7.35780     7.10316     6.64710
  7.94865     7.72082     7.66619     7.58645     7.48093     7.35703     7.10242     6.64633
  7.94874     7.71916     7.66537     7.58579     7.48035     7.35659     7.10175     6.64505
  7.94855     7.71812     7.66479     7.58510     7.47966     7.35565     7.10127     6.64397
  7.94834     7.71697     7.66362     7.58418     7.47880     7.35494     7.09644     6.64267
  7.94804     7.71593     7.66272     7.58379     7.47768     7.35387     7.09578     6.64110
  7.94788     7.71479     7.66129     7.58279     7.47646     7.35274     7.09102     6.63934
  7.94736     7.71361     7.65989     7.58210     7.47532     7.35143     7.09021     6.63731
  7.94688     7.71220     7.65826     7.58101     7.47381     7.34990     7.08894     6.63537
  7.94617     7.71068     7.65672     7.57966     7.47257     7.34819     7.08797     6.63279
  7.94545     7.70910     7.65489     7.57837     7.47093     7.34636     7.08603     6.63051
  7.94450     7.70754     7.65308     7.57667     7.46927     7.34427     7.08416     6.62774
  7.94372     7.70607     7.65110     7.57524     7.46756     7.34246     7.08172     6.62485
  7.94271     7.70443     7.64911     7.57336     7.46574     7.34019     7.07963     6.62176
  7.94174     7.70276     7.64694     7.57169     7.46373     7.33815     7.07646     6.61863
  7.94073     7.70094     7.64475     7.56992     7.46189     7.33568     7.07436     6.61510
  7.94032     7.69916     7.64253     7.56797     7.45968     7.33323     7.07101     6.61192
  7.94032     7.69916     7.64253     7.56797     7.45968     7.33323     7.07101     6.61192
  7.93920     7.69720     7.64033     7.56596     7.45758     7.33056     7.06844     6.60861
  7.93877     7.69523     7.63826     7.56371     7.45614     7.32788     7.06511     6.60595
  7.93778     7.69314     7.63611     7.56119     7.45372     7.32506     7.06235     6.60265
  7.93700     7.69105     7.63419     7.55890     7.45214     7.32219     7.05878     6.60007
  7.93638     7.68899     7.63192     7.55628     7.44955     7.31936     7.05564     6.59653
  7.93570     7.68702     7.62987     7.55399     7.44706     7.31642     7.05231     6.59339
  7.93509     7.68499     7.62767     7.55142     7.44445     7.31348     7.04908     6.59013
  7.93448     7.68312     7.62567     7.54899     7.44180     7.31055     7.04541     6.58705
  7.93393     7.68122     7.62361     7.54651     7.43906     7.30756     7.04185     6.58393
  7.93356     7.67964     7.62179     7.54420     7.43646     7.30475     7.03817     6.58092
  7.93345     7.67808     7.61986     7.54189     7.43382     7.30221     7.03477     6.57787
  7.93330     7.67675     7.61824     7.53974     7.43070     7.29964     7.03186     6.57459
  7.93344     7.67530     7.61634     7.53750     7.42828     7.29732     7.02873     6.57158
  7.93358     7.67403     7.61474     7.53531     7.42519     7.29476     7.02591     6.56823
  7.93386     7.67283     7.61300     7.53320     7.42280     7.29240     7.02277     6.56511
  7.93431     7.67173     7.61158     7.53120     7.42043     7.28992     7.01996     6.56229
  7.93492     7.67078     7.61010     7.52942     7.41823     7.28761     7.01678     6.55931
  7.93566     7.66990     7.60869     7.52751     7.41597     7.28534     7.01433     6.55675
  7.93675     7.66903     7.60742     7.52592     7.41392     7.28309     7.01142     6.55416
  7.93776     7.66817     7.60616     7.52411     7.41171     7.28087     7.00912     6.55180
  7.93898     7.66720     7.60501     7.52240     7.40966     7.27858     7.00595     6.54927
  7.94019     7.66608     7.60396     7.52116     7.40763     7.27631     7.00372     6.54563
  7.94145     7.66479     7.60286     7.51949     7.40576     7.27410     7.00059     6.54329
  7.94282     7.66351     7.60167     7.51803     7.40398     7.27182     6.99823     6.53922
  7.94408     7.66224     7.60030     7.51718     7.40218     7.26957     6.99604     6.53697
  7.94543     7.66103     7.59898     7.51531     7.40032     7.26722     6.99396     6.53465
  7.94671     7.65979     7.59766     7.51441     7.39846     7.26480     6.99144     6.53237
  7.94779     7.65856     7.59572     7.51243     7.39676     7.26230     6.98898     6.53015
  7.94779     7.65856     7.59572     7.51243     7.39676     7.26230     6.98898     6.53015
  7.94899     7.65729     7.59437     7.51074     7.39487     7.25972     6.98594     6.52774
  7.94997     7.65598     7.59231     7.50864     7.39328     7.25710     6.98255     6.52516
  7.95102     7.65476     7.59068     7.50695     7.39131     7.25443     6.97959     6.52235
  7.95195     7.65345     7.58890     7.50391     7.38931     7.25191     6.97658     6.51945
  7.95298     7.65234     7.58729     7.50229     7.38732     7.24925     6.97368     6.51656
  7.95379     7.65120     7.58554     7.49935     7.38521     7.24679     6.97086     6.51342
  7.95452     7.65014     7.58410     7.49755     7.38325     7.24425     6.96789     6.51082
  7.95515     7.64910     7.58245     7.49574     7.38122     7.24169     6.96491     6.50809
  7.95584     7.64782     7.58124     7.49401     7.37928     7.23924     6.96224     6.50577
  7.95645     7.64682     7.57936     7.49219     7.37732     7.23687     6.95902     6.50347
  7.95720     7.64569     7.57814     7.49055     7.37531     7.23444     6.95633     6.50109
  7.95794     7.64489     7.57626     7.48800     7.37319     7.23220     6.95281     6.49854
  7.95858     7.64411     7.57478     7.48612     7.37109     7.22991     6.95005     6.49611
  7.95910     7.64337     7.57347     7.48391     7.36887     7.22790     6.94668     6.49386
  7.95938     7.64258     7.57220     7.48203     7.36683     7.22563     6.94384     6.49173
  7.95967     7.64189     7.57127     7.48078     7.36494     7.22374     6.94027     6.48970
  7.95982     7.64120     7.57042     7.47916     7.36316     7.22165     6.93775     6.48801
  7.96019     7.64063     7.56964     7.47785     7.36146     7.21958     6.93431     6.48603
  7.96064     7.64005     7.56889     7.47625     7.35975     7.21781     6.93200     6.48457
  7.96130     7.63963     7.56823     7.47501     7.35813     7.21589     6.92866     6.48316
  7.96206     7.63902     7.56758     7.47342     7.35660     7.21421     6.92623     6.48182
  7.96297     7.63860     7.56691     7.47220     7.35515     7.21259     6.92332     6.48036
  7.96384     7.63812     7.56588     7.47082     7.35383     7.21115     6.92097     6.47910
  7.96455     7.63763     7.56524     7.46999     7.35256     7.21006     6.91915     6.47768
  7.96509     7.63728     7.56434     7.46884     7.35131     7.20904     6.91765     6.47634
  7.96548     7.63702     7.56378     7.46823     7.35012     7.20837     6.91620     6.47514
  7.96571     7.63680     7.56334     7.46738     7.34896     7.20759     6.91449     6.47393
  7.96604     7.63665     7.56292     7.46671     7.34782     7.20677     6.91327     6.47277
  7.96604     7.63665     7.56292     7.46671     7.34782     7.20677     6.91327     6.47277
  7.96639     7.63638     7.56253     7.46608     7.34679     7.20604     6.91128     6.47184
  7.96693     7.63618     7.56234     7.46563     7.34579     7.20521     6.91024     6.47082
  7.96762     7.63587     7.56178     7.46513     7.34489     7.20439     6.90901     6.46991
  7.96836     7.63580     7.56161     7.46483     7.34414     7.20363     6.90788     6.46933
  7.96905     7.63550     7.56097     7.46427     7.34347     7.20290     6.90649     6.46843
  7.96968     7.63541     7.56088     7.46382     7.34282     7.20232     6.90557     6.46794
  7.97026     7.63528     7.56060     7.46328     7.34227     7.20166     6.90405     6.46729
  7.97083     7.63517     7.56073     7.46297     7.34177     7.20127     6.90353     6.46647
  7.97132     7.63511     7.56061     7.46262     7.34121     7.20075     6.90224     6.46623
  7.97189     7.63492     7.56067     7.46237     7.34088     7.20023     6.90178     6.46565
  7.97225     7.63467     7.56061     7.46222     7.34061     7.19965     6.90091     6.46538
  7.97281     7.63435     7.56069     7.46176     7.34033     7.19910     6.90047     6.46519
  7.97368     7.63424     7.56056     7.46156     7.33999     7.19851     6.89991     6.46469
  7.97432     7.63412     7.56061     7.46114     7.33977     7.19810     6.89942     6.46414
  7.97517     7.63402     7.56034     7.46100     7.33944     7.19777     6.89874     6.46361
  7.97563     7.63379     7.56020     7.46070     7.33917     7.19756     6.89833     6.46304
  7.97586     7.63364     7.56000     7.46079     7.33896     7.19734     6.89760     6.46256
  7.97611     7.63350     7.55994     7.46058     7.33868     7.19710     6.89691     6.46235
  7.97596     7.63358     7.55983     7.46069     7.33837     7.19694     6.89636     6.46221
  7.97592     7.63374     7.55976     7.46058     7.33782     7.19688     6.89572     6.46197
  7.97563     7.63399     7.55963     7.46061     7.33764     7.19645     6.89556     6.46200
  7.97538     7.63411     7.55945     7.46035     7.33727     7.19648     6.89558     6.46168
  7.97406     7.63421     7.55908     7.46038     7.33711     7.19602     6.89598     6.46146
  7.97401     7.63438     7.55877     7.45999     7.33705     7.19588     6.89573     6.46115
  7.97260     7.63444     7.55847     7.45974     7.33701     7.19561     6.89572     6.46088
  7.97230     7.63443     7.55826     7.45938     7.33685     7.19536     6.89514     6.46051
  7.97211     7.63434     7.55719     7.45891     7.33658     7.19497     6.89491     6.46035
  7.97189     7.63415     7.55679     7.45834     7.33638     7.19455     6.89465     6.45990
  7.97189     7.63415     7.55679     7.45834     7.33638     7.19455     6.89465     6.45990
  7.97166     7.63377     7.55558     7.45785     7.33593     7.19406     6.89453     6.45966
  7.97141     7.63341     7.55504     7.45714     7.33569     7.19351     6.89445     6.45935
  7.97102     7.63278     7.55469     7.45637     7.33535     7.19422     6.89413     6.45919
  7.97048     7.63215     7.55415     7.45571     7.33518     7.19372     6.89340     6.45895
  7.97017     7.63157     7.55293     7.45486     7.33481     7.19442     6.89280     6.45867
  7.96836     7.63073     7.55232     7.45439     7.33447     7.19386     6.89155     6.45826
  7.96778     7.63018     7.55080     7.45368     7.33412     7.19346     6.89121     6.45761
  7.96543     7.62920     7.55006     7.45324     7.33361     7.19274     6.89062     6.45710
  7.96443     7.62821     7.54900     7.45262     7.33306     7.19237     6.89026     6.45625
  7.96341     7.62719     7.54795     7.45166     7.33246     7.19173     6.89001     6.45557
  7.96248     7.62612     7.54673     7.45092     7.33178     7.19156     6.88912     6.45480
  7.96161     7.62526     7.54568     7.44991     7.33117     7.19093     6.88870     6.45391
  7.96081     7.62431     7.54468     7.44913     7.33051     7.19019     6.88765     6.45297
  7.95971     7.62345     7.54373     7.44862     7.32982     7.18943     6.88699     6.45212
  7.95894     7.62263     7.54268     7.44794     7.32919     7.18840     6.88620     6.45123
  7.95757     7.62169     7.54170     7.44747     7.32848     7.18767     6.88493     6.45046
  7.95698     7.62085     7.54084     7.44673     7.32766     7.18716     6.88359     6.44973
  7.95569     7.62001     7.54005     7.44607     7.32690     7.18650     6.88279     6.44917
  7.95519     7.61914     7.53948     7.44520     7.32604     7.18590     6.88088     6.44848
  7.95459     7.61824     7.53905     7.44386     7.32509     7.18509     6.88049     6.44757
  7.95429     7.61739     7.53841     7.44298     7.32423     7.18446     6.87919     6.44711
  7.95397     7.61675     7.53796     7.44163     7.32332     7.18372     6.87823     6.44620
  7.95380     7.61581     7.53741     7.44082     7.32235     7.18307     6.87662     6.44560
  7.95344     7.61526     7.53704     7.44014     7.32155     7.18245     6.87529     6.44499
  7.95322     7.61434     7.53646     7.43934     7.32074     7.18178     6.87347     6.44427
  7.95312     7.61369     7.53612     7.43865     7.32000     7.18119     6.87237     6.44344
  7.95298     7.61283     7.53546     7.43797     7.31939     7.18047     6.87156     6.44261
  7.95291     7.61221     7.53501     7.43740     7.31871     7.17985     6.87099     6.44198
  7.95291     7.61221     7.53501     7.43740     7.31871     7.17985     6.87099     6.44198
  7.95281     7.61144     7.53436     7.43680     7.31813     7.17922     6.87077     6.44131
  7.95252     7.61109     7.53399     7.43625     7.31752     7.17881     6.87043     6.44092
  7.95226     7.61056     7.53343     7.43583     7.31690     7.17842     6.87025     6.44051
  7.95189     7.61036     7.53311     7.43527     7.31627     7.17801     6.86935     6.43982
  7.95142     7.61006     7.53245     7.43496     7.31571     7.17775     6.86939     6.43946
  7.95094     7.60994     7.53208     7.43448     7.31521     7.17733     6.86837     6.43895
  7.95040     7.60972     7.53153     7.43414     7.31467     7.17694     6.86816     6.43850
  7.95011     7.60980     7.53133     7.43350     7.31417     7.17670     6.86721     6.43796
  7.94975     7.60974     7.53103     7.43308     7.31366     7.17627     6.86671     6.43766
  7.94951     7.60955     7.53104     7.43251     7.31308     7.17602     6.86558     6.43730
  7.94935     7.60939     7.53086     7.43286     7.31277     7.17557     6.86522     6.43717
  7.94935     7.60923     7.53074     7.43242     7.31220     7.17536     6.86436     6.43731
  7.94922     7.60909     7.53073     7.43289     7.31189     7.17509     6.86398     6.43736
  7.94943     7.60896     7.53060     7.43244     7.31124     7.17501     6.86339     6.43726
  7.94931     7.60892     7.53066     7.43216     7.31100     7.17496     6.86312     6.43729
  7.94934     7.60893     7.53075     7.43181     7.31065     7.17495     6.86263     6.43736
  7.94940     7.60901     7.53088     7.43162     7.31047     7.17483     6.86261     6.43721
  7.94973     7.60923     7.53100     7.43147     7.31046     7.17476     6.86217     6.43741
  7.95018     7.60944     7.53117     7.43140     7.31030     7.17467     6.86249     6.43759
  7.95073     7.60944     7.53109     7.43145     7.31036     7.17473     6.86200     6.43763
  7.95127     7.60953     7.53142     7.43095     7.31048     7.17485     6.86223     6.43801
  7.95181     7.60970     7.53132     7.43117     7.31047     7.17511     6.86195     6.43813
  7.95208     7.60999     7.53174     7.43096     7.31054     7.17552     6.86191     6.43833
  7.95244     7.61056     7.53193     7.43135     7.31051     7.17587     6.86213     6.43856
  7.95235     7.61104     7.53229     7.43184     7.31059     7.17635     6.86232     6.43875
  7.95243     7.61175     7.53285     7.43267     7.31088     7.17678     6.86270     6.43894
  7.95265     7.61223     7.53337     7.43320     7.31106     7.17734     6.86300     6.43909
  7.95340     7.61299     7.53403     7.43403     7.31137     7.17667     6.86356     6.43977
  7.95456     7.61371     7.53502     7.43450     7.31147     7.17728     6.86354     6.44007
  7.95456     7.61371     7.53502     7.43450     7.31147     7.17728     6.86354     6.44007
  7.95595     7.61438     7.53579     7.43502     7.31167     7.17666     6.86415     6.44078
  7.95733     7.61520     7.53685     7.43561     7.31187     7.17739     6.86392     6.44155
  7.95877     7.61596     7.53745     7.43634     7.31306     7.17801     6.86454     6.44221
  7.95989     7.61676     7.53848     7.43712     7.31344     7.17876     6.86476     6.44300
  7.96112     7.61761     7.53906     7.43793     7.31477     7.17934     6.86547     6.44384
  7.96170     7.61848     7.53971     7.43852     7.31519     7.18006     6.86595     6.44474
  7.96224     7.61932     7.54023     7.43922     7.31570     7.18073     6.86660     6.44538
  7.96276     7.62006     7.54065     7.43982     7.31609     7.18148     6.86697     6.44599
  7.96338     7.62090     7.54105     7.44067     7.31666     7.18238     6.86770     6.44660
  7.96439     7.62153     7.54182     7.44127     7.31708     7.18319     6.86861     6.44715
  7.96539     7.62218     7.54277     7.44217     7.31785     7.18413     6.86936     6.44783
  7.96624     7.62280     7.54360     7.44289     7.31851     7.18494     6.87062     6.44876
  7.96703     7.62337     7.54396     7.44358     7.31848     7.18577     6.87144     6.44933
  7.96776     7.62408     7.54464     7.44450     7.31921     7.18653     6.87269     6.45031
  7.96837     7.62470     7.54475     7.44523     7.31905     7.18737     6.87368     6.45084
  7.96907     7.62543     7.54526     7.44604     7.31957     7.18806     6.87535     6.45166
  7.96936     7.62618     7.54612     7.44692     7.32018     7.18904     6.87622     6.45217
  7.96985     7.62671     7.54670     7.44761     7.32083     7.18968     6.87792     6.45274
  7.97010     7.62762     7.54768     7.44834     7.32155     7.19058     6.87811     6.45309
  7.97055     7.62821     7.54830     7.44901     7.32237     7.19141     6.87923     6.45352
  7.97086     7.62917     7.54917     7.44947     7.32307     7.19219     6.87895     6.45426
  7.97132     7.62999     7.54990     7.45019     7.32384     7.19281     6.87939     6.45485
  7.97163     7.63094     7.55055     7.45070     7.32450     7.19358     6.87995     6.45553
  7.97208     7.63179     7.55113     7.45142     7.32522     7.19396     6.88028     6.45603
  7.97249     7.63258     7.55199     7.45194     7.32583     7.19467     6.88091     6.45640
  7.97290     7.63318     7.55246     7.45257     7.32658     7.19525     6.88157     6.45680
  7.97319     7.63363     7.55342     7.45299     7.32714     7.19579     6.88163     6.45721
  7.97360     7.63407     7.55384     7.45344     7.32782     7.19641     6.88224     6.45765
  7.97360     7.63407     7.55384     7.45344     7.32782     7.19641     6.88224     6.45765
  7.97389     7.63435     7.55453     7.45385     7.32833     7.19683     6.88275     6.45809
  7.97437     7.63469     7.55502     7.45433     7.32873     7.19729     6.88314     6.45840
  7.97466     7.63490     7.55543     7.45481     7.32910     7.19778     6.88368     6.45869
  7.97505     7.63514     7.55599     7.45537     7.32946     7.19819     6.88383     6.45907
  7.97526     7.63528     7.55621     7.45574     7.32980     7.19861     6.88402     6.45923
  7.97546     7.63549     7.55639     7.45611     7.33025     7.19883     6.88408     6.45961
  7.97547     7.63564     7.55540     7.45635     7.33049     7.19916     6.88450     6.45982
  7.97564     7.63581     7.55557     7.45671     7.33094     7.19930     6.88489     6.45998
  7.97552     7.63585     7.55452     7.45723     7.33130     7.19968     6.88575     6.46030
  7.97570     7.63592     7.55477     7.45781     7.33169     7.19998     6.88602     6.46027
  7.97572     7.63591     7.55471     7.45816     7.33212     7.20024     6.88660     6.46043
  7.97581     7.63595     7.55487     7.45861     7.33240     7.20069     6.88639     6.46045
  7.97566     7.63580     7.55480     7.45875     7.33278     7.20080     6.88652     6.46050
  7.97561     7.63589     7.55481     7.45884     7.33305     7.20105     6.88590     6.46070
  7.97555     7.63584     7.55481     7.45907     7.33344     7.20121     6.88562     6.46069
  7.97561     7.63585     7.55479     7.45885     7.33367     7.20126     6.88489     6.46109
  7.97579     7.63590     7.55470     7.45910     7.33398     7.20135     6.88456     6.46101
  7.97593     7.63579     7.55490     7.45891     7.33410     7.20151     6.88400     6.46142
  7.97608     7.63560     7.55496     7.45906     7.33443     7.20160     6.88372     6.46161
  7.97614     7.63538     7.55587     7.45907     7.33456     7.20180     6.88362     6.46169
  7.97635     7.63508     7.55587     7.45920     7.33493     7.20203     6.88358     6.46165
  7.97658     7.63490     7.55657     7.45907     7.33505     7.20212     6.88363     6.46163
  7.97676     7.63468     7.55642     7.45932     7.33526     7.20232     6.88407     6.46151
  7.97705     7.63450     7.55650     7.45915     7.33525     7.20242     6.88436     6.46172
  7.97743     7.63450     7.55636     7.45937     7.33542     7.20253     6.88416     6.46181
  7.97770     7.63443     7.55647     7.45882     7.33546     7.20275     6.88455     6.46192
  7.97807     7.63448     7.55656     7.45896     7.33580     7.20287     6.88430     6.46175
  7.97829     7.63441     7.55667     7.45840     7.33601     7.20290     6.88392     6.46183
  7.97829     7.63441     7.55667     7.45840     7.33601     7.20290     6.88392     6.46183
  7.97854     7.63461     7.55695     7.45855     7.33635     7.20303     6.88358     6.46172
  7.97863     7.63468     7.55629     7.45851     7.33658     7.20321     6.88376     6.46156
  7.97887     7.63509     7.55647     7.45868     7.33685     7.20347     6.88322     6.46156
  7.97907     7.63536     7.55580     7.45869     7.33704     7.20374     6.88366     6.46151
  7.97921     7.63575     7.55616     7.45826     7.33726     7.20404     6.88354     6.46153
  7.97930     7.63581     7.55652     7.45830     7.33762     7.20416     6.88352     6.46189
  7.97959     7.63601     7.55698     7.45796     7.33784     7.20446     6.88363     6.46241
  7.97965     7.63606     7.55729     7.45761     7.33822     7.20463     6.88407     6.46249
  7.97980     7.63615     7.55761     7.45773     7.33837     7.20484     6.88381     6.46297
  7.97990     7.63618     7.55773     7.45728     7.33863     7.20495     6.88472     6.46290
  7.97993     7.63618     7.55791     7.45712     7.33868     7.20508     6.88406     6.46305
  7.97968     7.63598     7.55801     7.45714     7.33890     7.20513     6.88434     6.46306
  7.97941     7.63586     7.55802     7.45694     7.33902     7.20529     6.88430     6.46303
  7.97884     7.63553     7.55792     7.45714     7.33924     7.20539     6.88426     6.46297
  7.97827     7.63531     7.55780     7.45689     7.33947     7.20546     6.88457     6.46288
  7.97758     7.63492     7.55749     7.45695     7.33973     7.20536     6.88480     6.46298
  7.97723     7.63461     7.55725     7.45656     7.33981     7.20532     6.88474     6.46287
  7.97685     7.63402     7.55683     7.45651     7.33996     7.20525     6.88482     6.46343
  7.97668     7.63364     7.55648     7.45608     7.33999     7.20509     6.88450     6.46332
  7.97655     7.63309     7.55598     7.45594     7.33999     7.20506     6.88442     6.46365
  7.97638     7.63263     7.55570     7.45571     7.33996     7.20484     6.88425     6.46342
  7.97601     7.63229     7.55538     7.45544     7.33994     7.20473     6.88414     6.46327
  7.97570     7.63204     7.55502     7.45527     7.33978     7.20448     6.88445     6.46288
  7.97519     7.63188     7.55496     7.45508     7.33953     7.20460     6.88432     6.46269
  7.97475     7.63156     7.55471     7.45471     7.33939     7.20450     6.88455     6.46236
  7.97436     7.63134     7.55455     7.45450     7.33907     7.20456     6.88413     6.46239
  7.97409     7.63090     7.55445     7.45416     7.33880     7.20439     6.88393     6.46214
  7.97389     7.63062     7.55436     7.45390     7.33797     7.20414     6.88310     6.46124
  7.97389     7.63062     7.55436     7.45390     7.33797     7.20414     6.88310     6.46124
  7.97385     7.63041     7.55414     7.45371     7.33777     7.20376     6.88274     6.46116
  7.97292     7.63042     7.55415     7.45335     7.33697     7.20359     6.88170     6.46006
  7.97280     7.63022     7.55400     7.45327     7.33685     7.20341     6.88106     6.45975
  7.97198     7.63026     7.55397     7.45290     7.33671     7.20346     6.88041     6.45952
  7.97198     7.63023     7.55384     7.45283     7.33652     7.20354     6.87988     6.45901
  7.97212     7.63022     7.55389     7.45261     7.33625     7.20380     6.87986     6.45876
  7.97227     7.63028     7.55369     7.45264     7.33606     7.20377     6.87982     6.45854
  7.97248     7.63023     7.55387     7.45259     7.33583     7.20401     6.88016     6.45835
  7.97271     7.63003     7.55370     7.45283     7.33574     7.20390     6.88026     6.45825
  7.97307     7.63013     7.55393     7.45270     7.33542     7.20391     6.88052     6.45837
  7.97346     7.63020     7.55403     7.45277     7.33537     7.20400     6.88078     6.45811
  7.97445     7.63057     7.55439     7.45258     7.33516     7.20398     6.88074     6.45804
  7.97474     7.63092     7.55460     7.45219     7.33531     7.20412     6.88070     6.45800
  7.97562     7.63123     7.55499     7.45206     7.33536     7.20414     6.88133     6.45775
  7.97584     7.63157     7.55522     7.45180     7.33557     7.20419     6.88068     6.45791
  7.97619     7.63195     7.55566     7.45172     7.33553     7.20396     6.88134     6.45807
  7.97622     7.63234     7.55603     7.45183     7.33554     7.20412     6.88133     6.45849
  7.97651     7.63369     7.55669     7.45182     7.33537     7.20384     6.88155     6.45890
  7.97657     7.63410     7.55712     7.45204     7.33556     7.20422     6.88210     6.45945
  7.97678     7.63534     7.55771     7.45202     7.33560     7.20438     6.88290     6.45984
  7.97683     7.63586     7.55805     7.45236     7.33583     7.20470     6.88328     6.46017
  7.97677     7.63640     7.55853     7.45239     7.33624     7.20487     6.88380     6.46041
  7.97664     7.63686     7.55889     7.45344     7.33656     7.20512     6.88386     6.46045
  7.97652     7.63727     7.55907     7.45343     7.33701     7.20515     6.88740     6.46057
