  8.02713     8.03541     8.03526     7.94385     7.97288     7.96462     7.91516     7.70625
  7.95066     7.95884     7.95829     7.86740     7.89709     7.88913     7.84064     7.63360
  7.95380     7.96202     7.96108     7.87022     7.89996     7.89256     7.84412     7.63723
  7.95512     7.96309     7.96150     7.87041     7.90087     7.89388     7.84580     7.63861
  7.95784     7.96567     7.96344     7.87243     7.90281     7.89645     7.84865     7.64161
  7.95945     7.96682     7.96375     7.87290     7.90362     7.89780     7.85037     7.64308
  7.95464     7.96161     7.95693     7.86630     7.89762     7.89313     7.84706     7.63880
  7.95619     7.96319     7.95789     7.86705     7.89857     7.89487     7.84911     7.64067
  7.95431     7.96111     7.95528     7.86426     7.89651     7.89336     7.84797     7.63837
  7.95430     7.96098     7.95461     7.86338     7.89576     7.89343     7.84830     7.63836
  7.95758     7.96372     7.95662     7.86520     7.89806     7.89673     7.85125     7.64010
  7.95673     7.96254     7.95457     7.86336     7.89579     7.89556     7.85062     7.63845
  7.95911     7.96425     7.95540     7.86409     7.89690     7.89765     7.85274     7.63919
  7.96042     7.96557     7.95581     7.86462     7.89685     7.89886     7.85444     7.63974
  7.96424     7.96882     7.95846     7.86709     7.89972     7.90227     7.85815     7.64226
  7.96345     7.96796     7.95687     7.86561     7.89812     7.90124     7.85735     7.64056
  7.96773     7.97166     7.96048     7.86884     7.90154     7.90523     7.86155     7.64362
  7.96608     7.97013     7.95831     7.86672     7.89912     7.90307     7.85952     7.64106
  7.96432     7.96948     7.95775     7.86586     7.89808     7.90235     7.85897     7.63930
  7.96524     7.97082     7.95906     7.86706     7.89877     7.90324     7.86012     7.63993
  7.96196     7.96931     7.95772     7.86515     7.89677     7.90133     7.85830     7.63734
  7.96329     7.97135     7.95986     7.86701     7.89839     7.90279     7.85961     7.63841
  7.96397     7.97246     7.96137     7.86811     7.89919     7.90331     7.86078     7.63902
  7.96533     7.97466     7.96351     7.86999     7.90104     7.90445     7.86226     7.64059
  7.96530     7.97541     7.96423     7.87081     7.90120     7.90424     7.86240     7.64055
  7.96577     7.97675     7.96550     7.87199     7.90216     7.90438     7.86297     7.64155
  7.96531     7.97703     7.96600     7.87250     7.90226     7.90395     7.86246     7.64134
  7.96493     7.97760     7.96677     7.87306     7.90264     7.90355     7.86289     7.64157
  7.96375     7.97801     7.96617     7.87414     7.90326     7.90363     7.86345     7.64171
  7.96253     7.97742     7.96629     7.87399     7.90283     7.90260     7.86355     7.64109
  7.96216     7.97867     7.96655     7.87574     7.90435     7.90355     7.86596     7.64190
  7.96111     7.97805     7.96657     7.87553     7.90378     7.90268     7.86571     7.64128
  7.96228     7.97935     7.96867     7.87747     7.90538     7.90371     7.86844     7.64245
  7.96253     7.98008     7.96997     7.87859     7.90634     7.90427     7.87009     7.64326
  7.96327     7.98085     7.97130     7.87986     7.90725     7.90473     7.87191     7.64411
  7.96344     7.98177     7.97232     7.88063     7.90800     7.90520     7.87361     7.64457
  7.96439     7.98293     7.97371     7.88197     7.90921     7.90590     7.87507     7.64607
  7.96515     7.98443     7.97506     7.88314     7.91052     7.90696     7.87675     7.64688
  7.96642     7.98585     7.97691     7.88594     7.91192     7.90809     7.87791     7.64905
  7.96782     7.98790     7.97919     7.88827     7.91429     7.91004     7.87989     7.65113
  7.96948     7.98944     7.98054     7.89134     7.91602     7.91135     7.88146     7.65303
  7.96957     7.99028     7.98143     7.89213     7.91728     7.91202     7.88193     7.65417
  7.97181     7.99243     7.98334     7.89477     7.91967     7.91394     7.88429     7.65674
  7.97323     7.99360     7.98432     7.89553     7.92107     7.91472     7.88528     7.65809
  7.97446     7.99493     7.98629     7.89740     7.92265     7.91581     7.88661     7.66034
  7.97678     7.99587     7.98777     7.89880     7.92423     7.91718     7.88834     7.66229
  7.97724     7.99638     7.98849     7.89971     7.92478     7.91755     7.88874     7.66362
  7.97730     7.99569     7.98843     7.89953     7.92480     7.91734     7.88900     7.66363
  7.97675     7.99501     7.98759     7.89944     7.92399     7.91661     7.88841     7.66350
  7.97578     7.99414     7.98682     7.89841     7.92308     7.91570     7.88823     7.66279
  7.97380     7.99206     7.98590     7.89668     7.92087     7.91346     7.88641     7.66091
  7.97199     7.99081     7.98456     7.89514     7.91955     7.91228     7.88574     7.66003
  7.97045     7.98934     7.98447     7.89365     7.91804     7.91099     7.88497     7.65920
  7.97001     7.98795     7.98292     7.89184     7.91658     7.90954     7.88361     7.65803
  7.96893     7.98672     7.98170     7.89055     7.91519     7.90824     7.88297     7.65743
  7.96948     7.98718     7.98062     7.88910     7.91401     7.90720     7.88221     7.65672
  7.96800     7.98535     7.97858     7.88696     7.91171     7.90504     7.88034     7.65476
  7.96750     7.98600     7.97782     7.88588     7.91079     7.90434     7.87959     7.65410
  7.96599     7.98413     7.97578     7.88375     7.90875     7.90237     7.87795     7.65164
  7.96448     7.98263     7.97427     7.88200     7.90714     7.90112     7.87619     7.65020
  7.96327     7.98120     7.97249     7.88026     7.90532     7.89929     7.87507     7.64820
  7.96085     7.97890     7.96970     7.87759     7.90269     7.89695     7.87252     7.64560
  7.96000     7.97782     7.96836     7.87617     7.90090     7.89553     7.87138     7.64406
  7.95745     7.97519     7.96531     7.87335     7.89785     7.89270     7.86891     7.64091
  7.95719     7.97444     7.96441     7.87237     7.89663     7.89192     7.86812     7.63959
  7.95539     7.97242     7.96232     7.87034     7.89438     7.88985     7.86650     7.63731
  7.95511     7.97156     7.96140     7.86946     7.89347     7.88894     7.86612     7.63594
  7.95489     7.97102     7.96089     7.86895     7.89280     7.88842     7.86609     7.63547
  7.95229     7.96765     7.95745     7.86562     7.88929     7.88469     7.86331     7.63165
  7.95378     7.96883     7.95856     7.86656     7.89042     7.88555     7.86503     7.63217
  7.95344     7.96828     7.95767     7.86622     7.88996     7.88461     7.86476     7.63129
  7.95489     7.96951     7.95886     7.86762     7.89146     7.88554     7.86701     7.63237
  7.95446     7.96905     7.95837     7.86788     7.89139     7.88483     7.86763     7.63193
  7.95489     7.96983     7.95944     7.86939     7.89232     7.88464     7.86903     7.63295
  7.95548     7.97022     7.96035     7.87095     7.89321     7.88496     7.87017     7.63381
  7.95571     7.97101     7.96158     7.87263     7.89424     7.88474     7.87159     7.63726
  7.95693     7.97216     7.96340     7.87496     7.89595     7.88581     7.87392     7.63955
  7.95836     7.97304     7.96503     7.87679     7.89760     7.88662     7.87635     7.64377
  7.95851     7.97375     7.96615     7.87846     7.89907     7.88706     7.87857     7.64587
  7.96026     7.97555     7.96852     7.88076     7.90161     7.88838     7.88176     7.64872
  7.95973     7.97614     7.96966     7.88218     7.90267     7.88844     7.88375     7.65037
  7.95993     7.97755     7.97003     7.88411     7.90462     7.88932     7.88614     7.65276
  7.95984     7.97875     7.97203     7.88635     7.90634     7.88984     7.88846     7.65519
  7.96081     7.97932     7.97192     7.88784     7.90760     7.89022     7.88990     7.65694
  7.96168     7.98114     7.97481     7.89122     7.91032     7.89181     7.89259     7.66048
  7.96360     7.98253     7.97698     7.89376     7.91257     7.89286     7.89433     7.66362
  7.96524     7.98520     7.98069     7.89799     7.91598     7.89546     7.89806     7.66787
  7.96735     7.98775     7.98426     7.90181     7.91955     7.89708     7.90118     7.67231
  7.96981     7.99157     7.98891     7.90700     7.92395     7.90077     7.90628     7.67737
  7.97325     7.99601     7.99416     7.91224     7.92921     7.90412     7.91149     7.68298
  7.97627     8.00047     7.99959     7.91811     7.93453     7.90922     7.91724     7.68838
  7.97993     8.00558     8.00419     7.92404     7.94012     7.91415     7.92319     7.69440
  7.98326     8.01024     8.00969     7.92992     7.94577     7.91926     7.92915     7.69947
  7.98644     8.01439     8.01353     7.93485     7.95058     7.92353     7.93348     7.70449
  7.99024     8.01919     8.01899     7.94069     7.95626     7.92826     7.93938     7.70973
  7.99303     8.02285     8.02327     7.94491     7.96068     7.93179     7.94298     7.71396
  7.99668     8.02744     8.02836     7.94932     7.96586     7.93622     7.94796     7.71859
  8.00001     8.03122     8.03257     7.95360     7.97009     7.93963     7.95199     7.72249
  8.00311     8.03491     8.03664     7.95739     7.97392     7.94320     7.95628     7.72590
  8.00779     8.03979     8.04173     7.96253     7.97888     7.94773     7.96047     7.73059
  8.01083     8.04314     8.04543     7.96645     7.98237     7.95124     7.96416     7.73315
  8.01510     8.04775     8.05019     7.97095     7.98658     7.95575     7.96802     7.73706
  8.01813     8.05130     8.05382     7.97421     7.99021     7.95929     7.97141     7.73943
  8.02133     8.05468     8.05726     7.97732     7.99327     7.96255     7.97413     7.74181
  8.02413     8.05793     8.06037     7.97965     7.99607     7.96560     7.97691     7.74370
  8.02691     8.06055     8.06287     7.98201     7.99831     7.96787     7.97854     7.74538
  8.02915     8.06279     8.06472     7.98216     7.99967     7.97004     7.97977     7.74614
  8.03107     8.06431     8.06567     7.98273     8.00033     7.97103     7.98001     7.74604
  8.03276     8.06555     8.06631     7.98211     8.00083     7.97235     7.98125     7.74583
  8.03383     8.06593     8.06583     7.98129     8.00021     7.97247     7.98010     7.74424
  8.03518     8.06645     8.06555     7.98064     8.00007     7.97320     7.97987     7.74285
  8.03625     8.06651     8.06472     7.97975     7.99916     7.97325     7.97815     7.74081
  8.03703     8.06599     8.06340     7.97815     7.99785     7.97353     7.97583     7.73837
  8.03774     8.06557     8.06190     7.97641     7.99624     7.97299     7.97342     7.73554
  8.03809     8.06425     8.05985     7.97363     7.99399     7.97217     7.97097     7.73245
  8.03865     8.06326     8.05786     7.97147     7.99194     7.97113     7.96885     7.72926
  8.03897     8.05912     8.05611     7.96952     7.98786     7.97083     7.96324     7.73213
  8.03915     8.05731     8.05366     7.96728     7.98571     7.96904     7.96062     7.72854
  8.03959     8.05349     8.05230     7.96623     7.98234     7.96915     7.95520     7.73162
  8.03902     8.05129     8.04955     7.96368     7.98011     7.96689     7.95237     7.72801
  8.03906     8.05009     8.04791     7.96156     7.97847     7.96580     7.94998     7.72520
  8.03872     8.04879     8.04618     7.95988     7.97667     7.96430     7.94756     7.72284
  8.03794     8.04725     8.04425     7.95732     7.97463     7.96278     7.94505     7.72022
  8.03764     8.04611     8.04224     7.95596     7.97298     7.96166     7.94267     7.71836
  8.03627     8.04404     8.03989     7.95297     7.97116     7.95956     7.93992     7.71570
  8.03538     8.04223     8.03714     7.95080     7.96924     7.95764     7.93769     7.71283
  8.03352     8.03992     8.03460     7.94768     7.96712     7.95529     7.93480     7.70996
  8.03290     8.03920     8.03284     7.94598     7.96547     7.95353     7.93278     7.70778
  8.03085     8.03705     8.03008     7.94305     7.96289     7.95103     7.93023     7.70502
  8.02959     8.03596     8.02812     7.94126     7.96084     7.94904     7.92795     7.70273
  8.02755     8.03354     8.02524     7.93854     7.95818     7.94638     7.92515     7.69983
  8.02498     8.03038     8.02167     7.93531     7.95354     7.94303     7.92128     7.69548
  8.02255     8.02758     8.01878     7.93258     7.94985     7.94040     7.91834     7.69248
  8.02054     8.02560     8.01652     7.93028     7.94747     7.93865     7.91598     7.69068
  8.01815     8.02325     8.01392     7.92745     7.94489     7.93617     7.91319     7.68795
  8.01582     8.02071     8.01137     7.92470     7.94235     7.93389     7.91084     7.68601
  8.01379     8.01850     8.00884     7.92204     7.93997     7.93170     7.90836     7.68341
  8.01159     8.01595     8.00645     7.91939     7.93758     7.92919     7.90590     7.68129
  8.00947     8.01352     8.00401     7.91692     7.93524     7.92712     7.90368     7.67888
  8.00745     8.01119     8.00205     7.91488     7.93299     7.92504     7.90130     7.67712
  8.00532     8.00914     8.00004     7.91293     7.93081     7.92327     7.89916     7.67508
  8.00359     8.00735     7.99862     7.91113     7.92874     7.92130     7.89799     7.67357
  8.00253     8.00627     7.99766     7.91003     7.92740     7.92013     7.89649     7.67238
  8.00236     8.00525     7.99660     7.90878     7.92619     7.91886     7.89533     7.67164
  8.00159     8.00445     7.99595     7.90759     7.92530     7.91777     7.89662     7.67087
  8.00211     8.00404     7.99545     7.90700     7.92473     7.91719     7.89552     7.67092
  8.00369     8.00553     7.99708     7.90810     7.92619     7.91873     7.89953     7.67235
  8.00364     8.00583     7.99736     7.90828     7.92642     7.91891     7.89951     7.67322
  8.00468     8.00706     7.99859     7.90919     7.92754     7.92016     7.90027     7.67455
  8.00446     8.00730     7.99904     7.90986     7.92797     7.92052     7.90018     7.67532
  8.00543     8.00863     8.00070     7.91130     7.92955     7.92185     7.90095     7.67727
  8.00604     8.00961     8.00203     7.91276     7.93074     7.92285     7.90210     7.67845
  8.00709     8.01130     8.00393     7.91443     7.93264     7.92440     7.90401     7.68045
  8.00838     8.01312     8.00570     7.91644     7.93479     7.92576     7.90617     7.68196
  8.00989     8.01537     8.00793     7.91835     7.93704     7.92807     7.90842     7.68439
  8.01135     8.01723     8.00983     7.92022     7.93912     7.92955     7.91006     7.68568
  8.01359     8.01950     8.01239     7.92229     7.94153     7.93208     7.91216     7.68809
  8.01530     8.02120     8.01442     7.92425     7.94358     7.93402     7.91394     7.68950
  8.01747     8.02335     8.01684     7.92616     7.94588     7.93636     7.91570     7.69135
  8.01866     8.02561     8.01920     7.92892     7.94862     7.93879     7.91774     7.69282
  8.02104     8.02814     8.02183     7.93132     7.95133     7.94145     7.91998     7.69491
  8.02264     8.03073     8.02438     7.93395     7.95416     7.94400     7.92188     7.69651
  8.02555     8.03371     8.02719     7.93661     7.95723     7.94666     7.92484     7.69885
  8.02837     8.03611     8.02944     7.93906     7.95993     7.94887     7.92723     7.70031
  8.03087     8.03881     8.03184     7.94128     7.96272     7.95232     7.92947     7.70201
  8.03330     8.04103     8.03381     7.94345     7.96521     7.95433     7.93117     7.70298
  8.03533     8.04309     8.03556     7.94520     7.96732     7.95713     7.93214     7.70346
  8.03716     8.04479     8.03695     7.94680     7.96911     7.95868     7.93320     7.70391
  8.03910     8.04657     8.03854     7.94834     7.97101     7.95999     7.93409     7.70408
  8.04166     8.04829     8.03989     7.95033     7.97289     7.96161     7.93528     7.70441
  8.04373     8.05039     8.04175     7.95214     7.97499     7.96337     7.93657     7.70527
  8.04674     8.05272     8.04387     7.95476     7.97764     7.96564     7.93880     7.70654
  8.05239     8.05881     8.04963     7.96034     7.98350     7.97152     7.94335     7.71137
  8.05548     8.06207     8.05257     7.96362     7.98673     7.97468     7.94656     7.71382
  8.06207     8.06911     8.05955     7.97012     7.99408     7.98148     7.95257     7.71959
  8.06576     8.07282     8.06352     7.97371     7.99755     7.98534     7.95589     7.72226
  8.06954     8.07662     8.06725     7.97728     8.00167     7.98913     7.95925     7.72518
  8.07342     8.08061     8.07157     7.98101     8.00542     7.99320     7.96275     7.72816
  8.07721     8.08454     8.07520     7.98457     8.00896     7.99706     7.96603     7.73158
  8.08067     8.08834     8.07852     7.98762     8.01232     8.00074     7.96892     7.73452
  8.08496     8.09274     8.08220     7.99137     8.01623     8.00481     7.97328     7.73849
  8.08794     8.09568     8.08494     7.99356     8.01873     8.00747     7.97579     7.74097
  8.09171     8.09931     8.08808     7.99669     8.02194     8.01090     7.97929     7.74393
  8.09446     8.10181     8.09062     7.99874     8.02424     8.01310     7.98172     7.74641
  8.09705     8.10437     8.09330     8.00098     8.02633     8.01532     7.98350     7.74841
  8.09913     8.10627     8.09691     8.00243     8.02833     8.01718     7.98465     7.75033
  8.10088     8.10800     8.09859     8.00382     8.02963     8.01870     7.98564     7.75192
  8.10174     8.10896     8.10121     8.00439     8.03059     8.01957     7.98609     7.75306
  8.10240     8.11075     8.10197     8.00518     8.03127     8.02039     7.98641     7.75389
  8.10213     8.11075     8.10163     8.00489     8.03114     8.02035     7.98600     7.75435
  8.10135     8.11134     8.10098     8.00455     8.03071     8.02007     7.98500     7.75435
  8.10086     8.11120     8.10067     8.00411     8.03050     8.02007     7.98406     7.75465
  8.09948     8.11024     8.09946     8.00316     8.02945     8.01914     7.98280     7.75415
  8.09692     8.10866     8.09821     8.00169     8.02792     8.01793     7.98139     7.75403
  8.09551     8.10763     8.09737     8.00080     8.02696     8.01718     7.98044     7.75399
  8.09367     8.10614     8.09649     8.00010     8.02601     8.01607     7.97934     7.75340
  8.09233     8.10509     8.09613     7.99967     8.02545     8.01527     7.97872     7.75332
  8.09050     8.10455     8.09552     7.99918     8.02458     8.01391     7.97721     7.75258
  8.08930     8.10356     8.09526     7.99876     8.02393     8.01283     7.97655     7.75233
  8.08742     8.10307     8.09444     7.99830     8.02299     8.01126     7.97541     7.75168
  8.08536     8.10138     8.09339     7.99705     8.02157     8.00951     7.97388     7.75047
  8.08358     8.10030     8.09246     7.99658     8.02087     8.00816     7.97297     7.74981
  8.08123     8.09887     8.09117     7.99533     8.01956     8.00634     7.97149     7.74880
  8.07904     8.09757     8.09027     7.99466     8.01873     8.00491     7.97033     7.74747
  8.07770     8.09716     8.09019     7.99432     8.01845     8.00379     7.96973     7.74723
  8.07607     8.09628     8.08987     7.99406     8.01792     8.00267     7.96903     7.74631
  8.07586     8.09671     8.09090     7.99464     8.01839     8.00278     7.96912     7.74696
  8.07532     8.09682     8.09142     7.99523     8.01885     8.00276     7.96837     7.74728
  8.07566     8.09756     8.09248     7.99630     8.01941     8.00322     7.96882     7.74792
  8.07598     8.09828     8.09341     7.99753     8.02036     8.00390     7.96886     7.74832
  8.07644     8.09898     8.09423     7.99827     8.02068     8.00437     7.96963     7.74817
  8.07715     8.09973     8.09495     7.99941     8.02158     8.00521     7.97022     7.74848
  8.07751     8.10021     8.09538     7.99959     8.02170     8.00533     7.97050     7.74779
  8.07834     8.10124     8.09623     8.00069     8.02295     8.00634     7.97113     7.74823
  8.07918     8.10215     8.09687     8.00111     8.02363     8.00674     7.97176     7.74781
  8.07968     8.10295     8.09758     8.00184     8.02441     8.00736     7.97175     7.74742
  8.08047     8.10370     8.09809     8.00235     8.02491     8.00784     7.97208     7.74665
  8.08117     8.10456     8.09880     8.00307     8.02591     8.00890     7.97270     7.74633
  8.08173     8.10469     8.09880     8.00301     8.02581     8.00885     7.97142     7.74469
  8.08278     8.10553     8.09933     8.00368     8.02659     8.00982     7.97168     7.74430
  8.08374     8.10590     8.09896     8.00347     8.02647     8.00967     7.97023     7.74206
  8.08458     8.10587     8.09866     8.00322     8.02621     8.00971     7.96879     7.74045
  8.08524     8.10582     8.09633     8.00274     8.02581     8.00930     7.96724     7.73775
  8.08583     8.10523     8.09552     8.00197     8.02547     8.00885     7.96557     7.73506
  8.08674     8.10483     8.09322     8.00096     8.02476     8.00835     7.96358     7.73228
  8.08762     8.10402     8.09219     7.99979     8.02387     8.00800     7.96173     7.72968
  8.08844     8.10304     8.09078     7.99815     8.02248     8.00701     7.95944     7.72611
  8.08956     8.10255     8.08955     7.99679     8.02149     8.00675     7.95781     7.72356
  8.09150     8.10185     8.08835     7.99569     8.02052     8.00638     7.95578     7.72060
  8.09253     8.10139     8.08703     7.99462     8.01970     8.00586     7.95381     7.71764
  8.09498     8.10119     8.08567     7.99403     8.01925     8.00584     7.95262     7.71483
  8.09530     8.09963     8.08387     7.99220     8.01758     8.00535     7.94988     7.71136
  8.09644     8.09895     8.08260     7.99116     8.01667     8.00480     7.94882     7.70804
  8.09533     8.09608     8.07941     7.98801     8.01396     8.00314     7.94500     7.70346
  8.09649     8.09552     8.07899     7.98732     8.01344     8.00293     7.94359     7.70041
  8.09482     8.09201     8.07545     7.98397     8.01009     7.99995     7.93949     7.69562
  8.09515     8.09068     8.07387     7.98299     8.00893     7.99894     7.93706     7.69225
  8.09423     8.08773     8.07191     7.97999     8.00667     7.99684     7.93458     7.68887
  8.09382     8.08565     8.06956     7.97829     8.00462     7.99465     7.93111     7.68553
  8.09247     8.08288     8.06755     7.97530     8.00244     7.99241     7.92794     7.68170
  8.09204     8.08110     8.06512     7.97411     8.00078     7.99026     7.92482     7.67920
  8.09077     8.07928     8.06360     7.97235     7.99876     7.98834     7.92172     7.67601
  8.08965     8.07752     8.06140     7.97128     7.99706     7.98631     7.91970     7.67377
  8.08875     8.07622     8.06047     7.97009     7.99557     7.98484     7.91797     7.67177
  8.08733     8.07440     8.05886     7.96884     7.99371     7.98266     7.91651     7.66898
  8.08637     8.07322     8.05813     7.96752     7.99212     7.98099     7.91547     7.66706
  8.08526     8.07181     8.05728     7.96700     7.99082     7.97911     7.91402     7.66520
  8.08368     8.07075     8.05664     7.96558     7.98941     7.97730     7.91255     7.66370
  8.08242     8.06981     8.05620     7.96546     7.98838     7.97545     7.91118     7.66271
  8.08017     8.06850     8.05549     7.96440     7.98703     7.97344     7.90911     7.66118
  8.07866     8.06771     8.05507     7.96411     7.98598     7.97185     7.90766     7.66011
  8.07686     8.06695     8.05506     7.96393     7.98497     7.97042     7.90641     7.65920
  8.07555     8.06628     8.05480     7.96383     7.98422     7.96936     7.90515     7.65831
  8.07377     8.06577     8.05489     7.96368     7.98350     7.96864     7.90383     7.65753
  8.07299     8.06596     8.05527     7.96452     7.98347     7.96827     7.90347     7.66132
  8.07186     8.06591     8.05585     7.96504     7.98332     7.96812     7.90253     7.66066
  8.07144     8.06757     8.05842     7.96804     7.98474     7.96851     7.90345     7.66538
  8.07157     8.06861     8.05977     7.96959     7.98559     7.96870     7.90390     7.66593
  8.07224     8.07098     8.06208     7.97166     7.98750     7.96996     7.90540     7.66726
  8.07259     8.07258     8.06361     7.97341     7.98862     7.97067     7.90714     7.66813
  8.07354     8.07498     8.06613     7.97596     7.99064     7.97215     7.90871     7.66954
  8.07475     8.07681     8.06845     7.97860     7.99258     7.97344     7.91085     7.67082
  8.07538     8.07814     8.07052     7.98076     7.99364     7.97481     7.91202     7.67177
  8.07768     8.08051     8.07352     7.98424     7.99630     7.97659     7.91406     7.67200
  8.07885     8.08199     8.07570     7.98623     7.99746     7.97819     7.91506     7.67275
  8.08149     8.08413     8.07854     7.98974     8.00109     7.97964     7.91776     7.67301
  8.08417     8.08744     8.08208     7.99302     8.00437     7.98241     7.92100     7.67501
  8.08683     8.08968     8.08465     7.99611     8.00810     7.98401     7.92339     7.67618
  8.08977     8.09394     8.08823     7.99996     8.01214     7.98712     7.92629     7.67863
  8.09260     8.09690     8.09108     8.00313     8.01523     7.98959     7.92855     7.68002
  8.09406     8.09880     8.09289     8.00534     8.01749     7.99105     7.92941     7.68080
  8.09706     8.10169     8.09583     8.00854     8.02039     7.99355     7.93179     7.68279
  8.09830     8.10256     8.09725     8.01015     8.02193     7.99474     7.93336     7.68328
  8.10113     8.10502     8.09975     8.01364     8.02443     7.99706     7.93517     7.68472
  8.10346     8.10710     8.10189     8.01620     8.02671     7.99933     7.93712     7.68568
  8.10619     8.10926     8.10400     8.01933     8.02969     8.00157     7.93909     7.68638
  8.10912     8.11172     8.10660     8.02206     8.03242     8.00431     7.94053     7.68718
  8.11175     8.11374     8.10832     8.02406     8.03513     8.00646     7.94220     7.68740
  8.11462     8.11639     8.11072     8.02662     8.03812     8.00899     7.94307     7.68810
  8.11698     8.11797     8.11196     8.02804     8.03975     8.01061     7.94364     7.68788
  8.11993     8.12044     8.11414     8.03083     8.04252     8.01309     7.94463     7.68845
  8.12238     8.12175     8.11530     8.03219     8.04388     8.01439     7.94514     7.68789
  8.12502     8.12333     8.11678     8.03415     8.04551     8.01612     7.94537     7.68790
  8.12738     8.12462     8.11775     8.03561     8.04664     8.01710     7.94553     7.68688
  8.12938     8.12581     8.11874     8.03674     8.04768     8.01822     7.94515     7.68598
  8.13108     8.12650     8.11919     8.03752     8.04844     8.01865     7.94447     7.68449
  8.13249     8.12750     8.12010     8.03826     8.04931     8.01970     7.94409     7.68348
  8.13335     8.12729     8.11991     8.03790     8.04933     8.01950     7.94261     7.68148
  8.13451     8.12755     8.12025     8.03831     8.04974     8.02003     7.94204     7.67997
  8.13492     8.12686     8.11963     8.03766     8.04906     8.01934     7.94051     7.67782
  8.13520     8.12629     8.11921     8.03747     8.04844     8.01886     7.93890     7.67551
  8.13542     8.12547     8.11852     8.03677     8.04758     8.01805     7.93732     7.67359
  8.13494     8.12457     8.11758     8.03606     8.04645     8.01724     7.93474     7.67146
  8.13470     8.12364     8.11661     8.03517     8.04535     8.01603     7.93237     7.66768
  8.13344     8.12213     8.11479     8.03369     8.04337     8.01431     7.92909     7.66440
  8.13197     8.11991     8.11236     8.03167     8.04078     8.01184     7.92565     7.65947
  8.12922     8.11731     8.10950     8.02904     8.03770     8.00869     7.92154     7.65511
  8.12682     8.11439     8.10671     8.02618     8.03451     8.00551     7.91737     7.65164
  8.12331     8.11096     8.10321     8.02280     8.03069     8.00164     7.91283     7.64701
  8.12059     8.10819     8.10053     8.01978     8.02745     7.99844     7.90872     7.64386
  8.11653     8.10414     8.09651     8.01563     8.02317     7.99387     7.90351     7.63888
  8.11348     8.10086     8.09320     8.01216     8.01944     7.99040     7.89956     7.63530
  8.10969     8.09671     8.08911     8.00818     8.01533     7.98610     7.89486     7.63053
  8.10578     8.09228     8.08502     8.00394     8.01097     7.98176     7.88995     7.62583
  8.10339     8.08908     8.08184     8.00091     8.00755     7.97857     7.88596     7.62212
  8.09908     8.08396     8.07684     7.99587     8.00240     7.97361     7.88033     7.61664
  8.09554     8.07990     8.07247     7.99124     7.99787     7.96942     7.87507     7.61178
  8.09239     8.07569     8.06805     7.98670     7.99363     7.96561     7.86981     7.60709
  8.08902     8.07110     8.06312     7.98172     7.98900     7.96155     7.86483     7.60191
  8.08592     8.06667     8.05837     7.97686     7.98457     7.95808     7.85930     7.59684
  8.08638     8.06364     8.05528     7.97373     7.98174     7.95633     7.85630     7.59344
  8.08182     8.05867     8.05015     7.96854     7.97703     7.95261     7.85142     7.58840
  8.08224     8.05577     8.04673     7.96507     7.97397     7.95099     7.84796     7.58488
  8.07874     8.05158     8.04267     7.96089     7.97037     7.94838     7.84378     7.58076
  8.07699     8.04794     8.03854     7.95679     7.96684     7.94607     7.83902     7.57658
  8.07590     8.04471     8.03508     7.95352     7.96395     7.94413     7.83499     7.57294
  8.07371     8.04077     8.03067     7.94915     7.96020     7.94129     7.83052     7.56824
  8.07302     8.03836     8.02749     7.94649     7.95796     7.93962     7.82727     7.56497
  8.06887     8.03146     8.01890     7.93824     7.95063     7.93365     7.81877     7.55609
  8.06715     8.02867     8.01557     7.93483     7.94762     7.93151     7.81486     7.55256
  8.06534     8.02526     8.01168     7.93085     7.94403     7.92848     7.80991     7.54836
  8.06308     8.02211     8.00817     7.92719     7.94092     7.92590     7.80555     7.54428
  8.06168     8.01893     8.00481     7.92399     7.93769     7.92306     7.80091     7.54015
  8.05966     8.01558     8.00142     7.92057     7.93445     7.91996     7.79660     7.53640
  8.05729     8.01225     7.99790     7.91729     7.93092     7.91656     7.79185     7.53199
  8.05505     8.00906     7.99483     7.91410     7.92800     7.91335     7.78825     7.52878
  8.05247     8.00592     7.99159     7.91124     7.92487     7.91004     7.78449     7.52496
  8.05047     8.00333     7.98919     7.90872     7.92261     7.90728     7.78188     7.52393
  8.04762     8.00024     7.98625     7.90603     7.91969     7.90380     7.77839     7.51990
  8.04589     7.99840     7.98468     7.90478     7.91805     7.90172     7.77623     7.51969
  8.04353     7.99645     7.98315     7.90320     7.91613     7.89922     7.77301     7.51673
  8.04133     7.99450     7.98151     7.90181     7.91450     7.89662     7.76997     7.51458
  8.03994     7.99402     7.98138     7.90170     7.91389     7.89529     7.76857     7.51326
  8.03784     7.99243     7.98023     7.90058     7.91247     7.89293     7.76571     7.51128
  8.03656     7.99233     7.98042     7.90095     7.91210     7.89158     7.76460     7.51004
  8.03482     7.99191     7.98038     7.90103     7.91157     7.89008     7.76271     7.50948
  8.03325     7.99236     7.98101     7.90188     7.91148     7.88874     7.76168     7.50879
  8.03153     7.99230     7.98134     7.90232     7.91114     7.88738     7.75959     7.50864
  8.03053     7.99365     7.98287     7.90406     7.91194     7.88687     7.75971     7.50906
  8.02983     7.99482     7.98427     7.90551     7.91262     7.88656     7.75915     7.50941
  8.02994     7.99686     7.98659     7.90802     7.91414     7.88706     7.76027     7.51047
  8.03092     7.99962     7.98965     7.91103     7.91644     7.88844     7.76220     7.51239
  8.03235     8.00281     7.99335     7.91443     7.91882     7.89004     7.76446     7.51448
  8.03451     8.00638     7.99737     7.91831     7.92210     7.89240     7.76717     7.51755
  8.03764     8.01094     8.00253     7.92296     7.92592     7.89567     7.77094     7.52102
  8.04117     8.01584     8.00788     7.92803     7.93177     7.89951     7.77502     7.52530
  8.04527     8.02116     8.01355     7.93338     7.93656     7.90379     7.77943     7.52974
  8.04965     8.02644     8.01930     7.93999     7.94287     7.90844     7.78400     7.53470
  8.05446     8.03231     8.02541     7.94583     7.94831     7.91337     7.78889     7.53972
  8.05872     8.03710     8.03074     7.95201     7.95315     7.91782     7.79233     7.54444
  8.06295     8.04038     8.03593     7.95705     7.95781     7.92201     7.79667     7.54918
  8.06679     8.04477     8.04078     7.96194     7.96247     7.92629     7.80045     7.55343
  8.06992     8.04696     8.04488     7.96596     7.96591     7.92971     7.80354     7.55750
  8.07261     8.05021     8.04834     7.96952     7.96924     7.93268     7.80636     7.56071
  8.07524     8.05351     8.05177     7.97294     7.97224     7.93568     7.80917     7.56431
  8.07638     8.05535     8.05391     7.97500     7.97524     7.93714     7.81025     7.56609
  8.07825     8.05800     8.05657     7.97766     7.97769     7.93943     7.81291     7.56893
  8.07845     8.05872     8.05743     7.97904     7.97963     7.93987     7.81317     7.57021
  8.07984     8.06092     8.05971     7.98126     7.98235     7.94172     7.81495     7.57266
  8.08022     8.06177     8.06057     7.98252     7.98309     7.94236     7.81525     7.57415
  8.08081     8.06177     8.06160     7.98355     7.98470     7.94307     7.81565     7.57596
  8.08164     8.06293     8.06288     7.98492     7.98590     7.94427     7.81647     7.57767
  8.08234     8.06224     8.06385     7.98581     7.98666     7.94510     7.81719     7.57944
  8.08386     8.06359     8.06514     7.98739     7.98820     7.94668     7.81854     7.58144
  8.08470     8.06363     8.06574     7.98805     7.98882     7.94751     7.81932     7.58317
  8.08675     8.06550     8.06741     7.98983     7.99062     7.94982     7.82098     7.58533
  8.08739     8.06550     8.06710     7.98988     7.99104     7.95043     7.82150     7.58623
  8.08904     8.06654     8.06810     7.99113     7.99232     7.95231     7.82241     7.58380
  8.09007     8.06670     8.06828     7.99169     7.99311     7.95331     7.82341     7.58487
  8.09135     8.06691     8.06865     7.99235     7.99398     7.95457     7.82389     7.58139
  8.09219     8.06693     8.06874     7.99252     7.99440     7.95552     7.82437     7.58246
  8.09335     8.06688     8.06889     7.99282     7.99502     7.95671     7.82472     7.58268
  8.09380     8.06669     8.06797     7.99202     7.99487     7.95754     7.82416     7.58279
  8.09535     8.06673     8.06770     7.99209     7.99527     7.95884     7.82464     7.58247
  8.09534     8.06572     8.06566     7.99057     7.99420     7.95888     7.82301     7.58091
  8.09721     8.06608     8.06516     7.99046     7.99464     7.96010     7.82361     7.58055
  8.09715     8.06488     8.06280     7.98887     7.99335     7.95988     7.82151     7.57849
  8.09935     8.06582     8.06263     7.98889     7.99412     7.96145     7.82185     7.57897
  8.10003     8.06531     8.06100     7.98777     7.99354     7.96146     7.82029     7.57765
  8.10235     8.06637     8.06109     7.98792     7.99413     7.96302     7.82057     7.57759
  8.10311     8.06413     8.05876     7.98483     7.99223     7.96234     7.81740     7.57345
  8.10456     8.06440     8.05827     7.98462     7.99259     7.96357     7.81720     7.57251
  8.10535     8.06322     8.05785     7.98330     7.99170     7.96334     7.81578     7.57072
  8.10636     8.06324     8.05688     7.98296     7.99145     7.96387     7.81492     7.56918
  8.10618     8.06142     8.05458     7.98098     7.98935     7.96265     7.81218     7.56675
  8.10538     8.05960     8.05201     7.97953     7.98730     7.96123     7.80939     7.56359
  8.10413     8.05667     8.04895     7.97684     7.98461     7.95925     7.80580     7.55986
  8.10269     8.05380     8.04591     7.97462     7.98211     7.95702     7.80281     7.55616
  8.10118     8.05045     8.04277     7.97167     7.97929     7.95461     7.79940     7.55199
  8.10023     8.04793     8.04052     7.96964     7.97731     7.95286     7.79688     7.54907
  8.09865     8.04500     8.03647     7.96679     7.97530     7.95061     7.79421     7.54536
  8.09749     8.04254     8.03403     7.96466     7.97336     7.94873     7.79156     7.54227
  8.09618     8.04070     8.03107     7.96292     7.97221     7.94716     7.78956     7.53949
  8.09476     8.03857     8.02852     7.96114     7.97010     7.94514     7.78692     7.53577
  8.09394     8.03746     8.02738     7.96013     7.96878     7.94403     7.78553     7.53328
  8.09287     8.03595     8.02555     7.95964     7.96712     7.94249     7.78339     7.53008
  8.09243     8.03505     8.02432     7.95855     7.96558     7.94159     7.78218     7.52752
  8.09167     8.03403     8.02303     7.95821     7.96472     7.94057     7.78042     7.52458
  8.09093     8.03275     8.02268     7.95673     7.96306     7.93915     7.77775     7.52196
  8.09001     8.03153     8.02128     7.95571     7.96166     7.93784     7.77578     7.51874
  8.08922     8.03017     8.02129     7.95422     7.96053     7.93619     7.77290     7.51564
  8.08738     8.02760     8.01870     7.95213     7.95787     7.93349     7.76960     7.51139
  8.08732     8.02577     8.01688     7.95011     7.95613     7.93115     7.76658     7.50735
  8.08502     8.02308     8.01407     7.94758     7.95304     7.92773     7.76202     7.50251
  8.08459     8.02064     8.01154     7.94498     7.95001     7.92496     7.75834     7.49835
  8.08274     8.01839     8.00920     7.94270     7.94717     7.92198     7.75451     7.49399
  8.08141     8.01605     8.00722     7.94037     7.94408     7.91948     7.75106     7.49015
  8.08033     8.01400     8.00548     7.93866     7.94182     7.91718     7.74831     7.48622
  8.07970     8.01225     8.00393     7.93721     7.93983     7.91533     7.74599     7.48285
  8.07932     8.01095     8.00332     7.93662     7.93815     7.91377     7.74383     7.48014
  8.07908     8.01001     8.00276     7.93618     7.93701     7.91234     7.74182     7.47765
  8.07907     8.00948     8.00310     7.93654     7.93611     7.91128     7.74059     7.47624
  8.07971     8.00993     8.00437     7.93763     7.93620     7.91079     7.73941     7.47511
  8.07976     8.01011     8.00546     7.93885     7.93574     7.90987     7.73852     7.47411
  8.08151     8.01235     8.00832     7.94167     7.93742     7.91074     7.73927     7.47458
  8.08108     8.01294     8.00961     7.94313     7.93702     7.90967     7.73804     7.47398
  8.08189     8.01499     8.01236     7.94577     7.93832     7.90978     7.73800     7.47426
  8.08121     8.01618     8.01448     7.94765     7.93833     7.90878     7.73731     7.47429
  8.08071     8.01728     8.01661     7.94985     7.93888     7.90785     7.73606     7.47393
  8.07899     8.01750     8.01817     7.95107     7.93829     7.90586     7.73470     7.47309
  8.07699     8.01757     8.01906     7.95215     7.93782     7.90357     7.73309     7.47151
  8.07389     8.01681     8.01936     7.95232     7.93636     7.90037     7.73092     7.46990
  8.07085     8.01626     8.01925     7.95236     7.93521     7.89745     7.72940     7.46740
  8.06719     8.01584     8.01923     7.95227     7.93347     7.89426     7.72741     7.46540
  8.06412     8.01513     8.01912     7.95262     7.93250     7.89164     7.72653     7.46332
  8.06103     8.01467     8.01915     7.95286     7.93137     7.88918     7.72503     7.46118
  8.05838     8.01343     8.01890     7.95289     7.93026     7.88669     7.72384     7.45888
  8.05546     8.01219     8.01872     7.95298     7.92903     7.88441     7.72210     7.45665
  8.05358     8.01112     8.01867     7.95298     7.92829     7.88257     7.72101     7.45408
  8.05065     8.00932     8.01770     7.95202     7.92642     7.88028     7.71906     7.45130
  8.04860     8.00792     8.01665     7.95126     7.92537     7.87821     7.71764     7.44795
  8.04606     8.00606     8.01512     7.94979     7.92366     7.87589     7.71609     7.44440
  8.04438     8.00482     8.01381     7.94872     7.92249     7.87380     7.71409     7.44105
  8.04179     8.00328     8.01129     7.94686     7.92052     7.87117     7.71185     7.43678
  8.03926     8.00099     8.00911     7.94490     7.91835     7.86812     7.70889     7.43251
  8.03708     7.99958     8.00676     7.94302     7.91634     7.86559     7.70592     7.42837
  8.03403     7.99632     8.00430     7.94024     7.91342     7.86199     7.70262     7.42305
  8.03127     7.99377     8.00172     7.93769     7.91073     7.85895     7.69899     7.41821
  8.02893     7.99106     7.99967     7.93535     7.90799     7.85567     7.69500     7.41316
  8.02642     7.98830     7.99684     7.93280     7.90500     7.85251     7.69113     7.40837
  8.02429     7.98566     7.99401     7.93035     7.90242     7.84930     7.68760     7.40344
  8.02265     7.98375     7.99048     7.92841     7.90026     7.84680     7.68367     7.39905
  8.02171     7.98245     7.98871     7.92714     7.89886     7.84468     7.68165     7.39559
  8.02253     7.98334     7.98740     7.92766     7.89899     7.84394     7.67911     7.39125
  8.02216     7.98307     7.98679     7.92725     7.89805     7.84280     7.67711     7.38841
  8.02141     7.98178     7.98564     7.92640     7.89696     7.84119     7.67536     7.38571
  8.02093     7.98105     7.98484     7.92577     7.89527     7.84014     7.67397     7.38328
  8.01947     7.97891     7.98298     7.92410     7.89319     7.83779     7.67127     7.38012
  8.01915     7.97832     7.98265     7.92373     7.89166     7.83726     7.67048     7.37797
  8.01687     7.97531     7.97993     7.92099     7.88871     7.83435     7.66713     7.37483
  8.01586     7.97390     7.97781     7.91964     7.88750     7.83316     7.66553     7.37233
  8.01448     7.97146     7.97556     7.91753     7.88500     7.83085     7.66273     7.36962
  8.01180     7.96809     7.97126     7.91406     7.88200     7.82777     7.65920     7.36531
  8.01007     7.96536     7.96850     7.91138     7.87923     7.82514     7.65619     7.36215
  8.00694     7.96178     7.96462     7.90763     7.87567     7.82143     7.65245     7.35752
  8.00534     7.95930     7.96187     7.90516     7.87315     7.81904     7.64952     7.35507
  8.00323     7.95688     7.95890     7.90246     7.87126     7.81629     7.64662     7.35222
  8.00242     7.95510     7.95689     7.90078     7.86936     7.81451     7.64476     7.35043
  8.00208     7.95394     7.95518     7.89946     7.86879     7.81317     7.64305     7.34903
  8.00251     7.95336     7.95441     7.89885     7.86800     7.81249     7.64239     7.34854
  8.00299     7.95303     7.95377     7.89850     7.86773     7.81215     7.64241     7.34834
  8.00511     7.95348     7.95414     7.89884     7.86791     7.81253     7.64247     7.34929
  8.00585     7.95396     7.95449     7.89929     7.86800     7.81293     7.64302     7.35004
  8.00853     7.95527     7.95603     7.90059     7.86929     7.81452     7.64484     7.35231
  8.00947     7.95616     7.95686     7.90131     7.86993     7.81552     7.64572     7.35398
  8.01158     7.95782     7.95886     7.90326     7.87163     7.81772     7.64832     7.35672
  8.01288     7.95882     7.95992     7.90448     7.87269     7.81923     7.64994     7.35907
  8.01533     7.96090     7.96205     7.90681     7.87454     7.82174     7.65251     7.36189
  8.01684     7.96191     7.96298     7.90800     7.87544     7.82333     7.65402     7.36412
  8.01969     7.96426     7.96525     7.91043     7.87758     7.82609     7.65680     7.36713
  8.02131     7.96567     7.96643     7.91157     7.87878     7.82787     7.65885     7.36968
  8.02377     7.96762     7.96861     7.91357     7.88089     7.83043     7.66054     7.37212
  8.02553     7.96908     7.96986     7.91485     7.88232     7.83245     7.66246     7.37448
  8.02818     7.97130     7.97237     7.91692     7.88440     7.83536     7.66418     7.37664
  8.03004     7.97261     7.97345     7.91795     7.88585     7.83730     7.66557     7.37864
  8.03248     7.97425     7.97534     7.91941     7.88735     7.83992     7.66739     7.38046
  8.03496     7.97646     7.97738     7.92134     7.88919     7.84255     7.66951     7.38296
  8.03737     7.97831     7.97931     7.92293     7.89087     7.84513     7.67070     7.38457
  8.03944     7.98008     7.98064     7.92438     7.89212     7.84704     7.67180     7.38646
  8.04245     7.98270     7.98308     7.92666     7.89455     7.84994     7.67305     7.38827
  8.04425     7.98438     7.98379     7.92770     7.89574     7.85128     7.67374     7.38923
  8.04733     7.98700     7.98574     7.92957     7.89822     7.85393     7.67485     7.39105
  8.04930     7.98895     7.98670     7.93073     7.89963     7.85565     7.67566     7.39202
  8.05214     7.99155     7.98861     7.93247     7.90175     7.85817     7.67691     7.39356
  8.05434     7.99307     7.98972     7.93357     7.90308     7.86005     7.67766     7.39525
  8.05640     7.99424     7.99076     7.93444     7.90416     7.86171     7.67849     7.39578
  8.05834     7.99502     7.99169     7.93535     7.90489     7.86331     7.67921     7.39691
  8.06063     7.99622     7.99295     7.93659     7.90648     7.86528     7.68027     7.39747
  8.06184     7.99617     7.99292     7.93693     7.90635     7.86609     7.68011     7.39741
  8.06386     7.99713     7.99404     7.93800     7.90782     7.86785     7.68161     7.39798
  8.06554     7.99785     7.99437     7.93893     7.90853     7.86908     7.68188     7.39861
  8.06720     7.99808     7.99462     7.93935     7.90936     7.87016     7.68317     7.39904
  8.07003     8.00001     7.99615     7.94129     7.91128     7.87244     7.68502     7.40082
  8.07183     8.00078     7.99691     7.94234     7.91275     7.87380     7.68587     7.40149
  8.07474     8.00242     7.99860     7.94453     7.91484     7.87615     7.68768     7.40339
  8.07603     8.00301     7.99898     7.94512     7.91583     7.87694     7.68789     7.40360
  8.07796     8.00429     8.00028     7.94672     7.91752     7.87858     7.68904     7.40485
  8.07865     8.00457     8.00038     7.94722     7.91731     7.87885     7.68898     7.40456
  8.07974     8.00562     8.00113     7.94810     7.91824     7.87975     7.68950     7.40506
  8.08018     8.00609     8.00155     7.94894     7.91814     7.87999     7.68939     7.40531
  8.07987     8.00632     8.00157     7.94903     7.91820     7.87982     7.68895     7.40519
  8.07931     8.00642     8.00148     7.94905     7.91811     7.87939     7.68785     7.40531
  8.07860     8.00641     8.00141     7.94933     7.91783     7.87914     7.68737     7.40505
  8.07789     8.00679     8.00166     7.94955     7.91805     7.87889     7.68704     7.40539
  8.07726     8.00642     8.00157     7.94977     7.91778     7.87875     7.68682     7.40526
  8.07586     8.00633     8.00137     7.94998     7.91765     7.87848     7.68708     7.40533
  8.07539     8.00658     8.00150     7.94887     7.91773     7.87862     7.68695     7.40599
  8.07475     8.00627     8.00132     7.94844     7.91745     7.87849     7.68699     7.40552
  8.07453     8.00666     8.00188     7.94710     7.91763     7.87864     7.68711     7.40610
  8.07338     8.00590     8.00148     7.94618     7.91709     7.87821     7.68642     7.40524
  8.07271     8.00560     8.00151     7.94576     7.91673     7.87766     7.68584     7.40495
  8.07172     8.00474     8.00103     7.94498     7.91580     7.87678     7.68451     7.40371
  8.07106     8.00432     8.00084     7.94438     7.91517     7.87604     7.68363     7.40325
  8.07001     8.00310     7.99999     7.94326     7.91409     7.87479     7.68117     7.40182
  8.07004     8.00316     8.00018     7.94340     7.91408     7.87466     7.68109     7.40190
  8.06972     8.00265     7.99993     7.94282     7.91336     7.87402     7.67718     7.40059
  8.06957     8.00284     8.00021     7.94307     7.91338     7.87386     7.67665     7.40030
  8.07040     8.00342     8.00097     7.94353     7.91352     7.87411     7.67384     7.39991
  8.07102     8.00442     8.00186     7.94423     7.91406     7.87433     7.67325     7.39935
  8.07153     8.00542     8.00280     7.94478     7.91456     7.87473     7.67299     7.39922
  8.07270     8.00705     8.00422     7.94599     7.91553     7.87551     7.67326     7.39941
  8.07283     8.00751     8.00456     7.94596     7.91528     7.87545     7.67332     7.39856
  8.07345     8.00872     8.00559     7.94672     7.91569     7.87596     7.67378     7.39868
  8.07344     8.00883     8.00576     7.94636     7.91533     7.87572     7.67371     7.39769
  8.07322     8.00871     8.00577     7.94634     7.91496     7.87534     7.67323     7.39646
  8.07272     8.00851     8.00582     7.94617     7.91461     7.87500     7.67067     7.39550
  8.07227     8.00786     8.00543     7.94607     7.91378     7.87423     7.66950     7.39376
  8.07129     8.00702     8.00516     7.94534     7.91267     7.87321     7.66613     7.39241
  8.07087     8.00627     8.00449     7.94506     7.91154     7.87236     7.66502     7.39091
  8.07004     8.00506     8.00413     7.94406     7.91048     7.87113     7.66399     7.38948
  8.06906     8.00375     8.00271     7.94297     7.90885     7.86973     7.66301     7.38773
  8.06841     8.00236     8.00202     7.94224     7.90789     7.86985     7.66209     7.38635
  8.06733     8.00091     8.00075     7.94089     7.90630     7.86822     7.66104     7.38410
  8.06526     7.99837     7.99855     7.93848     7.90394     7.86684     7.65864     7.38156
  8.06415     7.99638     7.99696     7.93665     7.90201     7.86485     7.65667     7.37869
  8.06216     7.99404     7.99484     7.93434     7.89992     7.86254     7.64961     7.37729
  8.06105     7.99246     7.99312     7.93256     7.89810     7.86090     7.64774     7.37498
  8.06008     7.99115     7.99336     7.93118     7.89682     7.85927     7.64156     7.37384
  8.05908     7.98999     7.99179     7.92965     7.89534     7.85799     7.64019     7.37177
  8.05794     7.98878     7.99166     7.92792     7.89386     7.85607     7.63854     7.36992
  8.05729     7.98792     7.99022     7.92660     7.89254     7.85493     7.63706     7.36804
  8.05651     7.98694     7.98902     7.92524     7.89110     7.85320     7.63546     7.36649
  8.05558     7.98588     7.98754     7.92371     7.88956     7.85186     7.63404     7.36477
  8.05391     7.98407     7.98562     7.92154     7.88751     7.84945     7.63197     7.36239
  8.05242     7.98228     7.98380     7.91965     7.88544     7.84799     7.63057     7.36013
  8.05014     7.97981     7.98116     7.91689     7.88299     7.84557     7.62807     7.35986
  8.04806     7.97754     7.97850     7.91434     7.88049     7.84372     7.62598     7.35716
  8.04677     7.97520     7.97608     7.91186     7.87812     7.84162     7.62381     7.35703
  8.04471     7.97279     7.97305     7.90891     7.87552     7.83935     7.62133     7.35436
  8.04473     7.97145     7.97159     7.90748     7.87421     7.83820     7.62038     7.35278
  8.04372     7.96976     7.96944     7.90549     7.87252     7.83669     7.61829     7.35055
  8.04374     7.96841     7.96790     7.90404     7.87134     7.83574     7.61694     7.34860
  8.04345     7.96680     7.96578     7.90216     7.86997     7.83455     7.61505     7.34626
  8.04223     7.96412     7.96271     7.89930     7.86741     7.83281     7.61231     7.34281
  8.04164     7.96204     7.96018     7.89685     7.86508     7.83091     7.61018     7.33996
  8.03934     7.95822     7.95610     7.89281     7.86111     7.82797     7.60657     7.33512
  8.03699     7.95487     7.95237     7.88900     7.85737     7.82449     7.60307     7.33067
  8.03535     7.95165     7.94864     7.88538     7.85353     7.82130     7.59907     7.32796
  8.03274     7.94795     7.94451     7.88096     7.84944     7.81736     7.59529     7.32303
  8.03111     7.94497     7.94090     7.87744     7.84589     7.81434     7.59133     7.32006
  8.03035     7.94319     7.93848     7.87513     7.84353     7.81234     7.58912     7.31668
