  7.94870     7.95690     7.95675     7.86624     7.89498     7.88680     7.83783     7.63096
  7.94988     7.95806     7.95751     7.86663     7.89631     7.88836     7.83987     7.63285
  7.95224     7.96046     7.95952     7.86868     7.89841     7.89102     7.84258     7.63573
  7.95326     7.96122     7.95963     7.86857     7.89901     7.89202     7.84396     7.63682
  7.95558     7.96341     7.96118     7.87019     7.90056     7.89421     7.84642     7.63944
  7.95773     7.96510     7.96203     7.87120     7.90192     7.89610     7.84867     7.64143
  7.95729     7.96427     7.95958     7.86892     7.90026     7.89576     7.84967     7.64134
  7.95916     7.96616     7.96086     7.86998     7.90151     7.89782     7.85203     7.64352
  7.96360     7.97040     7.96457     7.87344     7.90573     7.90258     7.85713     7.64729
  7.96742     7.97411     7.96774     7.87635     7.90878     7.90646     7.86125     7.65096
  7.96414     7.97029     7.96319     7.87168     7.90458     7.90324     7.85773     7.64640
  7.96415     7.96997     7.96199     7.87070     7.90316     7.90293     7.85795     7.64557
  7.96544     7.97059     7.96173     7.87035     7.90319     7.90393     7.85899     7.64527
  7.96480     7.96996     7.96019     7.86894     7.90120     7.90320     7.85876     7.64394
  7.96432     7.96890     7.95854     7.86716     7.89980     7.90235     7.85823     7.64233
  7.96369     7.96819     7.95711     7.86584     7.89835     7.90148     7.85758     7.64079
  7.96256     7.96648     7.95531     7.86373     7.89641     7.90010     7.85644     7.63865
  7.96232     7.96636     7.95455     7.86301     7.89539     7.89934     7.85581     7.63745
  7.95993     7.96509     7.95337     7.86153     7.89373     7.89800     7.85464     7.63509
  7.96014     7.96572     7.95397     7.86203     7.89372     7.89819     7.85509     7.63504
  7.95765     7.96499     7.95341     7.86089     7.89250     7.89706     7.85404     7.63321
  7.95693     7.96499     7.95350     7.86074     7.89208     7.89649     7.85334     7.63231
  7.95667     7.96515     7.95408     7.86090     7.89195     7.89607     7.85358     7.63202
  7.95551     7.96484     7.95370     7.86030     7.89130     7.89471     7.85257     7.63118
  7.95446     7.96456     7.95339     7.86010     7.89045     7.89349     7.85170     7.63015
  7.95375     7.96471     7.95348     7.86011     7.89024     7.89245     7.85110     7.63002
  7.95227     7.96397     7.95295     7.85961     7.88932     7.89100     7.84959     7.62883
  7.95235     7.96500     7.95419     7.86063     7.89016     7.89107     7.85048     7.62951
  7.95030     7.96454     7.95272     7.86084     7.88992     7.89029     7.85017     7.62881
  7.95034     7.96521     7.95410     7.86194     7.89074     7.89050     7.85151     7.62940
  7.95005     7.96653     7.95443     7.86376     7.89232     7.89153     7.85399     7.63027
  7.95048     7.96740     7.95594     7.86502     7.89324     7.89213     7.85522     7.63109
  7.95118     7.96822     7.95756     7.86649     7.89436     7.89270     7.85747     7.63180
  7.95182     7.96935     7.95925     7.86799     7.89570     7.89364     7.85951     7.63298
  7.95279     7.97035     7.96081     7.86949     7.89685     7.89432     7.86156     7.63405
  7.95336     7.97166     7.96222     7.87065     7.89798     7.89518     7.86363     7.63488
  7.95760     7.97613     7.96692     7.87526     7.90247     7.89917     7.86837     7.63955
  7.95970     7.97897     7.96961     7.87775     7.90512     7.90156     7.87137     7.64165
  7.96389     7.98331     7.97438     7.88344     7.90941     7.90558     7.87541     7.64662
  7.96711     7.98719     7.97848     7.88757     7.91358     7.90933     7.87918     7.65044
  7.97177     7.99174     7.98283     7.89361     7.91830     7.91363     7.88373     7.65523
  7.97400     7.99473     7.98587     7.89652     7.92168     7.91643     7.88632     7.65843
  7.97752     7.99815     7.98906     7.90042     7.92533     7.91961     7.88993     7.66222
  7.97957     7.99996     7.99067     7.90181     7.92737     7.92101     7.89155     7.66418
  7.97866     7.99915     7.99049     7.90156     7.92683     7.91998     7.89077     7.66438
  7.97900     7.99810     7.99000     7.90100     7.92643     7.91938     7.89053     7.66442
  7.97605     7.99519     7.98729     7.89853     7.92359     7.91637     7.88757     7.66248
  7.97365     7.99204     7.98478     7.89592     7.92118     7.91372     7.88539     7.66013
  7.96914     7.98738     7.97997     7.89190     7.91643     7.90906     7.88088     7.65619
  7.96564     7.98398     7.97667     7.88837     7.91301     7.90564     7.87820     7.65305
  7.96105     7.97929     7.97314     7.88406     7.90821     7.90081     7.87381     7.64866
  7.95656     7.97535     7.96911     7.87986     7.90422     7.89697     7.87048     7.64521
  7.95353     7.97238     7.96752     7.87689     7.90123     7.89419     7.86823     7.64293
  7.95112     7.96901     7.96399     7.87313     7.89782     7.89079     7.86492     7.63988
  7.94862     7.96636     7.96135     7.87044     7.89502     7.88809     7.86288     7.63792
  7.94720     7.96485     7.95831     7.86705     7.89188     7.88509     7.86018     7.63532
  7.94565     7.96294     7.95619     7.86483     7.88952     7.88286     7.85823     7.63329
  7.94349     7.96194     7.95378     7.86212     7.88695     7.88052     7.85585     7.63104
  7.94215     7.96024     7.95191     7.86015     7.88508     7.87871     7.85437     7.62874
  7.94001     7.95811     7.94977     7.85778     7.88285     7.87684     7.85200     7.62670
  7.93786     7.95574     7.94705     7.85512     7.88010     7.87408     7.84994     7.62380
  7.93568     7.95368     7.94451     7.85269     7.87771     7.87199     7.84764     7.62143
  7.93507     7.95284     7.94341     7.85151     7.87616     7.87080     7.84673     7.62013
  7.93246     7.95014     7.94029     7.84863     7.87305     7.86791     7.84420     7.61692
  7.93117     7.94837     7.93837     7.84663     7.87081     7.86611     7.84239     7.61461
  7.92859     7.94557     7.93549     7.84382     7.86779     7.86327     7.84000     7.61158
  7.92713     7.94352     7.93340     7.84178     7.86571     7.86119     7.83845     7.60908
  7.92440     7.94046     7.93037     7.83879     7.86254     7.85818     7.83593     7.60620
  7.92251     7.93780     7.92765     7.83616     7.85975     7.85516     7.83386     7.60307
  7.91841     7.93339     7.92316     7.83158     7.85533     7.85048     7.83005     7.59822
  7.91696     7.93174     7.92118     7.83014     7.85378     7.84845     7.82869     7.59629
  7.91392     7.92846     7.91787     7.82710     7.85082     7.84493     7.82649     7.59306
  7.91200     7.92651     7.91588     7.82588     7.84926     7.84274     7.82563     7.59119
  7.90864     7.92350     7.91317     7.82364     7.84644     7.83881     7.82329     7.58857
  7.90844     7.92309     7.91328     7.82441     7.84654     7.83834     7.82363     7.58867
  7.90496     7.92018     7.91080     7.82242     7.84389     7.83445     7.82139     7.58855
  7.90343     7.91855     7.90984     7.82200     7.84285     7.83278     7.82096     7.58818
  7.90475     7.91933     7.91137     7.82373     7.84439     7.83349     7.82329     7.59227
  7.90308     7.91822     7.91067     7.82358     7.84405     7.83212     7.82369     7.59262
  7.90504     7.92022     7.91324     7.82609     7.84679     7.83365     7.82708     7.59566
  7.90427     7.92057     7.91412     7.82726     7.84760     7.83347     7.82881     7.59706
  7.90547     7.92297     7.91550     7.83017     7.85054     7.83535     7.83218     7.60041
  7.90553     7.92431     7.91764     7.83254     7.85239     7.83601     7.83464     7.60296
  7.90940     7.92778     7.92043     7.83689     7.85652     7.83926     7.83894     7.60748
  7.91213     7.93147     7.92518     7.84211     7.86109     7.84269     7.84346     7.61280
  7.91717     7.93599     7.93048     7.84775     7.86645     7.84685     7.84831     7.61894
  7.92029     7.94014     7.93565     7.85342     7.87130     7.85091     7.85349     7.62459
  7.92632     7.94661     7.94314     7.86111     7.87876     7.85641     7.86049     7.63280
  7.92914     7.95080     7.94815     7.86665     7.88352     7.86045     7.86593     7.63819
  7.93460     7.95725     7.95541     7.87389     7.89078     7.86581     7.87315     7.64575
  7.93768     7.96176     7.96088     7.87979     7.89614     7.87095     7.87894     7.65118
  7.94147     7.96699     7.96561     7.88584     7.90185     7.87600     7.88500     7.65731
  7.94437     7.97122     7.97067     7.89129     7.90707     7.88068     7.89052     7.66196
  7.94619     7.97399     7.97313     7.89485     7.91050     7.88359     7.89349     7.66565
  7.95019     7.97900     7.97880     7.90090     7.91638     7.88852     7.89959     7.67109
  7.95107     7.98073     7.98115     7.90320     7.91889     7.89015     7.90127     7.67346
  7.95532     7.98593     7.98684     7.90821     7.92466     7.89518     7.90685     7.67867
  7.95856     7.98961     7.99095     7.91239     7.92880     7.89850     7.91079     7.68248
  7.96086     7.99249     7.99420     7.91538     7.93182     7.90126     7.91427     7.68511
  7.96424     7.99605     7.99799     7.91922     7.93548     7.90450     7.91718     7.68854
  7.96726     7.99939     8.00167     7.92312     7.93896     7.90800     7.92085     7.69109
  7.96913     8.00158     8.00401     7.92523     7.94077     7.91011     7.92231     7.69268
  7.97182     8.00480     8.00731     7.92816     7.94407     7.91332     7.92537     7.69474
  7.97541     8.00856     8.01113     7.93165     7.94751     7.91696     7.92848     7.69749
  7.97613     8.00972     8.01215     7.93192     7.94823     7.91795     7.92919     7.69738
  7.97986     8.01330     8.01560     7.93522     7.95142     7.92117     7.93177     7.69998
  7.98042     8.01386     8.01578     7.93372     7.95112     7.92168     7.93135     7.69914
  7.98322     8.01626     8.01761     7.93517     7.95266     7.92354     7.93246     7.69989
  7.98539     8.01799     8.01875     7.93505     7.95365     7.92534     7.93419     7.70016
  7.98981     8.02173     8.02163     7.93756     7.95637     7.92879     7.93637     7.70180
  7.99267     8.02378     8.02288     7.93842     7.95775     7.93102     7.93765     7.70189
  7.99463     8.02473     8.02295     7.93842     7.95773     7.93195     7.93682     7.70072
  7.99828     8.02710     8.02452     7.93969     7.95929     7.93508     7.93737     7.70106
  7.99971     8.02741     8.02376     7.93868     7.95842     7.93527     7.93570     7.69894
  8.00175     8.02778     8.02341     7.93758     7.95785     7.93612     7.93493     7.69748
  8.00502     8.02952     8.02415     7.93812     7.95850     7.93778     7.93551     7.69692
  8.00582     8.02589     8.02289     7.93666     7.95492     7.93796     7.93040     7.70025
  8.00809     8.02617     8.02253     7.93649     7.95485     7.93825     7.92985     7.69868
  8.00884     8.02269     8.02151     7.93576     7.95181     7.93867     7.92478     7.70205
  8.01108     8.02329     8.02157     7.93599     7.95237     7.93919     7.92472     7.70114
  8.01286     8.02386     8.02169     7.93562     7.95248     7.93985     7.92407     7.70003
  8.01269     8.02273     8.02012     7.93411     7.95084     7.93851     7.92183     7.69783
  8.01478     8.02407     8.02108     7.93439     7.95166     7.93984     7.92216     7.69798
  8.01281     8.02126     8.01740     7.93139     7.94836     7.93707     7.91814     7.69452
  8.01257     8.02032     8.01618     7.92951     7.94765     7.93609     7.91650     7.69295
  8.01169     8.01852     8.01344     7.92736     7.94574     7.93417     7.91428     7.69009
  8.01230     8.01868     8.01338     7.92669     7.94608     7.93427     7.91385     7.68959
  8.01216     8.01844     8.01210     7.92547     7.94491     7.93299     7.91230     7.68788
  8.01473     8.02092     8.01397     7.92712     7.94691     7.93507     7.91432     7.68956
  8.01340     8.01976     8.01193     7.92525     7.94478     7.93301     7.91197     7.68720
  8.01710     8.02309     8.01479     7.92821     7.94782     7.93604     7.91483     7.68981
  8.01709     8.02247     8.01378     7.92750     7.94571     7.93521     7.91348     7.68791
  8.01920     8.02422     8.01543     7.92927     7.94653     7.93709     7.91503     7.68927
  8.02357     8.02864     8.01955     7.93328     7.95047     7.94165     7.91897     7.69359
  8.02477     8.02988     8.02055     7.93400     7.95146     7.94273     7.91973     7.69430
  8.02724     8.03214     8.02278     7.93599     7.95366     7.94519     7.92210     7.69695
  8.03024     8.03496     8.02528     7.93830     7.95627     7.94798     7.92459     7.69918
  8.03100     8.03536     8.02584     7.93857     7.95681     7.94839     7.92504     7.69989
  8.03536     8.03941     8.02987     7.94250     7.96088     7.95274     7.92922     7.70370
  8.03814     8.04189     8.03271     7.94521     7.96339     7.95540     7.93157     7.70654
  8.04041     8.04425     8.03510     7.94761     7.96557     7.95800     7.93379     7.70872
  8.04461     8.04839     8.03961     7.95167     7.96938     7.96190     7.93847     7.71290
  8.04902     8.05278     8.04412     7.95598     7.97345     7.96614     7.94236     7.71695
  8.05126     8.05417     8.04547     7.95711     7.97462     7.96725     7.94358     7.71852
  8.05856     8.06144     8.05288     7.96388     7.98173     7.97414     7.95284     7.72548
  8.06013     8.06208     8.05342     7.96433     7.98219     7.97460     7.95278     7.72655
  8.06732     8.06918     8.06066     7.97097     7.98921     7.98169     7.96233     7.73335
  8.06955     8.07176     8.06322     7.97341     7.99169     7.98412     7.96456     7.73641
  8.07329     8.07569     8.06715     7.97698     7.99549     7.98805     7.96799     7.74034
  8.07690     8.07976     8.07143     7.98144     7.99972     7.99220     7.97168     7.74477
  8.07749     8.08072     8.07272     7.98252     8.00093     7.99316     7.97207     7.74638
  8.08333     8.08693     8.07928     7.98914     8.00730     7.99934     7.97838     7.75257
  8.08555     8.08980     8.08235     7.99198     8.01037     8.00205     7.98146     7.75571
  8.09095     8.09574     8.08824     7.99806     8.01660     8.00747     7.98769     7.76116
  8.09486     8.10041     8.09288     8.00236     8.02124     8.01218     7.99232     7.76591
  8.10118     8.10713     8.09965     8.00902     8.02814     8.01846     7.99876     7.77186
  8.10404     8.11003     8.10283     8.01172     8.03118     8.02162     8.00147     7.77487
  8.11030     8.11628     8.10941     8.01817     8.03774     8.02806     8.00774     7.78064
  8.11441     8.12036     8.11378     8.02200     8.04196     8.03233     8.01142     7.78435
  8.11721     8.12425     8.11776     8.02637     8.04631     8.03636     8.01505     7.78737
  8.11925     8.12643     8.12005     8.02843     8.04868     8.03868     8.01694     7.78912
  8.12460     8.13279     8.12636     8.03478     8.05525     8.04496     8.02255     7.79433
  8.12528     8.13354     8.12694     8.03524     8.05611     8.04541     8.02331     7.79452
  8.13072     8.13856     8.13180     8.04027     8.06140     8.05020     8.02829     7.79847
  8.13279     8.14083     8.13377     8.04206     8.06377     8.05324     8.03010     7.79976
  8.13874     8.14657     8.13926     8.04771     8.06975     8.05873     8.03527     7.80409
  8.13719     8.14504     8.13742     8.04591     8.06832     8.05800     8.03269     7.80111
  8.14319     8.15092     8.14298     8.05163     8.07424     8.06367     8.03785     7.80554
  8.14270     8.15026     8.14213     8.05077     8.07373     8.06257     8.03634     7.80336
  8.14837     8.15509     8.14658     8.05583     8.07869     8.06726     8.04058     7.80664
  8.14776     8.15451     8.14577     8.05499     8.07814     8.06637     8.03922     7.80493
  8.15242     8.15848     8.14951     8.05923     8.08241     8.07025     8.04306     7.80776
  8.14499     8.15148     8.14219     8.05188     8.07530     8.06319     8.03469     7.80005
  8.14336     8.15002     8.14042     8.05050     8.07386     8.06167     8.03325     7.79798
  8.13359     8.14069     8.13104     8.04082     8.06499     8.05229     8.02312     7.78807
  8.13100     8.13812     8.12874     8.03821     8.06224     8.04993     8.02025     7.78472
  8.12645     8.13358     8.12414     8.03354     8.05810     8.04547     8.01538     7.77966
  8.12356     8.13080     8.12170     8.03058     8.05514     8.04285     8.01220     7.77616
  8.11927     8.12664     8.11724     8.02614     8.05066     8.03870     8.00750     7.77183
  8.11677     8.12447     8.11461     8.02331     8.04811     8.03649     8.00452     7.76907
  8.11224     8.12005     8.10947     8.01833     8.04328     8.03182     8.00018     7.76460
  8.10802     8.11579     8.10503     8.01342     8.03865     8.02736     7.99560     7.76019
  8.10445     8.11206     8.10081     8.00928     8.03457     8.02352     7.99186     7.75612
  8.09814     8.10549     8.09429     8.00237     8.02788     8.01674     7.98535     7.74992
  8.09232     8.09963     8.08857     7.99630     8.02164     8.01063     7.97884     7.74388
  8.08583     8.09296     8.08362     7.98930     8.01516     8.00402     7.97154     7.73760
  8.07854     8.08565     8.07626     7.98176     8.00750     7.99659     7.96363     7.73055
  8.07201     8.07920     8.07148     7.97501     8.00112     7.99014     7.95679     7.72460
  8.06698     8.07530     8.06656     7.97018     7.99616     7.98533     7.95150     7.72000
  8.05805     8.06662     8.05754     7.96133     7.98744     7.97671     7.94255     7.71215
  8.05104     8.06097     8.05067     7.95485     7.98084     7.97027     7.93542     7.70620
  8.04361     8.05388     8.04342     7.94755     7.97375     7.96339     7.92764     7.69985
  8.03403     8.04471     8.03401     7.93849     7.96456     7.95434     7.91829     7.69149
  8.02507     8.03671     8.02635     7.93068     7.95668     7.94678     7.91056     7.68522
  8.01638     8.02838     8.01822     7.92260     7.94850     7.93882     7.90244     7.67820
  8.00737     8.01971     8.01015     7.91480     7.94043     7.93059     7.89426     7.67073
  7.99886     8.01148     8.00262     7.90727     7.93276     7.92269     7.88657     7.66377
  7.99324     8.00713     7.99821     7.90303     7.92811     7.91758     7.88132     7.65939
  7.98682     8.00090     7.99271     7.89743     7.92228     7.91132     7.87550     7.65412
  7.97847     7.99391     7.98539     7.89055     7.91492     7.90334     7.86798     7.64726
  7.97513     7.99093     7.98304     7.88802     7.91221     7.90031     7.86516     7.64480
  7.96682     7.98330     7.97557     7.88108     7.90502     7.89250     7.85781     7.63787
  7.96170     7.97907     7.97149     7.87707     7.90094     7.88791     7.85359     7.63419
  7.95603     7.97427     7.96708     7.87293     7.89663     7.88302     7.84897     7.62950
  7.95000     7.96916     7.96230     7.86794     7.89169     7.87726     7.84374     7.62475
  7.94481     7.96469     7.95838     7.86413     7.88761     7.87260     7.83951     7.62041
  7.94124     7.96174     7.95603     7.86138     7.88473     7.86938     7.83628     7.61783
  7.93744     7.95857     7.95327     7.85872     7.88193     7.86612     7.83231     7.61501
  7.93583     7.95735     7.95236     7.85784     7.88055     7.86464     7.83083     7.61377
  7.93483     7.95674     7.95196     7.85775     7.88018     7.86401     7.82958     7.61290
  7.93373     7.95588     7.95121     7.85695     7.87896     7.86293     7.82881     7.61126
  7.93374     7.95593     7.95123     7.85738     7.87916     7.86308     7.82871     7.61091
  7.93766     7.95997     7.95521     7.86108     7.88282     7.86673     7.83251     7.61364
  7.93590     7.95839     7.95347     7.85963     7.88148     7.86518     7.83058     7.61161
  7.94428     7.96687     7.96167     7.86751     7.88966     7.87305     7.83866     7.61844
  7.94244     7.96532     7.96004     7.86592     7.88811     7.87135     7.83635     7.61583
  7.94411     7.96694     7.96143     7.86730     7.88948     7.87270     7.83754     7.61592
  7.94692     7.96993     7.96427     7.87012     7.89258     7.87586     7.84025     7.61764
  7.94790     7.97048     7.96469     7.87048     7.89290     7.87622     7.83941     7.61644
  7.95122     7.97359     7.96749     7.87340     7.89594     7.87944     7.84192     7.61824
  7.95407     7.97587     7.96904     7.87508     7.89771     7.88119     7.84238     7.61787
  7.95743     7.97838     7.97128     7.87735     7.89998     7.88374     7.84346     7.61871
  7.96007     7.98033     7.97098     7.87884     7.90155     7.88530     7.84390     7.61796
  7.96586     7.98497     7.97541     7.88324     7.90640     7.89002     7.84739     7.62029
  7.96976     7.98759     7.97616     7.88523     7.90868     7.89251     7.84839     7.62043
  7.97720     7.99337     7.98170     7.89056     7.91432     7.89866     7.85303     7.62415
  7.98188     7.99630     7.98420     7.89279     7.91680     7.90153     7.85459     7.62433
  7.98917     8.00199     7.98916     7.89755     7.92194     7.90739     7.85905     7.62771
  7.99504     8.00528     7.99194     7.90038     7.92492     7.91094     7.86094     7.62856
  8.00098     8.00974     7.99554     7.90418     7.92898     7.91529     7.86383     7.63033
  8.00672     8.01287     7.99752     7.90687     7.93183     7.91856     7.86592     7.63072
  8.01126     8.01554     7.99994     7.90923     7.93434     7.92224     7.86734     7.63130
  8.01683     8.01932     8.00313     7.91259     7.93784     7.92609     7.87067     7.63225
  8.02252     8.02326     8.00675     7.91617     7.94188     7.93116     7.87354     7.63417
  8.02733     8.02636     8.00998     7.91909     7.94498     7.93457     7.87574     7.63463
  8.03223     8.02944     8.01301     7.92225     7.94816     7.93810     7.87811     7.63612
  8.03784     8.03339     8.01671     7.92647     7.95223     7.94230     7.88087     7.63779
  8.03748     8.03103     8.01532     7.92405     7.95053     7.94077     7.87895     7.63497
  8.04132     8.03320     8.01721     7.92655     7.95270     7.94279     7.87966     7.63568
  8.04223     8.03269     8.01746     7.92578     7.95275     7.94278     7.87871     7.63400
  8.04396     8.03308     8.01720     7.92673     7.95325     7.94278     7.87773     7.63357
  8.04559     8.03416     8.01857     7.92783     7.95409     7.94372     7.87748     7.63314
  8.04769     8.03561     8.01958     7.92993     7.95557     7.94488     7.87862     7.63396
  8.04783     8.03536     8.01970     7.92977     7.95512     7.94444     7.87792     7.63296
  8.04883     8.03596     8.02049     7.93090     7.95565     7.94465     7.87882     7.63247
  8.04803     8.03494     8.01992     7.92974     7.95423     7.94315     7.87794     7.63071
  8.05095     8.03756     8.02309     7.93320     7.95691     7.94525     7.88043     7.63267
  8.04873     8.03586     8.02181     7.93114     7.95486     7.94281     7.87834     7.63056
  8.04900     8.03645     8.02289     7.93253     7.95535     7.94248     7.87847     7.63103
  8.04500     8.03338     8.02042     7.92972     7.95226     7.93873     7.87468     7.62783
  8.04574     8.03484     8.02225     7.93167     7.95344     7.93937     7.87544     7.62890
  8.04346     8.03360     8.02176     7.93101     7.95196     7.93747     7.87372     7.62754
  8.04249     8.03326     8.02182     7.93123     7.95153     7.93673     7.87279     7.62695
  8.04087     8.03291     8.02207     7.93124     7.95097     7.93617     7.87162     7.62633
  8.03599     8.02900     8.01835     7.92802     7.94689     7.93175     7.86725     7.62621
  8.03576     8.02983     8.01981     7.92941     7.94761     7.93248     7.86718     7.62639
  8.03308     8.02923     8.02012     7.93017     7.94679     7.93064     7.86589     7.62895
  8.03265     8.02970     8.02090     7.93115     7.94708     7.93027     7.86578     7.62896
  8.03267     8.03141     8.02255     7.93257     7.94834     7.93088     7.86665     7.62967
  8.03341     8.03340     8.02448     7.93472     7.94985     7.93199     7.86877     7.63092
  8.03138     8.03281     8.02401     7.93431     7.94891     7.93052     7.86741     7.62949
  8.03339     8.03543     8.02711     7.93773     7.95163     7.93259     7.87033     7.63153
  8.03047     8.03322     8.02564     7.93638     7.94919     7.93046     7.86802     7.62911
  8.02963     8.03244     8.02549     7.93674     7.94873     7.92914     7.86698     7.62636
  8.03046     8.03358     8.02734     7.93840     7.94956     7.93041     7.86766     7.62680
  8.02723     8.02985     8.02430     7.93609     7.94736     7.92606     7.86460     7.62149
  8.02683     8.03008     8.02476     7.93633     7.94759     7.92580     7.86482     7.62058
  8.02409     8.02693     8.02193     7.93408     7.94598     7.92207     7.86192     7.61663
  8.02211     8.02625     8.02059     7.93306     7.94513     7.92032     7.86000     7.61441
  8.02307     8.02733     8.02156     7.93437     7.94637     7.92095     7.86043     7.61403
  8.02597     8.03067     8.02481     7.93800     7.95004     7.92382     7.86270     7.61618
  8.02813     8.03272     8.02692     7.94036     7.95212     7.92550     7.86426     7.61738
  8.03185     8.03607     8.03081     7.94443     7.95611     7.92914     7.86827     7.62024
  8.03385     8.03771     8.03248     7.94709     7.95779     7.93065     7.86927     7.62090
  8.03712     8.04073     8.03556     7.95057     7.96100     7.93384     7.87214     7.62277
  8.04095     8.04400     8.03877     7.95479     7.96506     7.93717     7.87519     7.62452
  8.04562     8.04819     8.04312     7.95924     7.96952     7.94163     7.87835     7.62698
  8.04790     8.04987     8.04450     7.96090     7.97188     7.94344     7.87969     7.62689
  8.05139     8.05314     8.04751     7.96407     7.97548     7.94658     7.88118     7.62819
  8.05799     8.05897     8.05301     7.96970     7.98133     7.95240     7.88592     7.63201
  8.06092     8.06142     8.05517     7.97247     7.98407     7.95485     7.88689     7.63258
  8.06666     8.06603     8.05963     7.97709     7.98869     7.95941     7.89063     7.63515
  8.07105     8.06937     8.06286     7.98078     7.99207     7.96288     7.89259     7.63683
  8.07509     8.07234     8.06552     7.98391     7.99487     7.96552     7.89440     7.63743
  8.08104     8.07749     8.07046     7.98895     7.99982     7.97054     7.89791     7.64028
  8.08386     8.07931     8.07204     7.99085     8.00170     7.97209     7.89833     7.63986
  8.08996     8.08500     8.07763     7.99622     8.00721     7.97776     7.90254     7.64330
  8.09317     8.08714     8.07979     7.99820     8.00957     7.97988     7.90337     7.64353
  8.09782     8.09088     8.08362     8.00204     8.01342     7.98385     7.90621     7.64532
  8.10416     8.09612     8.08892     8.00726     8.01862     7.98902     7.91049     7.64879
  8.10671     8.09784     8.09078     8.00933     8.02027     7.99078     7.91110     7.64864
  8.11239     8.10247     8.09554     8.01402     8.02480     7.99535     7.91485     7.65187
  8.11412     8.10377     8.09680     8.01549     8.02585     7.99672     7.91443     7.65182
  8.11975     8.10870     8.10169     8.02040     8.03056     8.00130     7.91779     7.65359
  8.12282     8.11152     8.10419     8.02320     8.03286     8.00385     7.91874     7.65439
  8.12838     8.11631     8.10878     8.02811     8.03722     8.00829     7.92214     7.65608
  8.13061     8.11870     8.11089     8.03041     8.03908     8.01006     7.92289     7.65642
  8.13377     8.12133     8.11364     8.03304     8.04138     8.01235     7.92414     7.65818
  8.13336     8.12099     8.11323     8.03273     8.04062     8.01153     7.92261     7.65646
  8.13349     8.12107     8.11340     8.03252     8.04020     8.01115     7.92128     7.65600
  8.13260     8.12019     8.11254     8.03150     8.03906     8.00970     7.91916     7.65400
  8.13182     8.11918     8.11150     8.03028     8.03757     8.00846     7.91742     7.65256
  8.13268     8.11965     8.11203     8.03087     8.03804     8.00873     7.91723     7.65215
  8.13274     8.11920     8.11191     8.03056     8.03761     8.00831     7.91619     7.65119
  8.13457     8.12021     8.11295     8.03170     8.03837     8.00927     7.91631     7.65146
  8.13586     8.12068     8.11353     8.03219     8.03875     8.00983     7.91612     7.65123
  8.13450     8.11878     8.11132     8.02970     8.03636     8.00778     7.91297     7.64841
  8.14170     8.12490     8.11720     8.03536     8.04234     8.01415     7.91777     7.65344
  8.13779     8.11976     8.11173     8.02985     8.03717     8.00956     7.91225     7.64775
  8.14250     8.12312     8.11476     8.03268     8.04045     8.01376     7.91430     7.65000
  8.14131     8.11842     8.11001     8.02790     8.03597     8.01038     7.90967     7.64503
  8.13834     8.11503     8.10645     8.02427     8.03282     8.00823     7.90632     7.64146
  8.13736     8.11071     8.10161     8.01940     8.02836     8.00522     7.90148     7.63661
  8.13358     8.10624     8.09727     8.01493     8.02447     8.00234     7.89703     7.63223
  8.13002     8.10078     8.09131     8.00902     8.01914     7.99823     7.89049     7.62633
  8.12590     8.09451     8.08483     8.00276     8.01326     7.99332     7.88350     7.61983
  8.12247     8.08933     8.07917     7.99715     8.00828     7.98925     7.87781     7.61394
  8.11925     8.08440     8.07346     7.99200     8.00353     7.98509     7.87210     7.60829
  8.11402     8.07640     8.06376     7.98265     7.99512     7.97804     7.86252     7.59837
  8.10969     8.07101     8.05783     7.97667     7.98952     7.97333     7.85606     7.59238
  8.10592     8.06564     8.05199     7.97075     7.98400     7.96837     7.84921     7.58634
  8.10106     8.05989     8.04588     7.96453     7.97832     7.96323     7.84231     7.57981
  8.09787     8.05493     8.04074     7.95956     7.97332     7.95862     7.83592     7.57400
  8.09471     8.05044     8.03621     7.95502     7.96895     7.95439     7.83050     7.56917
  8.08958     8.04435     8.02995     7.94901     7.96270     7.94828     7.82306     7.56217
  8.08635     8.04018     8.02590     7.94486     7.95881     7.94410     7.81852     7.55803
  8.08101     8.03430     8.01992     7.93929     7.95297     7.93808     7.81208     7.55164
  8.07675     8.02946     8.01527     7.93454     7.94846     7.93309     7.80728     7.54849
  8.07073     8.02322     8.00919     7.92874     7.94244     7.92650     7.80073     7.54150
  8.06546     8.01785     8.00409     7.92401     7.93731     7.92093     7.79513     7.53797
  8.06156     8.01437     8.00104     7.92092     7.93388     7.91692     7.79043     7.53358
  8.05758     8.01066     7.99764     7.91778     7.93050     7.91258     7.78567     7.52977
  8.05636     8.01034     7.99768     7.91784     7.93005     7.91141     7.78443     7.52860
  8.05345     8.00795     7.99573     7.91592     7.92783     7.90826     7.78079     7.52586
  8.05112     8.00681     7.99487     7.91527     7.92644     7.90588     7.77867     7.52364
  8.04752     8.00455     7.99300     7.91353     7.92408     7.90256     7.77499     7.52136
  8.04443     8.00348     7.99211     7.91288     7.92249     7.89972     7.77248     7.51924
  8.04311     8.00382     7.99284     7.91372     7.92254     7.89875     7.77078     7.51946
  8.03921     8.00229     7.99150     7.91261     7.92049     7.89540     7.76810     7.51718
  8.03956     8.00451     7.99394     7.91508     7.92220     7.89611     7.76855     7.51850
  8.03717     8.00406     7.99378     7.91515     7.92127     7.89417     7.76727     7.51724
  8.03985     8.00851     7.99854     7.91982     7.92524     7.89721     7.77083     7.52074
  8.03790     8.00834     7.99888     7.91990     7.92429     7.89549     7.76982     7.51968
  8.04289     8.01472     8.00570     7.92656     7.93036     7.90063     7.77526     7.52539
  8.04296     8.01624     8.00783     7.92820     7.93117     7.90090     7.77608     7.52599
  8.04657     8.02123     8.01326     7.93336     7.93710     7.90482     7.78025     7.53036
  8.04995     8.02582     8.01821     7.93800     7.94118     7.90839     7.78396     7.53413
  8.05538     8.03217     8.02502     7.94565     7.94853     7.91408     7.78954     7.54007
  8.06110     8.03893     8.03202     7.95238     7.95486     7.91989     7.79531     7.54593
  8.06755     8.04591     8.03954     7.96073     7.96186     7.92650     7.80086     7.55270
  8.07252     8.04992     8.04547     7.96649     7.96725     7.93141     7.80593     7.55814
  8.07710     8.05505     8.05105     7.97211     7.97264     7.93642     7.81042     7.56308
  8.07942     8.05644     8.05435     7.97534     7.97528     7.93905     7.81273     7.56640
  8.08074     8.05831     8.05644     7.97754     7.97726     7.94067     7.81422     7.56832
  8.08321     8.06145     8.05971     7.98081     7.98010     7.94351     7.81687     7.57177
  8.08411     8.06305     8.06161     7.98263     7.98286     7.94473     7.81772     7.57332
  8.08573     8.06546     8.06403     7.98504     7.98507     7.94678     7.82014     7.57594
  8.08561     8.06586     8.06457     7.98610     7.98670     7.94690     7.82009     7.57691
  8.08496     8.06603     8.06482     7.98632     7.98741     7.94676     7.81990     7.57746
  8.08420     8.06575     8.06454     7.98645     7.98703     7.94627     7.81910     7.57788
  8.08438     8.06534     8.06517     7.98708     7.98824     7.94658     7.81910     7.57931
  8.08367     8.06496     8.06491     7.98692     7.98791     7.94627     7.81843     7.57957
  8.08624     8.06613     8.06774     7.98967     7.99051     7.94893     7.82096     7.58310
  8.08418     8.06391     8.06547     7.98771     7.98852     7.94700     7.81885     7.58175
  8.08803     8.06696     8.06907     7.99134     7.99211     7.95079     7.82254     7.58630
  8.08683     8.06558     8.06749     7.98991     7.99070     7.94990     7.82105     7.58541
  8.08747     8.06558     8.06718     7.98996     7.99112     7.95051     7.82158     7.58630
  8.08725     8.06476     8.06632     7.98937     7.99055     7.95055     7.82068     7.58212
  8.08804     8.06468     8.06625     7.98968     7.99111     7.95131     7.82145     7.58297
  8.08672     8.06230     8.06404     7.98778     7.98941     7.95002     7.81942     7.57705
  8.08716     8.06191     8.06373     7.98755     7.98943     7.95057     7.81950     7.57774
  8.08313     8.05669     8.05870     7.98273     7.98492     7.94666     7.81484     7.57311
  8.08309     8.05602     8.05729     7.98145     7.98430     7.94701     7.81381     7.57276
  8.08100     8.05243     8.05339     7.97792     7.98110     7.94473     7.81077     7.56902
  8.08220     8.05263     8.05257     7.97760     7.98123     7.94597     7.81032     7.56861
  8.08220     8.05114     8.05022     7.97565     7.97983     7.94535     7.80911     7.56651
  8.08240     8.05018     8.04811     7.97431     7.97878     7.94537     7.80726     7.56468
  8.08288     8.04943     8.04624     7.97265     7.97787     7.94527     7.80595     7.56356
  8.08551     8.05085     8.04655     7.97345     7.97921     7.94719     7.80627     7.56407
  8.08782     8.05191     8.04663     7.97359     7.97979     7.94874     7.80655     7.56400
  8.09020     8.05128     8.04592     7.97211     7.97950     7.94965     7.80494     7.56139
  8.09173     8.05162     8.04551     7.97197     7.97993     7.95095     7.80482     7.56052
  8.09405     8.05198     8.04662     7.97217     7.98056     7.95224     7.80489     7.56017
  8.09401     8.05095     8.04460     7.97079     7.97927     7.95173     7.80300     7.55764
  8.09561     8.05091     8.04408     7.97057     7.97893     7.95226     7.80200     7.55689
  8.09513     8.04941     8.04183     7.96944     7.97721     7.95116     7.79952     7.55403
  8.09503     8.04762     8.03990     7.96787     7.97564     7.95030     7.79702     7.55137
  8.09334     8.04451     8.03662     7.96542     7.97290     7.94784     7.79381     7.54744
  8.09459     8.04391     8.03623     7.96519     7.97280     7.94814     7.79306     7.54585
  8.09105     8.03880     8.03141     7.96061     7.96826     7.94384     7.78804     7.54051
  8.08963     8.03604     8.02751     7.95792     7.96641     7.94175     7.78552     7.53695
  8.09058     8.03567     8.02717     7.95786     7.96655     7.94195     7.78492     7.53584
  8.08813     8.03271     8.02309     7.95501     7.96428     7.93926     7.78182     7.53200
  8.09143     8.03526     8.02521     7.95786     7.96682     7.94187     7.78372     7.53267
  8.09199     8.03552     8.02544     7.95821     7.96686     7.94212     7.78365     7.53146
  8.09214     8.03522     8.02483     7.95892     7.96640     7.94177     7.78269     7.52940
  8.09479     8.03740     8.02667     7.96087     7.96790     7.94390     7.78445     7.52972
  8.09338     8.03573     8.02473     7.95989     7.96640     7.94224     7.78207     7.52617
  8.09606     8.03784     8.02776     7.96178     7.96811     7.94419     7.78268     7.52673
  8.09490     8.03638     8.02613     7.96052     7.96647     7.94264     7.78048     7.52328
  8.09541     8.03631     8.02743     7.96031     7.96663     7.94226     7.77885     7.52140
  8.09194     8.03213     8.02323     7.95662     7.96236     7.93797     7.77398     7.51563
  8.09229     8.03070     8.02181     7.95500     7.96102     7.93603     7.77135     7.51196
  8.08999     8.02801     8.01899     7.95247     7.95793     7.93260     7.76679     7.50712
  8.08793     8.02396     8.01485     7.94826     7.95330     7.92823     7.76154     7.50145
  8.08762     8.02324     8.01405     7.94751     7.95197     7.92677     7.75920     7.49852
  8.08581     8.02041     8.01158     7.94469     7.94840     7.92379     7.75528     7.49423
  8.08244     8.01610     8.00758     7.94074     7.94390     7.91926     7.75034     7.48818
  8.08353     8.01605     8.00772     7.94097     7.94359     7.91908     7.74966     7.48640
  8.08005     8.01167     8.00404     7.93734     7.93887     7.91449     7.74453     7.48082
  8.08031     8.01122     8.00397     7.93738     7.93821     7.91353     7.74299     7.47878
  8.08038     8.01077     8.00439     7.93782     7.93739     7.91256     7.74184     7.47745
  8.07873     8.00896     8.00340     7.93666     7.93524     7.90983     7.73847     7.47421
  8.08196     8.01230     8.00764     7.94102     7.93791     7.91203     7.74063     7.47614
  8.07768     8.00855     8.00452     7.93790     7.93365     7.90699     7.73560     7.47103
  8.08117     8.01302     8.00969     7.94320     7.93710     7.90975     7.73812     7.47405
  8.07862     8.01175     8.00912     7.94256     7.93511     7.90659     7.73487     7.47124
  8.08032     8.01529     8.01359     7.94677     7.93745     7.90790     7.73645     7.47346
  8.07809     8.01469     8.01401     7.94727     7.93631     7.90529     7.73356     7.47151
  8.07719     8.01571     8.01638     7.94931     7.93652     7.90410     7.73298     7.47143
  8.07536     8.01595     8.01744     7.95054     7.93622     7.90198     7.73152     7.47000
  8.07266     8.01559     8.01814     7.95111     7.93515     7.89917     7.72975     7.46876
  8.07387     8.01926     8.02225     7.95534     7.93818     7.90041     7.73229     7.47020
  8.06850     8.01714     8.02052     7.95355     7.93476     7.89554     7.72866     7.46661
  8.06608     8.01707     8.02107     7.95455     7.93443     7.89356     7.72841     7.46513
  8.06160     8.01524     8.01971     7.95342     7.93193     7.88974     7.72557     7.46171
  8.05528     8.01036     8.01582     7.94983     7.92722     7.88367     7.72088     7.45602
  8.05367     8.01041     8.01694     7.95122     7.92727     7.88266     7.72039     7.45500
  8.04814     8.00571     8.01325     7.94760     7.92293     7.87724     7.71580     7.44904
  8.04651     8.00520     8.01358     7.94793     7.92234     7.87623     7.71509     7.44747
  8.04714     8.00646     8.01519     7.94982     7.92393     7.87678     7.71624     7.44660
  8.04104     8.00106     8.01011     7.94482     7.91871     7.87097     7.71127     7.43975
  8.04098     8.00143     8.01042     7.94536     7.91914     7.87047     7.71083     7.43791
  8.03427     7.99580     8.00379     7.93942     7.91311     7.86381     7.70464     7.42983
  8.03029     7.99206     8.00017     7.93603     7.90951     7.85935     7.70029     7.42421
  8.02578     7.98833     7.99550     7.93186     7.90521     7.85453     7.69508     7.41793
  8.02001     7.98236     7.99033     7.92638     7.89961     7.84827     7.68917     7.41009
  8.01493     7.97751     7.98544     7.92154     7.89463     7.84296     7.68332     7.40312
  8.01212     7.97433     7.98292     7.91874     7.89143     7.83922     7.67889     7.39764
  8.00890     7.97087     7.97939     7.91549     7.88775     7.83537     7.67434     7.39220
  8.00848     7.96992     7.97826     7.91472     7.88684     7.83382     7.67245     7.38885
  8.00828     7.96945     7.97617     7.91422     7.88612     7.83275     7.66991     7.38580
  8.00464     7.96546     7.97170     7.91027     7.88204     7.82798     7.66530     7.37984
  8.00882     7.96970     7.97375     7.91411     7.88549     7.83054     7.66599     7.37862
  8.00838     7.96935     7.97307     7.91363     7.88448     7.82932     7.66392     7.37571
  8.01084     7.97125     7.97511     7.91595     7.88655     7.83085     7.66524     7.37597
  8.01340     7.97356     7.97735     7.91833     7.88786     7.83278     7.66677     7.37634
  8.01866     7.97812     7.98218     7.92330     7.89240     7.83701     7.67050     7.37938
  8.02155     7.98072     7.98504     7.92611     7.89402     7.83960     7.67278     7.38018
  8.02745     7.98584     7.99046     7.93145     7.89912     7.84469     7.67724     7.38456
  8.03205     7.99000     7.99392     7.93564     7.90343     7.84898     7.68102     7.38722
  8.03628     7.99314     7.99726     7.93907     7.90645     7.85215     7.68357     7.38967
  8.04298     7.99910     8.00228     7.94486     7.91268     7.85824     7.68902     7.39398
  8.04525     8.00034     8.00350     7.94612     7.91384     7.85950     7.68981     7.39448
  8.05077     8.00536     8.00823     7.95092     7.91878     7.86425     7.69434     7.39780
  8.05366     8.00734     8.00992     7.95287     7.92066     7.86622     7.69569     7.39946
  8.05602     8.00936     8.01139     7.95458     7.92317     7.86785     7.69706     7.40071
  8.06050     8.01283     8.01464     7.95812     7.92647     7.87123     7.70025     7.40378
  8.06296     8.01445     8.01571     7.95956     7.92866     7.87262     7.70120     7.40495
  8.06588     8.01634     8.01740     7.96140     7.93030     7.87435     7.70291     7.40673
  8.06982     8.01944     8.02019     7.96446     7.93343     7.87739     7.70622     7.40970
  8.07203     8.01996     8.02063     7.96487     7.93369     7.87784     7.70636     7.41073
  8.07640     8.02405     8.02459     7.96891     7.93734     7.88178     7.71038     7.41481
  8.07805     8.02433     8.02509     7.96918     7.93760     7.88236     7.71121     7.41613
  8.08442     8.03061     8.03132     7.97524     7.94358     7.88865     7.71726     7.42280
  8.08656     8.03229     8.03333     7.97722     7.94529     7.89088     7.71989     7.42557
  8.09338     8.03877     8.03988     7.98389     7.95178     7.89778     7.72679     7.43299
  8.09715     8.04217     8.04333     7.98752     7.95493     7.90159     7.73064     7.43705
  8.10030     8.04480     8.04589     7.99033     7.95743     7.90478     7.73371     7.44079
  8.10499     8.04897     8.04997     7.99456     7.96137     7.90933     7.73824     7.44549
  8.10272     8.04652     8.04729     7.99187     7.95875     7.90732     7.73659     7.44448
  8.10685     8.05011     8.05112     7.99550     7.96249     7.91151     7.73986     7.44845
  8.10815     8.05112     8.05190     7.99633     7.96346     7.91307     7.74134     7.45039
  8.11132     8.05386     8.05493     7.99892     7.96606     7.91650     7.74355     7.45303
  8.11460     8.05657     8.05741     8.00132     7.96889     7.91983     7.74629     7.45633
  8.12115     8.06228     8.06338     8.00683     7.97442     7.92647     7.75203     7.46193
  8.12139     8.06226     8.06320     8.00655     7.97406     7.92692     7.75201     7.46238
  8.12679     8.06707     8.06808     8.01108     7.97865     7.93240     7.75604     7.46672
  8.12669     8.06668     8.06725     8.01038     7.97777     7.93220     7.75506     7.46663
  8.13009     8.06968     8.07007     8.01304     7.98058     7.93547     7.75666     7.46878
  8.13077     8.07026     8.06966     8.01297     7.98067     7.93573     7.75628     7.46871
  8.13367     8.07269     8.07142     8.01464     7.98296     7.93819     7.75719     7.47035
  8.13453     8.07353     8.07126     8.01470     7.98328     7.93882     7.75693     7.47029
  8.13440     8.07319     8.07022     8.01350     7.98247     7.93845     7.75533     7.46909
  8.13353     8.07166     8.06827     8.01157     7.98078     7.93733     7.75315     7.46796
  8.13366     8.07090     8.06739     8.01054     7.97997     7.93711     7.75213     7.46671
  8.13188     8.06798     8.06462     8.00776     7.97703     7.93507     7.74928     7.46441
  8.13093     8.06597     8.06266     8.00582     7.97544     7.93388     7.74726     7.46200
  8.12882     8.06260     8.05932     8.00287     7.97203     7.93144     7.74392     7.45886
  8.12638     8.05913     8.05602     7.99954     7.96913     7.92885     7.74116     7.45533
  8.12506     8.05687     8.05337     7.99752     7.96690     7.92715     7.73858     7.45321
  8.12455     8.05493     8.05145     7.99578     7.96558     7.92611     7.73778     7.45163
  8.12195     8.05148     8.04760     7.99238     7.96218     7.92309     7.73446     7.44843
  8.12133     8.04984     8.04595     7.99105     7.96127     7.92209     7.73300     7.44688
  8.12102     8.04827     8.04444     7.99005     7.96020     7.92129     7.73173     7.44582
  8.11873     8.04533     8.04128     7.98713     7.95769     7.91859     7.72854     7.44275
  8.12019     8.04615     8.04211     7.98827     7.95892     7.91978     7.72924     7.44357
  8.11837     8.04393     8.03972     7.98629     7.95624     7.91759     7.72679     7.44097
  8.11964     8.04516     8.04064     7.98735     7.95734     7.91866     7.72748     7.44163
  8.11870     8.04426     8.03970     7.98683     7.95589     7.91756     7.72605     7.44061
  8.12043     8.04652     8.04174     7.98894     7.95795     7.91938     7.72755     7.44237
  8.11946     8.04622     8.04125     7.98855     7.95746     7.91855     7.72606     7.44211
  8.12038     8.04782     8.04279     7.99045     7.95878     7.91989     7.72712     7.44335
  8.12179     8.05031     8.04515     7.99276     7.96108     7.92171     7.72882     7.44564
  8.12165     8.05042     8.04554     7.99346     7.96130     7.92205     7.72906     7.44596
  8.12294     8.05300     8.04802     7.99633     7.96380     7.92441     7.73189     7.44850
  8.12452     8.05528     8.05017     7.99722     7.96589     7.92655     7.73371     7.45104
  8.12509     8.05618     8.05121     7.99800     7.96681     7.92761     7.73492     7.45169
  8.12954     8.06120     8.05639     8.00124     7.97157     7.93232     7.73947     7.45656
  8.12895     8.06100     8.05655     8.00088     7.97158     7.93244     7.73933     7.45621
  8.13367     8.06606     8.06194     8.00577     7.97652     7.93716     7.74388     7.46087
  8.13554     8.06803     8.06429     8.00780     7.97838     7.93906     7.74527     7.46225
  8.13602     8.06874     8.06524     8.00832     7.97888     7.93943     7.74547     7.46283
  8.13996     8.07246     8.06933     8.01210     7.98269     7.94305     7.74775     7.46598
  8.14179     8.07432     8.07131     8.01403     7.98445     7.94467     7.74938     7.46771
  8.14221     8.07453     8.07179     8.01416     7.98444     7.94475     7.74614     7.46706
  8.14732     8.07994     8.07729     8.01959     7.98962     7.94972     7.75061     7.47160
  8.14873     8.08110     8.07863     8.02063     7.99033     7.95054     7.74832     7.47173
  8.15298     8.08571     8.08312     8.02491     7.99444     7.95430     7.75117     7.47449
  8.15573     8.08893     8.08628     8.02766     7.99712     7.95688     7.75303     7.47641
  8.15874     8.09239     8.08953     8.03068     7.99990     7.95945     7.75504     7.47828
  8.16259     8.09653     8.09355     8.03430     8.00328     7.96301     7.75863     7.48082
  8.16503     8.09957     8.09640     8.03686     8.00549     7.96530     7.76083     7.48261
  8.16708     8.10172     8.09862     8.03853     8.00714     7.96707     7.76272     7.48350
  8.17025     8.10496     8.10198     8.04184     8.01009     7.96998     7.76545     7.48536
  8.16990     8.10491     8.10219     8.04183     8.00988     7.96980     7.76301     7.48453
  8.17192     8.10671     8.10425     8.04416     8.01147     7.97144     7.76417     7.48503
  8.17157     8.10650     8.10462     8.04405     8.01098     7.97103     7.76138     7.48426
  8.17204     8.10663     8.10483     8.04466     8.01071     7.97104     7.76110     7.48356
  8.16838     8.10260     8.10166     8.04086     8.00688     7.96704     7.75737     7.47953
  8.16853     8.10240     8.10135     8.04088     8.00634     7.96673     7.75746     7.47879
  8.16571     8.09885     8.09851     8.03802     8.00324     7.96475     7.75448     7.47542
  8.16492     8.09770     8.09753     8.03695     8.00194     7.96341     7.75371     7.47342
  8.16238     8.09469     8.09487     8.03407     7.99912     7.96157     7.75086     7.47045
  8.16205     8.09346     8.09404     8.03301     7.99795     7.96034     7.74963     7.46828
  8.16034     8.09139     8.09220     8.03096     7.99612     7.95829     7.74277     7.46713
  8.16050     8.09107     8.09174     8.03043     7.99555     7.95789     7.74210     7.46597
  8.16008     8.09029     8.09253     8.02958     7.99479     7.95677     7.73637     7.46533
  8.15797     8.08804     8.08986     8.02695     7.99223     7.95442     7.73395     7.46223
  8.15573     8.08573     8.08864     8.02413     7.98966     7.95141     7.73124     7.45936
  8.15226     8.08207     8.08440     8.02002     7.98556     7.94751     7.72707     7.45489
  8.15022     8.07984     8.08194     8.01742     7.98289     7.94454     7.72427     7.45218
  8.14663     8.07614     8.07782     8.01327     7.97873     7.94061     7.72032     7.44801
  8.14417     8.07355     8.07512     8.01032     7.97591     7.93743     7.71751     7.44490
  8.14109     8.07018     8.07172     8.00686     7.97227     7.93441     7.71460     7.44118
  8.13811     8.06700     8.06837     8.00340     7.96913     7.93130     7.71142     7.44028
  8.13434     8.06306     8.06403     7.99919     7.96497     7.92781     7.70773     7.43603
  8.13187     8.05954     8.06043     7.99553     7.96144     7.92455     7.70443     7.43483
  8.12739     8.05473     8.05500     7.99019     7.95646     7.91992     7.69966     7.42994
  8.12585     8.05183     8.05198     7.98721     7.95361     7.91724     7.69723     7.42692
  8.12254     8.04785     8.04753     7.98295     7.94965     7.91347     7.69293     7.42257
  8.12067     8.04462     8.04411     7.97964     7.94662     7.91068     7.68979     7.41888
  8.11866     8.04130     8.04026     7.97605     7.94356     7.90781     7.68625     7.41496
  8.11636     8.03753     8.03611     7.97211     7.93992     7.90500     7.68247     7.41049
  8.11299     8.03268     8.03080     7.96691     7.93485     7.90039     7.67769     7.40508
  8.10885     8.02703     8.02489     7.96106     7.92908     7.89565     7.67234     7.39854
  8.10540     8.02258     8.02007     7.95616     7.92426     7.89110     7.66779     7.39307
  8.10122     8.01683     8.01380     7.95002     7.91791     7.88542     7.66137     7.38803
  8.09841     8.01293     8.00946     7.94539     7.91361     7.88126     7.65738     7.38289
  8.09626     8.00942     8.00532     7.94135     7.90954     7.87774     7.65292     7.37945
  8.09461     8.00675     8.00200     7.93815     7.90629     7.87485     7.64984     7.37522
