  8.12739     8.13577     8.13562     8.04307     8.07246     8.06410     8.01402     7.80250
  8.12637     8.13473     8.13417     8.04127     8.07161     8.06348     8.01392     7.80230
  8.12520     8.13360     8.13264     8.03982     8.07020     8.06265     8.01316     7.80181
  8.12425     8.13239     8.13076     8.03774     8.06884     8.06170     8.01260     7.80101
  8.12312     8.13112     8.12884     8.03594     8.06695     8.06046     8.01167     7.80033
  8.12206     8.12958     8.12645     8.03374     8.06509     8.05915     8.01075     7.79923
  8.11890     8.12602     8.12124     8.02874     8.06071     8.05612     8.00910     7.79654
  8.11691     8.12405     8.11864     8.02596     8.05812     8.05435     8.00766     7.79501
  8.11483     8.12176     8.11582     8.02296     8.05586     8.05265     8.00634     7.79251
  8.11267     8.11948     8.11299     8.01994     8.05296     8.05059     8.00456     7.79044
  8.11084     8.11710     8.10987     8.01668     8.05018     8.04882     8.00247     7.78725
  8.10870     8.11462     8.10650     8.01355     8.04660     8.04637     8.00057     7.78434
  8.10675     8.11199     8.10297     8.00997     8.04339     8.04415     7.99841     7.78090
  8.10418     8.10943     8.09949     8.00665     8.03947     8.04151     7.99629     7.77771
  8.10178     8.10644     8.09590     8.00295     8.03615     8.03874     7.99386     7.77424
  8.09907     8.10365     8.09238     7.99956     8.03262     8.03580     7.99116     7.77068
  8.09641     8.10040     8.08904     7.99592     8.02915     8.03290     7.98851     7.76706
  8.09354     8.09765     8.08564     7.99259     8.02551     8.02952     7.98527     7.76332
  8.08920     8.09444     8.08253     7.98920     8.02192     8.02626     7.98220     7.75908
  8.08575     8.09142     8.07948     7.98609     8.01828     8.02282     7.97904     7.75552
  8.08099     8.08845     8.07669     7.98273     8.01483     8.01946     7.97578     7.75152
  8.07732     8.08550     8.07384     7.97967     8.01149     8.01596     7.97216     7.74779
  8.07387     8.08248     8.07124     7.97669     8.00820     8.01238     7.96926     7.74444
  8.07039     8.07985     8.06855     7.97380     8.00525     8.00871     7.96596     7.74137
  8.06702     8.07726     8.06593     7.97132     8.00210     8.00518     7.96280     7.73812
  8.06383     8.07494     8.06356     7.96889     7.99944     8.00168     7.95976     7.73562
  8.06058     8.07244     8.06127     7.96666     7.99677     7.99848     7.95650     7.73273
  8.05748     8.07030     8.05934     7.96455     7.99447     7.99539     7.95426     7.73037
  8.05334     8.06776     8.05579     7.96272     7.99217     7.99255     7.95191     7.72768
  8.05044     8.06549     8.05424     7.96092     7.99008     7.98984     7.95036     7.72545
  8.04664     8.06332     8.05108     7.95930     7.98821     7.98741     7.94942     7.72298
  8.04422     8.06134     8.04974     7.95775     7.98630     7.98518     7.94783     7.72106
  8.04206     8.05930     8.04852     7.95640     7.98459     7.98291     7.94728     7.71903
  8.03985     8.05757     8.04736     7.95509     7.98311     7.98102     7.94651     7.71748
  8.03812     8.05587     8.04623     7.95393     7.98158     7.97903     7.94591     7.71596
  8.03623     8.05472     8.04519     7.95266     7.98028     7.97745     7.94557     7.71444
  8.03471     8.05342     8.04412     7.95157     7.97905     7.97571     7.94461     7.71358
  8.03309     8.05254     8.04309     7.95038     7.97800     7.97441     7.94394     7.71211
  8.03174     8.05133     8.04232     7.95061     7.97680     7.97294     7.94251     7.71177
  8.02989     8.05013     8.04135     7.94972     7.97594     7.97166     7.94127     7.71073
  8.02885     8.04896     8.03999     7.95013     7.97499     7.97029     7.94018     7.71004
  8.02703     8.04789     8.03898     7.94903     7.97436     7.96907     7.93876     7.70936
  8.02594     8.04670     8.03755     7.94838     7.97344     7.96768     7.93782     7.70873
  8.02537     8.04588     8.03654     7.94717     7.97287     7.96648     7.93685     7.70817
  8.02398     8.04458     8.03588     7.94644     7.97185     7.96497     7.93559     7.70791
  8.02376     8.04297     8.03482     7.94532     7.97090     7.96381     7.93480     7.70742
  8.02255     8.04180     8.03386     7.94458     7.96979     7.96252     7.93355     7.70715
  8.02165     8.04015     8.03285     7.94345     7.96886     7.96136     7.93286     7.70624
  8.02078     8.03914     8.03168     7.94304     7.96773     7.96031     7.93195     7.70580
  8.01973     8.03819     8.03083     7.94193     7.96674     7.95932     7.93169     7.70501
  8.01885     8.03722     8.03102     7.94130     7.96562     7.95817     7.93097     7.70419
  8.01735     8.03628     8.02999     7.94006     7.96461     7.95730     7.93061     7.70362
  8.01620     8.03520     8.03030     7.93896     7.96349     7.95640     7.93023     7.70316
  8.01624     8.03428     8.02922     7.93761     7.96250     7.95542     7.92933     7.70245
  8.01531     8.03320     8.02815     7.93647     7.96126     7.95427     7.92885     7.70200
  8.01578     8.03359     8.02699     7.93494     7.95999     7.95314     7.92801     7.70121
  8.01509     8.03254     8.02573     7.93357     7.95847     7.95176     7.92691     7.70000
  8.01411     8.03272     8.02449     7.93201     7.95707     7.95058     7.92569     7.69888
  8.01315     8.03140     8.02300     7.93042     7.95557     7.94915     7.92459     7.69694
  8.01171     8.02997     8.02156     7.92874     7.95403     7.94797     7.92290     7.69557
  8.01057     8.02861     8.01985     7.92707     7.95228     7.94621     7.92185     7.69363
  8.00893     8.02709     8.01784     7.92517     7.95042     7.94465     7.92007     7.69178
  8.00768     8.02561     8.01609     7.92335     7.94823     7.94282     7.91853     7.68985
  8.00607     8.02392     8.01398     7.92146     7.94611     7.94092     7.91699     7.68760
  8.00477     8.02213     8.01204     7.91945     7.94385     7.93911     7.91517     7.68527
  8.00296     8.02010     8.00993     7.91740     7.94159     7.93703     7.91354     7.68298
  8.00141     8.01795     8.00774     7.91526     7.93941     7.93485     7.91190     7.68038
  7.99944     8.01566     8.00547     7.91302     7.93700     7.93260     7.91014     7.67823
  7.99571     8.01115     8.00090     7.90857     7.93237     7.92774     7.90624     7.67332
  7.99395     8.00907     7.99875     7.90629     7.93027     7.92537     7.90475     7.67071
  7.99209     8.00701     7.99635     7.90445     7.92831     7.92293     7.90298     7.66838
  7.99029     8.00497     7.99428     7.90263     7.92658     7.92063     7.90202     7.66633
  7.98827     8.00292     7.99219     7.90132     7.92493     7.91834     7.90107     7.66437
  7.98599     8.00099     7.99056     7.90016     7.92318     7.91547     7.89980     7.66279
  7.98404     7.99883     7.98893     7.89921     7.92155     7.91327     7.89842     7.66122
  7.98180     7.99716     7.98769     7.89845     7.92013     7.91060     7.89741     7.66231
  7.98001     7.99528     7.98649     7.89780     7.91885     7.90868     7.89675     7.66171
  7.97905     7.99377     7.98574     7.89727     7.91813     7.90712     7.89683     7.66364
  7.97721     7.99249     7.98487     7.89697     7.91763     7.90559     7.89708     7.66384
  7.97634     7.99166     7.98462     7.89668     7.91757     7.90431     7.89768     7.66417
  7.97454     7.99098     7.98448     7.89684     7.91737     7.90311     7.89841     7.66460
  7.97306     7.99071     7.98318     7.89712     7.91766     7.90234     7.89915     7.66539
  7.97154     7.99048     7.98375     7.89794     7.91796     7.90144     7.90006     7.66644
  7.97196     7.99049     7.98308     7.89888     7.91867     7.90127     7.90095     7.66766
  7.97100     7.99048     7.98414     7.90045     7.91958     7.90104     7.90182     7.66944
  7.97204     7.99099     7.98544     7.90213     7.92096     7.90123     7.90270     7.67174
  7.97161     7.99159     7.98707     7.90431     7.92231     7.90178     7.90438     7.67400
  7.97205     7.99246     7.98897     7.90647     7.92422     7.90174     7.90584     7.67684
  7.97196     7.99373     7.99107     7.90913     7.92609     7.90290     7.90841     7.67944
  7.97261     7.99537     7.99352     7.91161     7.92858     7.90349     7.91086     7.68237
  7.97292     7.99711     7.99623     7.91478     7.93120     7.90590     7.91392     7.68515
  7.97379     7.99942     7.99803     7.91794     7.93401     7.90806     7.91709     7.68848
  7.97496     8.00191     8.00136     7.92167     7.93751     7.91102     7.92090     7.69146
  7.97670     8.00461     8.00375     7.92517     7.94088     7.91386     7.92380     7.69509
  7.97873     8.00764     8.00744     7.92926     7.94480     7.91684     7.92795     7.69863
  7.98120     8.01098     8.01140     7.93315     7.94890     7.92005     7.93122     7.70254
  7.98388     8.01460     8.01551     7.93660     7.95311     7.92352     7.93524     7.70624
  7.98729     8.01845     8.01980     7.94095     7.95742     7.92701     7.93935     7.71021
  7.99063     8.02238     8.02410     7.94498     7.96148     7.93081     7.94387     7.71385
  7.99458     8.02652     8.02846     7.94939     7.96571     7.93462     7.94734     7.71783
  7.99825     8.03051     8.03280     7.95394     7.96984     7.93876     7.95166     7.72101
  8.00220     8.03479     8.03723     7.95812     7.97372     7.94294     7.95519     7.72460
  8.00594     8.03906     8.04158     7.96209     7.97807     7.94719     7.95929     7.72767
  8.00994     8.04324     8.04582     7.96599     7.98192     7.95124     7.96281     7.73082
  8.01378     8.04753     8.04997     7.96936     7.98575     7.95532     7.96662     7.73371
  8.01792     8.05152     8.05384     7.97307     7.98935     7.95895     7.96960     7.73671
  8.02200     8.05561     8.05754     7.97506     7.99255     7.96295     7.97267     7.73925
  8.02625     8.05947     8.06083     7.97794     7.99553     7.96625     7.97522     7.74139
  8.03027     8.06305     8.06381     7.97964     7.99835     7.96988     7.97878     7.74343
  8.03431     8.06641     8.06631     7.98177     8.00069     7.97295     7.98058     7.74470
  8.03815     8.06943     8.06853     7.98359     8.00303     7.97615     7.98282     7.74571
  8.04188     8.07216     8.07037     7.98534     8.00476     7.97883     7.98373     7.74623
  8.04555     8.07454     8.07195     7.98661     8.00633     7.98198     7.98428     7.74657
  8.04899     8.07686     8.07319     7.98758     8.00744     7.98415     7.98458     7.74637
  8.05240     8.07860     8.07420     7.98782     8.00822     7.98636     7.98516     7.74621
  8.05553     8.08019     8.07478     7.98821     8.00872     7.98787     7.98558     7.74549
  8.05810     8.07830     8.07528     7.98849     8.00687     7.98980     7.98219     7.75053
  8.06086     8.07906     8.07540     7.98879     8.00727     7.99056     7.98211     7.74941
  8.06266     8.07660     8.07541     7.98909     8.00525     7.99202     7.97803     7.75381
  8.06467     8.07697     8.07523     7.98908     8.00557     7.99230     7.97774     7.75266
  8.06607     8.07714     8.07495     7.98831     8.00528     7.99257     7.97669     7.75116
  8.06710     8.07720     8.07458     7.98798     8.00483     7.99241     7.97562     7.75010
  8.06784     8.07719     8.07418     7.98692     8.00430     7.99240     7.97461     7.74894
  8.06826     8.07677     8.07288     7.98627     8.00336     7.99199     7.97293     7.74777
  8.06858     8.07638     8.07221     7.98494     8.00320     7.99156     7.97184     7.74672
  8.06881     8.07569     8.07058     7.98388     8.00239     7.99074     7.97071     7.74492
  8.06863     8.07505     8.06971     7.98241     8.00194     7.99005     7.96948     7.74365
  8.06865     8.07497     8.06859     7.98134     8.00092     7.98892     7.96808     7.74208
  8.06811     8.07434     8.06734     7.97991     7.99984     7.98792     7.96703     7.74077
  8.06773     8.07413     8.06625     7.97898     7.99865     7.98680     7.96561     7.73932
  8.06713     8.07315     8.06480     7.97768     7.99741     7.98556     7.96422     7.73779
  8.06559     8.07101     8.06226     7.97546     7.99378     7.98322     7.96136     7.73442
  8.06459     8.06964     8.06080     7.97415     7.99151     7.98201     7.95983     7.73279
  8.06329     8.06838     8.05925     7.97255     7.98983     7.98096     7.95817     7.73167
  8.06201     8.06714     8.05776     7.97081     7.98835     7.97958     7.95648     7.73000
  8.06063     8.06555     8.05615     7.96900     7.98675     7.97824     7.95506     7.72897
  8.05947     8.06421     8.05449     7.96720     7.98523     7.97691     7.95344     7.72721
  8.05814     8.06252     8.05297     7.96540     7.98370     7.97526     7.95183     7.72592
  8.05673     8.06080     8.05123     7.96363     7.98206     7.97389     7.95031     7.72419
  8.05518     8.05894     8.04974     7.96205     7.98027     7.97227     7.94839     7.72288
  8.05335     8.05720     8.04804     7.96041     7.97839     7.97081     7.94656     7.72113
  8.05177     8.05555     8.04677     7.95875     7.97647     7.96899     7.94554     7.71976
  8.05023     8.05399     8.04533     7.95717     7.97465     7.96733     7.94355     7.71811
  8.04957     8.05248     8.04378     7.95544     7.97295     7.96558     7.94191     7.71690
  8.04816     8.05104     8.04249     7.95361     7.97143     7.96385     7.94258     7.71551
  8.04764     8.04958     8.04094     7.95199     7.96982     7.96224     7.94045     7.71457
  8.04635     8.04820     8.03970     7.95025     7.96844     7.96094     7.94163     7.71324
  8.04470     8.04690     8.03839     7.94885     7.96708     7.95953     7.94003     7.71258
  8.04334     8.04573     8.03722     7.94739     7.96583     7.95841     7.93843     7.71162
  8.04160     8.04445     8.03616     7.94656     7.96476     7.95727     7.93684     7.71093
  8.04009     8.04331     8.03534     7.94556     7.96389     7.95615     7.93516     7.71051
  8.03863     8.04221     8.03460     7.94496     7.96302     7.95510     7.93426     7.70970
  8.03720     8.04142     8.03402     7.94419     7.96247     7.95420     7.93373     7.70933
  8.03601     8.04077     8.03332     7.94375     7.96217     7.95310     7.93345     7.70846
  8.03480     8.04030     8.03283     7.94298     7.96172     7.95273     7.93302     7.70829
  8.03402     8.03992     8.03250     7.94263     7.96159     7.95199     7.93245     7.70743
  8.03354     8.03947     8.03234     7.94202     7.96131     7.95183     7.93186     7.70723
  8.03301     8.03893     8.03213     7.94176     7.96114     7.95155     7.93143     7.70649
  8.03270     8.03859     8.03207     7.94122     7.96098     7.95144     7.93074     7.70596
  8.03117     8.03813     8.03171     7.94129     7.96102     7.95117     7.93009     7.70482
  8.03075     8.03785     8.03154     7.94092     7.96095     7.95106     7.92956     7.70422
  8.02962     8.03772     8.03136     7.94085     7.96108     7.95091     7.92877     7.70321
  8.02956     8.03773     8.03120     7.94058     7.96121     7.95063     7.92880     7.70270
  8.02990     8.03764     8.03097     7.94057     7.96144     7.95038     7.92874     7.70177
  8.02991     8.03785     8.03088     7.94033     7.96176     7.95137     7.92852     7.70109
  8.03017     8.03789     8.03068     7.94035     7.96210     7.95123     7.92808     7.69998
  8.03035     8.03810     8.03058     7.94027     7.96238     7.95220     7.92722     7.69868
  8.03065     8.03827     8.03044     7.94036     7.96265     7.95223     7.92677     7.69767
  8.03090     8.03836     8.03034     7.94023     7.96288     7.95187     7.92600     7.69622
  8.03177     8.03839     8.03000     7.94055     7.96308     7.95182     7.92552     7.69493
  8.03174     8.03839     8.02977     7.94029     7.96311     7.95150     7.92474     7.69379
  8.03234     8.03831     8.02947     7.94052     7.96336     7.95138     7.92459     7.69275
  8.03210     8.03850     8.02934     7.94028     7.96338     7.95143     7.92333     7.69194
  8.03196     8.03853     8.02906     7.94037     7.96341     7.95139     7.92336     7.69130
  8.03159     8.03861     8.02908     7.93999     7.96386     7.95131     7.92251     7.69041
  8.03164     8.03867     8.02941     7.93998     7.96372     7.95156     7.92224     7.68959
  8.03145     8.03850     8.02917     7.93963     7.96390     7.95142     7.92168     7.68872
  8.03128     8.03843     8.02944     7.93935     7.96363     7.95148     7.92118     7.68782
  8.03109     8.03838     8.02909     7.93898     7.96323     7.95140     7.92054     7.68743
  8.03073     8.03835     8.02860     7.93826     7.96280     7.95130     7.91967     7.68672
  8.03047     8.03820     8.02773     7.93751     7.96220     7.95086     7.91954     7.68633
  8.03035     8.03804     8.02738     7.93665     7.96164     7.95046     7.91900     7.68585
  8.03013     8.03767     8.02653     7.93583     7.96089     7.94994     7.91857     7.68500
  8.02995     8.03724     8.02614     7.93499     7.96029     7.94924     7.91811     7.68467
  8.02960     8.03686     8.02588     7.93433     7.95947     7.94855     7.91700     7.68387
  8.02923     8.03631     8.02703     7.93337     7.95905     7.94799     7.91574     7.68344
  8.02886     8.03592     8.02659     7.93267     7.95825     7.94741     7.91465     7.68301
  8.02818     8.03533     8.02765     7.93171     7.95767     7.94675     7.91358     7.68266
  8.02745     8.03573     8.02703     7.93113     7.95698     7.94620     7.91254     7.68217
  8.02654     8.03508     8.02604     7.93020     7.95621     7.94552     7.91149     7.68200
  8.02552     8.03542     8.02515     7.92963     7.95554     7.94500     7.91026     7.68177
  8.02463     8.03487     8.02444     7.92879     7.95493     7.94460     7.90893     7.68168
  8.02367     8.03433     8.02365     7.92825     7.95429     7.94408     7.90808     7.68157
  8.02178     8.03341     8.02306     7.92743     7.95342     7.94352     7.90732     7.68207
  8.02103     8.03304     8.02287     7.92719     7.95311     7.94342     7.90702     7.68265
  8.02026     8.03262     8.02305     7.92754     7.95321     7.94336     7.90697     7.68308
  8.01974     8.03239     8.02351     7.92791     7.95346     7.94337     7.90715     7.68377
  8.01930     8.03323     8.02428     7.92879     7.95396     7.94339     7.90701     7.68436
  8.01933     8.03346     8.02524     7.92957     7.95452     7.94352     7.90755     7.68527
  8.01932     8.03484     8.02628     7.93095     7.95544     7.94381     7.90826     7.68641
  8.01963     8.03552     8.02759     7.93203     7.95636     7.94439     7.90905     7.68746
  8.01988     8.03647     8.02869     7.93357     7.95767     7.94506     7.91014     7.68874
  8.02014     8.03764     8.03000     7.93489     7.95893     7.94581     7.91123     7.69022
  8.02039     8.03878     8.03153     7.93662     7.96051     7.94679     7.91247     7.69122
  8.02099     8.04032     8.03340     7.93820     7.96216     7.94760     7.91378     7.69284
  8.02164     8.04171     8.03534     7.94018     7.96388     7.94873     7.91532     7.69410
  8.02272     8.04343     8.03766     7.94204     7.96563     7.95012     7.91668     7.69599
  8.02372     8.04508     8.03972     7.94414     7.96761     7.95162     7.91745     7.69778
  8.02519     8.04695     8.04190     7.94632     7.96929     7.95320     7.91901     7.69950
  8.02656     8.04872     8.04388     7.94859     7.97127     7.95492     7.92009     7.70090
  8.02830     8.05071     8.04599     7.95060     7.97288     7.95666     7.92213     7.70199
  8.03014     8.05259     8.04784     7.95285     7.97489     7.95862     7.92383     7.70338
  8.03220     8.05477     8.04996     7.95471     7.97670     7.96042     7.92579     7.70432
  8.03399     8.05676     8.05178     7.95677     7.97890     7.96239     7.92737     7.70569
  8.03620     8.05905     8.05379     7.95854     7.98094     7.96414     7.92935     7.70659
  8.03791     8.06106     8.05572     7.96047     7.98292     7.96596     7.93054     7.70737
  8.03999     8.06310     8.05752     7.96226     7.98471     7.96772     7.93214     7.70784
  8.04157     8.06485     8.05912     7.96385     7.98658     7.96966     7.93363     7.70837
  8.04375     8.06660     8.06074     7.96540     7.98809     7.97121     7.93395     7.70829
  8.04544     8.06808     8.06191     7.96670     7.98951     7.97281     7.93485     7.70852
  8.04777     8.06983     8.06292     7.96785     7.99075     7.97403     7.93476     7.70761
  8.04974     8.07093     8.06375     7.96873     7.99162     7.97519     7.93444     7.70709
  8.05169     8.07218     8.06273     7.96953     7.99250     7.97606     7.93418     7.70564
  8.05341     8.07273     8.06306     7.96988     7.99329     7.97673     7.93363     7.70404
  8.05528     8.07330     8.06174     7.96984     7.99354     7.97720     7.93260     7.70220
  8.05689     8.07322     8.06144     7.96939     7.99338     7.97757     7.93148     7.70031
  8.05867     8.07322     8.06101     7.96872     7.99296     7.97754     7.93015     7.69768
  8.05995     8.07289     8.05994     7.96752     7.99213     7.97745     7.92868     7.69529
  8.06188     8.07220     8.05875     7.96643     7.99117     7.97708     7.92666     7.69234
  8.06251     8.07133     8.05703     7.96496     7.98995     7.97616     7.92430     7.68901
  8.06389     8.07008     8.05462     7.96333     7.98846     7.97510     7.92208     7.68520
  8.06389     8.06820     8.05250     7.96119     7.98647     7.97429     7.91903     7.68144
  8.06389     8.06639     8.05011     7.95904     7.98444     7.97262     7.91687     7.67705
  8.06327     8.06402     8.04742     7.95638     7.98222     7.97145     7.91354     7.67295
  8.06265     8.06168     8.04522     7.95393     7.97994     7.96948     7.91039     7.66822
  8.06171     8.05891     8.04242     7.95132     7.97733     7.96723     7.90702     7.66414
  8.06075     8.05629     8.03956     7.94906     7.97489     7.96494     7.90333     7.65956
  8.05918     8.05271     8.03696     7.94544     7.97200     7.96221     7.90022     7.65558
  8.05829     8.05015     8.03413     7.94327     7.96948     7.95955     7.89629     7.65179
  8.05638     8.04683     8.03157     7.93973     7.96675     7.95676     7.89258     7.64744
  8.05514     8.04425     8.02834     7.93775     7.96430     7.95382     7.88868     7.64418
  8.05323     8.04179     8.02619     7.93536     7.96165     7.95127     7.88496     7.64039
  8.05139     8.03931     8.02327     7.93358     7.95923     7.94853     7.88224     7.63747
  8.04952     8.03705     8.02138     7.93144     7.95679     7.94611     7.87957     7.63456
  8.04770     8.03484     8.01937     7.92979     7.95454     7.94354     7.87772     7.63140
  8.04602     8.03293     8.01792     7.92776     7.95224     7.94116     7.87597     7.62880
  8.04435     8.03097     8.01651     7.92669     7.95039     7.93874     7.87397     7.62641
  8.04229     8.02943     8.01539     7.92480     7.94850     7.93646     7.87204     7.62446
  8.04063     8.02809     8.01455     7.92428     7.94708     7.93422     7.87028     7.62309
  8.03848     8.02687     8.01392     7.92330     7.94582     7.93230     7.86830     7.62165
  8.03697     8.02608     8.01351     7.92302     7.94477     7.93072     7.86686     7.62058
  8.03518     8.02532     8.01350     7.92284     7.94377     7.92929     7.86561     7.61968
  8.03396     8.02474     8.01332     7.92282     7.94310     7.92832     7.86444     7.61887
  8.03235     8.02439     8.01357     7.92283     7.94254     7.92776     7.86328     7.61825
  8.03125     8.02426     8.01362     7.92334     7.94220     7.92707     7.86261     7.62171
  8.03013     8.02421     8.01420     7.92386     7.94205     7.92693     7.86167     7.62105
  8.02874     8.02489     8.01579     7.92589     7.94250     7.92636     7.86164     7.62483
  8.02855     8.02560     8.01681     7.92711     7.94303     7.92623     7.86177     7.62507
  8.02825     8.02699     8.01814     7.92821     7.94397     7.92652     7.86232     7.62547
  8.02835     8.02834     8.01942     7.92972     7.94484     7.92699     7.86381     7.62611
  8.02841     8.02984     8.02104     7.93137     7.94597     7.92759     7.86450     7.62667
  8.02897     8.03101     8.02270     7.93336     7.94726     7.92823     7.86600     7.62733
  8.02951     8.03226     8.02468     7.93543     7.94824     7.92951     7.86708     7.62819
  8.03075     8.03356     8.02661     7.93785     7.94984     7.93025     7.86808     7.62743
  8.03199     8.03511     8.02886     7.93991     7.95107     7.93192     7.86915     7.62825
  8.03365     8.03627     8.03072     7.94244     7.95372     7.93240     7.87089     7.62759
  8.03502     8.03827     8.03294     7.94442     7.95570     7.93388     7.87284     7.62835
  8.03693     8.03977     8.03477     7.94677     7.95869     7.93475     7.87450     7.62882
  8.03840     8.04254     8.03687     7.94916     7.96126     7.93640     7.87596     7.62987
  8.04040     8.04467     8.03889     7.95151     7.96353     7.93806     7.87741     7.63048
  8.04226     8.04697     8.04110     7.95411     7.96618     7.93991     7.87866     7.63164
  8.04435     8.04895     8.04313     7.95640     7.96818     7.94151     7.88015     7.63277
  8.04623     8.05046     8.04519     7.95865     7.97035     7.94333     7.88235     7.63388
  8.04839     8.05226     8.04702     7.96147     7.97219     7.94500     7.88351     7.63469
  8.05046     8.05408     8.04890     7.96377     7.97422     7.94701     7.88521     7.63542
  8.05269     8.05574     8.05051     7.96640     7.97669     7.94876     7.88669     7.63565
  8.05487     8.05745     8.05237     7.96839     7.97868     7.95076     7.88741     7.63575
  8.05716     8.05913     8.05375     7.97006     7.98105     7.95258     7.88875     7.63566
  8.05920     8.06095     8.05532     7.97180     7.98322     7.95429     7.88882     7.63559
  8.06146     8.06244     8.05647     7.97313     7.98476     7.95582     7.88931     7.63529
  8.06350     8.06400     8.05775     7.97502     7.98662     7.95740     7.88941     7.63502
  8.06577     8.06514     8.05874     7.97621     7.98781     7.95853     7.88976     7.63431
  8.06790     8.06622     8.05972     7.97767     7.98895     7.95977     7.88951     7.63385
  8.07008     8.06734     8.06052     7.97896     7.98991     7.96058     7.88951     7.63269
  8.07199     8.06844     8.06142     7.98000     7.99086     7.96161     7.88906     7.63172
  8.07384     8.06929     8.06203     7.98094     7.99178     7.96220     7.88854     7.63039
  8.07516     8.07020     8.06285     7.98159     7.99256     7.96316     7.88808     7.62931
  8.07666     8.07064     8.06331     7.98188     7.99323     7.96360     7.88725     7.62794
  8.07798     8.07106     8.06381     7.98244     7.99379     7.96429     7.88684     7.62659
  8.07944     8.07143     8.06425     7.98284     7.99416     7.96465     7.88636     7.62546
  8.08061     8.07176     8.06473     7.98354     7.99444     7.96505     7.88563     7.62401
  8.08205     8.07217     8.06526     7.98405     7.99479     7.96545     7.88525     7.62325
  8.08296     8.07265     8.06571     7.98471     7.99503     7.96601     7.88404     7.62244
  8.08427     8.07327     8.06629     7.98535     7.99547     7.96633     7.88319     7.62014
  8.08537     8.07413     8.06683     7.98621     7.99583     7.96695     7.88223     7.61910
  8.08684     8.07484     8.06734     7.98709     7.99615     7.96737     7.88166     7.61696
  8.08768     8.07583     8.06806     7.98801     7.99663     7.96777     7.88106     7.61599
  8.08887     8.07650     8.06885     7.98870     7.99699     7.96812     7.88040     7.61591
  8.08960     8.07730     8.06958     7.98951     7.99736     7.96843     7.87999     7.61527
  8.09046     8.07811     8.07048     7.99003     7.99767     7.96877     7.87938     7.61550
  8.09129     8.07894     8.07133     7.99070     7.99822     7.96901     7.87893     7.61512
  8.09230     8.07972     8.07208     7.99125     7.99851     7.96954     7.87894     7.61537
  8.09315     8.08019     8.07261     7.99184     7.99898     7.96981     7.87875     7.61496
  8.09411     8.08063     8.07338     7.99241     7.99943     7.97027     7.87859     7.61485
  8.09512     8.08083     8.07360     7.99275     7.99938     7.97043     7.87792     7.61435
  8.09608     8.08097     8.07385     7.99291     7.99944     7.97066     7.87741     7.61382
  8.09684     8.08119     8.07376     7.99252     7.99915     7.97070     7.87633     7.61300
  8.09765     8.08094     8.07329     7.99189     7.99883     7.97079     7.87493     7.61203
  8.09824     8.08030     8.07231     7.99082     7.99811     7.97063     7.87380     7.61058
  8.09878     8.07950     8.07118     7.98954     7.99727     7.97073     7.87180     7.60892
  8.10077     8.07799     8.06962     7.98792     7.99595     7.97049     7.87028     7.60696
  8.09960     8.07640     8.06786     7.98607     7.99458     7.97011     7.86869     7.60509
  8.10115     8.07462     8.06556     7.98371     7.99263     7.96960     7.86632     7.60263
  8.09942     8.07219     8.06326     7.98127     7.99077     7.96873     7.86386     7.60017
  8.09880     8.06967     8.06024     7.97827     7.98835     7.96752     7.86019     7.59704
  8.09811     8.06683     8.05718     7.97539     7.98585     7.96598     7.85654     7.59377
  8.09688     8.06385     8.05372     7.97196     7.98305     7.96408     7.85299     7.58996
  8.09562     8.06087     8.04997     7.96874     7.98024     7.96185     7.84919     7.58615
  8.09219     8.05467     8.04207     7.96118     7.97361     7.95658     7.84137     7.57793
  8.08966     8.05107     8.03793     7.95697     7.96979     7.95364     7.83666     7.57363
  8.08760     8.04741     8.03379     7.95274     7.96596     7.95036     7.83147     7.56919
  8.08453     8.04345     8.02947     7.94828     7.96204     7.94698     7.82631     7.56435
  8.08224     8.03938     8.02522     7.94420     7.95793     7.94326     7.82080     7.55938
  8.07941     8.03522     8.02102     7.93998     7.95389     7.93936     7.81570     7.55486
  8.07647     8.03132     8.01694     7.93613     7.94980     7.93540     7.81039     7.54992
  8.07325     8.02716     8.01290     7.93199     7.94592     7.93123     7.80585     7.54579
  8.06994     8.02329     8.00893     7.92841     7.94207     7.92720     7.80138     7.54129
  8.06657     8.01934     8.00517     7.92454     7.93845     7.92309     7.79744     7.53898
  8.06323     8.01576     8.00174     7.92137     7.93505     7.91913     7.79348     7.53449
  8.05973     8.01216     7.99841     7.91838     7.93167     7.91531     7.78960     7.53262
  8.05616     8.00900     7.99568     7.91561     7.92856     7.91162     7.78521     7.52853
  8.05283     8.00593     7.99292     7.91311     7.92582     7.90791     7.78108     7.52533
  8.04927     8.00329     7.99064     7.91087     7.92307     7.90445     7.77758     7.52198
  8.04620     8.00074     7.98853     7.90880     7.92070     7.90114     7.77379     7.51909
  8.04307     7.99880     7.98688     7.90735     7.91851     7.89797     7.77089     7.51612
  8.03996     7.99703     7.98549     7.90609     7.91663     7.89513     7.76768     7.51429
  8.03687     7.99596     7.98460     7.90544     7.91504     7.89229     7.76517     7.51217
  8.03426     7.99502     7.98405     7.90501     7.91383     7.89006     7.76223     7.51119
  8.03157     7.99469     7.98391     7.90509     7.91297     7.88790     7.76072     7.51004
  8.02959     7.99458     7.98403     7.90527     7.91238     7.88632     7.75892     7.50918
  8.02769     7.99462     7.98435     7.90581     7.91192     7.88485     7.75810     7.50837
  8.02626     7.99498     7.98502     7.90644     7.91185     7.88386     7.75770     7.50803
  8.02512     7.99561     7.98616     7.90731     7.91169     7.88294     7.75747     7.50772
  8.02439     7.99629     7.98729     7.90833     7.91212     7.88246     7.75738     7.50808
  8.02398     7.99732     7.98893     7.90949     7.91245     7.88225     7.75773     7.50823
  8.02372     7.99845     7.99050     7.91083     7.91456     7.88237     7.75815     7.50897
  8.02379     7.99974     7.99215     7.91220     7.91537     7.88269     7.75866     7.50964
  8.02413     8.00100     7.99388     7.91482     7.91769     7.88337     7.75932     7.51081
  8.02474     8.00267     7.99580     7.91651     7.91898     7.88417     7.76015     7.51190
  8.02560     8.00407     7.99773     7.91933     7.92046     7.88528     7.76030     7.51343
  8.02659     8.00412     7.99969     7.92116     7.92192     7.88628     7.76151     7.51513
  8.02759     8.00567     8.00170     7.92324     7.92377     7.88777     7.76254     7.51672
  8.02860     8.00576     8.00369     7.92517     7.92512     7.88911     7.76359     7.51881
  8.02983     8.00754     8.00568     7.92728     7.92700     7.89064     7.76499     7.52064
  8.03115     8.00954     8.00781     7.92941     7.92871     7.89235     7.76653     7.52301
  8.03261     8.01169     8.01026     7.93178     7.93201     7.89412     7.76792     7.52508
  8.03406     8.01392     8.01250     7.93402     7.93405     7.89600     7.77017     7.52753
  8.03580     8.01617     8.01489     7.93691     7.93750     7.89795     7.77192     7.53024
  8.03742     8.01860     8.01740     7.93936     7.94044     7.90003     7.77392     7.53290
  8.03925     8.02090     8.01970     7.94205     7.94262     7.90209     7.77563     7.53575
  8.04121     8.02227     8.02210     7.94443     7.94558     7.90415     7.77735     7.53884
  8.04317     8.02455     8.02450     7.94691     7.94789     7.90646     7.77926     7.54160
  8.04524     8.02523     8.02684     7.94916     7.95000     7.90863     7.78131     7.54465
  8.04756     8.02738     8.02893     7.95153     7.95233     7.91100     7.78343     7.54740
  8.04985     8.02888     8.03098     7.95362     7.95439     7.91326     7.78562     7.55049
  8.05222     8.03106     8.03296     7.95571     7.95650     7.91587     7.78758     7.55294
  8.05447     8.03267     8.03427     7.95736     7.95852     7.91807     7.78967     7.55535
  8.05668     8.03427     8.03583     7.95917     7.96035     7.92050     7.79112     7.55346
  8.05860     8.03532     8.03689     7.96060     7.96202     7.92237     7.79298     7.55537
  8.06060     8.03626     8.03799     7.96198     7.96360     7.92434     7.79416     7.55258
  8.06225     8.03708     8.03889     7.96295     7.96482     7.92608     7.79542     7.55440
  8.06397     8.03760     8.03960     7.96381     7.96600     7.92783     7.79632     7.55516
  8.06547     8.03846     8.03973     7.96405     7.96689     7.92969     7.79678     7.55625
  8.06718     8.03866     8.03962     7.96428     7.96745     7.93114     7.79741     7.55608
  8.06854     8.03902     8.03896     7.96412     7.96774     7.93254     7.79712     7.55582
  8.07000     8.03898     8.03806     7.96361     7.96778     7.93335     7.79732     7.55508
  8.07100     8.03883     8.03676     7.96307     7.96753     7.93417     7.79625     7.55401
  8.07197     8.03856     8.03538     7.96189     7.96710     7.93454     7.79541     7.55335
  8.07249     8.03789     8.03359     7.96061     7.96636     7.93439     7.79370     7.55189
  8.07302     8.03717     8.03191     7.95900     7.96519     7.93419     7.79226     7.55016
  8.07297     8.03413     8.02878     7.95513     7.96250     7.93272     7.78832     7.54528
  8.07239     8.03238     8.02628     7.95292     7.96086     7.93195     7.78617     7.54245
  8.07212     8.03016     8.02481     7.95057     7.95893     7.93069     7.78374     7.53968
  8.07118     8.02825     8.02191     7.94831     7.95677     7.92931     7.78100     7.53633
  8.07051     8.02595     8.01914     7.94586     7.95420     7.92761     7.77781     7.53346
  8.06923     8.02365     8.01610     7.94394     7.95168     7.92572     7.77456     7.52986
  8.06807     8.02082     8.01313     7.94134     7.94908     7.92383     7.77106     7.52622
  8.06655     8.01788     8.01002     7.93905     7.94651     7.92153     7.76801     7.52246
  8.06521     8.01471     8.00706     7.93628     7.94386     7.91929     7.76477     7.51846
  8.06354     8.01147     8.00410     7.93354     7.94117     7.91683     7.76156     7.51487
  8.06188     8.00848     7.99998     7.93062     7.93909     7.91451     7.75882     7.51110
  8.06000     8.00530     7.99683     7.92778     7.93644     7.91193     7.75549     7.50735
  8.05756     8.00235     7.99276     7.92494     7.93418     7.90925     7.75240     7.50353
  8.05542     7.99950     7.98950     7.92245     7.93137     7.90653     7.74908     7.49915
  8.05266     7.99647     7.98644     7.91953     7.92814     7.90352     7.74582     7.49486
  8.05006     7.99344     7.98310     7.91753     7.92497     7.90047     7.74222     7.49025
  8.04760     7.99054     7.97987     7.91446     7.92145     7.89759     7.73907     7.48582
  8.04466     7.98735     7.97642     7.91197     7.91844     7.89443     7.73522     7.48086
  8.04214     7.98431     7.97430     7.90875     7.91504     7.89128     7.73085     7.47660
  8.03929     7.98117     7.97099     7.90583     7.91174     7.88807     7.72703     7.47160
  8.03664     7.97797     7.96915     7.90252     7.90879     7.88460     7.72238     7.46679
  8.03392     7.97454     7.96570     7.89957     7.90527     7.88105     7.71824     7.46174
  8.03249     7.97135     7.96253     7.89621     7.90219     7.87738     7.71392     7.45645
  8.02972     7.96820     7.95925     7.89322     7.89864     7.87350     7.70893     7.45119
  8.02832     7.96482     7.95578     7.88968     7.89468     7.86980     7.70434     7.44616
  8.02551     7.96162     7.95250     7.88647     7.89090     7.86589     7.69961     7.44093
  8.02298     7.95809     7.94933     7.88296     7.88664     7.86222     7.69502     7.43600
  8.02029     7.95446     7.94600     7.87968     7.88281     7.85836     7.69074     7.43060
  8.01773     7.95080     7.94254     7.87633     7.87893     7.85462     7.68658     7.42546
  8.01501     7.94718     7.93961     7.87344     7.87496     7.85078     7.68219     7.42060
  8.01227     7.94377     7.93658     7.87055     7.87137     7.84690     7.67779     7.41581
  8.00935     7.94036     7.93403     7.86805     7.86762     7.84301     7.67379     7.41172
  8.00659     7.93744     7.93193     7.86579     7.86438     7.83920     7.66937     7.40746
  8.00365     7.93466     7.93005     7.86407     7.86099     7.83536     7.66562     7.40370
  8.00086     7.93239     7.92840     7.86241     7.85820     7.83179     7.66203     7.39998
  7.99793     7.93049     7.92719     7.86139     7.85535     7.82828     7.65842     7.39707
  7.99517     7.92899     7.92639     7.86051     7.85314     7.82491     7.65497     7.39406
  7.99224     7.92792     7.92624     7.86015     7.85093     7.82170     7.65212     7.39200
  7.98972     7.92701     7.92634     7.86033     7.84949     7.81881     7.64895     7.38977
  7.98729     7.92650     7.92716     7.86083     7.84819     7.81613     7.64691     7.38827
  7.98524     7.92649     7.92796     7.86181     7.84765     7.81379     7.64524     7.38663
  7.98338     7.92694     7.92946     7.86317     7.84739     7.81181     7.64426     7.38616
  7.98191     7.92792     7.93088     7.86473     7.84776     7.81042     7.64422     7.38511
  7.98047     7.92967     7.93302     7.86678     7.84819     7.80940     7.64434     7.38515
  7.97953     7.93105     7.93500     7.86920     7.84929     7.80886     7.64548     7.38503
  7.97881     7.93292     7.93735     7.87174     7.85047     7.80871     7.64623     7.38508
  7.97884     7.93434     7.93975     7.87439     7.85199     7.80885     7.64761     7.38526
  7.97869     7.93583     7.94230     7.87719     7.85347     7.80927     7.64851     7.38559
  7.97949     7.93742     7.94490     7.87981     7.85535     7.81005     7.64998     7.38550
  7.98021     7.93924     7.94755     7.88244     7.85706     7.81133     7.65152     7.38610
  7.98156     7.94121     7.94987     7.88503     7.85935     7.81258     7.65335     7.38591
  7.98306     7.94337     7.95236     7.88754     7.86162     7.81422     7.65567     7.38611
  7.98501     7.94574     7.95467     7.89006     7.86402     7.81569     7.65716     7.38614
  7.98687     7.94862     7.95657     7.89258     7.86642     7.81741     7.65918     7.38599
  7.98893     7.95090     7.95897     7.89516     7.86878     7.81887     7.66063     7.38598
  7.99111     7.95382     7.96096     7.89759     7.87106     7.82060     7.66184     7.38588
  7.99338     7.95586     7.96380     7.90006     7.87338     7.82221     7.66364     7.38549
  7.99553     7.95820     7.96611     7.90237     7.87553     7.82398     7.66473     7.38520
  7.99810     7.96037     7.96895     7.90488     7.87762     7.82550     7.66545     7.38469
  8.00057     7.96258     7.97109     7.90726     7.87955     7.82722     7.66636     7.38451
  8.00335     7.96482     7.97315     7.90965     7.88179     7.82881     7.66754     7.38412
  8.00604     7.96722     7.97394     7.91200     7.88391     7.83056     7.66776     7.38373
  8.00896     7.96976     7.97601     7.91454     7.88630     7.83221     7.66944     7.38383
  8.01427     7.97512     7.97917     7.91949     7.89085     7.83586     7.67120     7.38364
  8.01703     7.97796     7.98168     7.92218     7.89300     7.83778     7.67220     7.38368
  8.01973     7.98010     7.98396     7.92474     7.89530     7.83954     7.67375     7.38416
  8.02245     7.98257     7.98636     7.92728     7.89677     7.84163     7.67543     7.38468
  8.02532     7.98474     7.98881     7.92988     7.89895     7.84351     7.67687     7.38551
  8.02781     7.98694     7.99127     7.93229     7.90018     7.84572     7.67876     7.38594
  8.03050     7.98887     7.99350     7.93446     7.90212     7.84767     7.68016     7.38737
  8.03293     7.99088     7.99480     7.93651     7.90430     7.84984     7.68186     7.38803
  8.03588     7.99274     7.99686     7.93867     7.90605     7.85176     7.68319     7.38930
  8.03848     7.99462     7.99780     7.94041     7.90825     7.85384     7.68471     7.38984
  8.04147     7.99658     7.99974     7.94239     7.91012     7.85581     7.68620     7.39101
  8.04401     7.99864     8.00150     7.94424     7.91213     7.85764     7.68788     7.39159
  8.04673     8.00045     8.00303     7.94603     7.91385     7.85946     7.68907     7.39310
  8.04909     8.00247     8.00450     7.94774     7.91636     7.86108     7.69044     7.39435
  8.05180     8.00418     8.00598     7.94953     7.91791     7.86273     7.69193     7.39578
  8.05449     8.00604     8.00729     7.95120     7.92033     7.86435     7.69311     7.39717
  8.05717     8.00768     8.00874     7.95280     7.92174     7.86585     7.69459     7.39873
  8.05973     8.00942     8.01016     7.95450     7.92351     7.86754     7.69659     7.40044
  8.06299     8.01098     8.01165     7.95595     7.92480     7.86902     7.69773     7.40243
  8.06493     8.01266     8.01319     7.95759     7.92607     7.87059     7.69943     7.40428
  8.06771     8.01406     8.01482     7.95898     7.92744     7.87227     7.70134     7.40664
  8.06938     8.01567     8.01638     7.96041     7.92880     7.87398     7.70291     7.40899
  8.07103     8.01687     8.01791     7.96190     7.93004     7.87573     7.70507     7.41131
  8.07258     8.01811     8.01922     7.96337     7.93134     7.87748     7.70693     7.41389
  8.07424     8.01941     8.02057     7.96492     7.93242     7.87923     7.70876     7.41600
  8.07584     8.02051     8.02159     7.96620     7.93340     7.88091     7.71035     7.41832
  8.07751     8.02168     8.02268     7.96746     7.93438     7.88252     7.71201     7.42025
  8.07890     8.02286     8.02363     7.96837     7.93535     7.88407     7.71384     7.42259
  8.08026     8.02371     8.02471     7.96928     7.93637     7.88556     7.71447     7.42402
  8.08147     8.02463     8.02541     7.97002     7.93726     7.88704     7.71587     7.42588
  8.08261     8.02535     8.02642     7.97060     7.93786     7.88848     7.71614     7.42665
  8.08376     8.02595     8.02679     7.97092     7.93861     7.88973     7.71685     7.42800
  8.08493     8.02632     8.02742     7.97112     7.93885     7.89112     7.71746     7.42865
  8.08566     8.02679     8.02772     7.97132     7.93897     7.89204     7.71790     7.42955
  8.08648     8.02706     8.02806     7.97134     7.93908     7.89306     7.71757     7.42969
  8.08719     8.02748     8.02804     7.97145     7.93900     7.89365     7.71737     7.43034
  8.08781     8.02772     8.02811     7.97137     7.93908     7.89421     7.71633     7.42994
  8.08849     8.02829     8.02770     7.97130     7.93917     7.89446     7.71595     7.42987
  8.08926     8.02861     8.02735     7.97088     7.93937     7.89485     7.71484     7.42956
  8.08979     8.02913     8.02687     7.97062     7.93937     7.89516     7.71427     7.42920
  8.09023     8.02935     8.02640     7.96999     7.93913     7.89534     7.71322     7.42853
  8.09067     8.02912     8.02575     7.96935     7.93872     7.89550     7.71229     7.42860
  8.09104     8.02861     8.02512     7.96856     7.93815     7.89552     7.71151     7.42758
  8.09138     8.02780     8.02446     7.96788     7.93730     7.89555     7.71069     7.42724
  8.09158     8.02693     8.02364     7.96707     7.93684     7.89548     7.70976     7.42588
  8.09191     8.02600     8.02273     7.96654     7.93584     7.89543     7.70876     7.42500
  8.09192     8.02496     8.02186     7.96562     7.93534     7.89523     7.70834     7.42372
  8.09199     8.02408     8.02059     7.96497     7.93447     7.89489     7.70708     7.42288
  8.09213     8.02279     8.01932     7.96388     7.93380     7.89448     7.70691     7.42190
  8.09206     8.02185     8.01798     7.96297     7.93288     7.89393     7.70600     7.42102
  8.09193     8.02070     8.01682     7.96212     7.93245     7.89341     7.70501     7.41992
  8.09170     8.01922     8.01540     7.96121     7.93146     7.89269     7.70382     7.41894
  8.09145     8.01830     8.01426     7.96029     7.93095     7.89198     7.70257     7.41774
  8.09088     8.01710     8.01308     7.95943     7.93019     7.89119     7.70134     7.41670
  8.09044     8.01626     8.01206     7.95882     7.92887     7.89035     7.70021     7.41537
  8.08976     8.01555     8.01105     7.95796     7.92806     7.88952     7.69904     7.41424
  8.08899     8.01482     8.01027     7.95760     7.92677     7.88858     7.69777     7.41338
  8.08795     8.01433     8.00957     7.95698     7.92612     7.88770     7.69664     7.41260
  8.08690     8.01395     8.00900     7.95652     7.92555     7.88680     7.69508     7.41227
  8.08571     8.01346     8.00845     7.95633     7.92480     7.88607     7.69413     7.41157
  8.08443     8.01328     8.00814     7.95599     7.92446     7.88527     7.69327     7.41139
  8.08340     8.01250     8.00765     7.95581     7.92380     7.88474     7.69266     7.41089
  8.08127     8.01169     8.00673     7.95531     7.92295     7.88376     7.69223     7.41029
  8.08032     8.01146     8.00638     7.95372     7.92256     7.88343     7.69164     7.41051
  8.07959     8.01107     8.00612     7.95321     7.92220     7.88322     7.69160     7.40996
  8.07881     8.01090     8.00612     7.95131     7.92183     7.88282     7.69118     7.41003
  8.07806     8.01054     8.00612     7.95079     7.92168     7.88278     7.69088     7.40953
  8.07747     8.01032     8.00623     7.95045     7.92140     7.88231     7.69037     7.40932
  8.07705     8.01002     8.00631     7.95022     7.92102     7.88198     7.68958     7.40860
  8.07671     8.00992     8.00644     7.94994     7.92071     7.88155     7.68901     7.40843
  8.07655     8.00958     8.00647     7.94969     7.92050     7.88117     7.68739     7.40782
  8.07633     8.00940     8.00642     7.94960     7.92025     7.88080     7.68708     7.40767
  8.07642     8.00929     8.00657     7.94941     7.91993     7.88056     7.68355     7.40673
  8.07603     8.00924     8.00661     7.94942     7.91971     7.88016     7.68279     7.40622
  8.07629     8.00926     8.00681     7.94933     7.91930     7.87986     7.67944     7.40531
  8.07610     8.00946     8.00690     7.94923     7.91905     7.87929     7.67808     7.40401
  8.07589     8.00974     8.00712     7.94907     7.91883     7.87898     7.67713     7.40322
  8.07585     8.01017     8.00734     7.94909     7.91862     7.87858     7.67625     7.40230
  8.07598     8.01063     8.00768     7.94906     7.91837     7.87852     7.67631     7.40145
  8.07587     8.01112     8.00799     7.94910     7.91807     7.87832     7.67608     7.40090
  8.07618     8.01155     8.00848     7.94906     7.91802     7.87840     7.67632     7.40021
  8.07621     8.01167     8.00873     7.94928     7.91789     7.87825     7.67607     7.39920
  8.07611     8.01187     8.00918     7.94951     7.91793     7.87831     7.67389     7.39861
  8.07639     8.01194     8.00951     7.95012     7.91782     7.87825     7.67341     7.39753
  8.07662     8.01230     8.01044     7.95058     7.91789     7.87841     7.67119     7.39729
  8.07708     8.01243     8.01065     7.95118     7.91763     7.87842     7.67092     7.39660
  8.07763     8.01258     8.01165     7.95153     7.91792     7.87853     7.67119     7.39643
  8.07810     8.01271     8.01167     7.95187     7.91771     7.87854     7.67159     7.39600
  8.07866     8.01252     8.01218     7.95233     7.91793     7.87985     7.67182     7.39573
  8.07919     8.01267     8.01251     7.95256     7.91792     7.87979     7.67230     7.39495
  8.07986     8.01285     8.01303     7.95285     7.91825     7.88108     7.67250     7.39492
  8.08092     8.01301     8.01359     7.95316     7.91845     7.88121     7.67260     7.39404
  8.08159     8.01331     8.01411     7.95346     7.91896     7.88149     7.66805     7.39507
  8.08257     8.01380     8.01446     7.95374     7.91919     7.88189     7.66816     7.39467
  8.08329     8.01416     8.01638     7.95402     7.91956     7.88190     7.66357     7.39508
  8.08398     8.01468     8.01648     7.95415     7.91974     7.88227     7.66380     7.39455
  8.08469     8.01530     8.01819     7.95424     7.92007     7.88215     7.66390     7.39439
  8.08549     8.01588     8.01819     7.95434     7.92016     7.88242     7.66379     7.39383
  8.08632     8.01649     8.01858     7.95456     7.92030     7.88226     7.66371     7.39375
  8.08700     8.01702     8.01869     7.95461     7.92033     7.88248     7.66381     7.39349
  8.08757     8.01744     8.01900     7.95465     7.92048     7.88226     7.66387     7.39316
  8.08793     8.01748     8.01901     7.95458     7.92021     7.88260     7.66422     7.39259
  8.08830     8.01763     8.01899     7.95442     7.92036     7.88276     7.66423     7.39475
  8.08846     8.01759     8.01855     7.95407     7.92005     7.88310     7.66426     7.39409
  8.08934     8.01739     8.01827     7.95371     7.91980     7.88310     7.66414     7.39595
  8.08968     8.01736     8.01762     7.95312     7.91954     7.88317     7.66393     7.39547
  8.09058     8.01689     8.01703     7.95255     7.91909     7.88288     7.66382     7.39469
  8.09086     8.01646     8.01614     7.95182     7.91865     7.88261     7.66293     7.39362
  8.09160     8.01582     8.01531     7.95107     7.91817     7.88236     7.66226     7.39232
  8.09211     8.01500     8.01397     7.94997     7.91758     7.88195     7.66112     7.39071
  8.09266     8.01406     8.01264     7.94883     7.91674     7.88192     7.66004     7.38885
  8.09319     8.01308     8.01120     7.94747     7.91549     7.88111     7.65896     7.38701
  8.09352     8.01186     8.00972     7.94601     7.91409     7.88073     7.65784     7.38456
  8.09349     8.01079     8.00828     7.94446     7.91261     7.87950     7.65652     7.38220
  8.09393     8.00962     8.00659     7.94286     7.91078     7.87832     7.65447     7.38138
  8.09371     8.00828     8.00481     7.94078     7.90902     7.87669     7.65294     7.37861
  8.09359     8.00678     8.00268     7.93873     7.90693     7.87514     7.65039     7.37701
  8.09283     8.00499     8.00024     7.93640     7.90455     7.87312     7.64816     7.37360
