  8.06442     8.06264     8.07946     8.01537     8.03402     8.03161     7.87166     7.82825
  8.06442     8.06303     8.07916     8.01508     8.03396     8.03196     7.87276     7.82910
  8.06442     8.06316     8.07850     8.01443     8.03355     8.03178     7.87279     7.82912
  8.06442     8.06315     8.07863     8.01424     8.03512     8.03214     7.87389     7.82967
  8.06442     8.06376     8.07859     8.01384     8.03533     8.03239     7.87557     7.83024
  8.06442     8.06392     8.07873     8.01420     8.03536     8.03285     7.87682     7.83030
  8.06442     8.06406     8.07939     8.01434     8.03593     8.03368     7.87802     7.83087
  8.06442     8.06465     8.07968     8.01460     8.03625     8.03419     7.87961     7.83153
  8.06442     8.06558     8.08019     8.01452     8.03700     8.03468     7.87973     7.83228
  8.06442     8.06625     8.08069     8.01548     8.03718     8.03226     7.88102     7.83313
  8.06442     8.06674     8.08121     8.01554     8.03772     8.03330     7.88197     7.83408
  8.06442     8.06730     8.08168     8.01577     8.03769     8.03297     7.88172     7.83478
  8.06442     8.06783     8.08190     8.01704     8.03780     8.03234     7.88235     7.83492
  8.06442     8.06871     8.08258     8.01745     8.03794     8.03239     7.88179     7.83534
  8.06442     8.07266     8.08346     8.01777     8.03843     8.03202     7.88110     7.83576
  8.06442     8.07290     8.08412     8.01817     8.03825     8.03149     7.88267     7.83618
  8.06442     8.07311     8.08494     8.01878     8.03849     8.03113     7.88438     7.83679
  8.06442     8.07377     8.08629     8.01920     8.03920     8.03115     7.88546     7.83741
  8.06442     8.07426     8.08724     8.01968     8.03930     8.03065     7.88627     7.83789
  8.06442     8.07441     8.08748     8.01960     8.03885     8.02899     7.88749     7.83794
  8.06442     8.07155     8.08760     8.01960     8.03900     8.02829     7.88835     7.83746
  8.06442     8.07113     8.08963     8.01938     8.03881     8.02738     7.88760     7.83693
  8.06442     8.07106     8.08974     8.02036     8.03871     8.02672     7.88865     7.83653
  8.06442     8.07163     8.08958     8.02028     8.03919     8.02679     7.88864     7.83677
  8.06442     8.07074     8.09001     8.02034     8.04000     8.02749     7.88919     7.83682
  8.06442     8.07092     8.09042     8.02082     8.03997     8.02812     7.89037     7.83718
  8.06442     8.07142     8.09108     8.02167     8.04032     8.02858     7.88737     7.83740
  8.06442     8.07198     8.09170     8.02206     8.04127     8.02905     7.88845     7.83700
  8.06442     8.07226     8.09212     8.02213     8.04186     8.02929     7.88883     7.83681
  8.06442     8.07267     8.09225     8.02186     8.04210     8.02973     7.88923     7.83649
  8.06442     8.07158     8.09450     8.02195     8.04252     8.02976     7.89032     7.83637
  8.06442     8.07161     8.09456     8.02167     8.04288     8.02987     7.89071     7.83558
  8.06442     8.07127     8.09445     8.02241     8.04265     8.02996     7.89049     7.83541
  8.06442     8.07127     8.09384     8.02189     8.04266     8.02995     7.89083     7.83474
  8.06442     8.07088     8.09364     8.02128     8.04247     8.02984     7.89040     7.83382
  8.06442     8.07020     8.09283     8.02013     8.04158     8.02948     7.88889     7.83209
  8.06442     8.07081     8.09347     8.02073     8.04180     8.03011     7.88821     7.83189
  8.06442     8.07121     8.09332     8.01961     8.04177     8.03024     7.88847     7.83070
  8.06442     8.07146     8.09338     8.01899     8.04170     8.03044     7.88870     7.82924
  8.06442     8.07161     8.09304     8.01829     8.04163     8.03055     7.88827     7.82781
  8.06442     8.07147     8.09288     8.01717     8.04122     8.02992     7.88857     7.82655
  8.06442     8.07127     8.09212     8.01557     8.04084     8.02996     7.88881     7.82483
  8.06442     8.07031     8.09097     8.01438     8.03991     8.02895     7.88858     7.82276
  8.06442     8.06987     8.08757     8.01299     8.03898     8.02875     7.88768     7.82058
  8.06442     8.06930     8.08637     8.01169     8.03833     8.02880     7.88797     7.81821
  8.06442     8.06606     8.08246     8.00760     8.03550     8.02645     7.88559     7.81373
  8.06442     8.06574     8.08178     8.00681     8.03518     8.02729     7.91596     7.81173
  8.06442     8.06522     8.08007     8.00485     8.03454     8.02722     7.91615     7.80969
  8.06442     8.06442     8.07974     8.00318     8.03330     8.02733     7.91661     7.80691
  8.06442     8.06357     8.07814     8.00157     8.03249     8.02785     7.91743     7.80402
  8.06442     8.06274     8.07634     7.99998     8.03127     8.02793     7.91737     7.80070
  8.06442     8.06207     8.07477     7.99841     8.03067     8.02805     7.91853     7.79858
  8.06442     8.06051     8.07348     7.99685     8.02926     8.02636     7.91845     7.79594
  8.06442     8.05962     8.07141     7.99487     8.02853     8.02643     7.91840     7.79325
  8.06442     8.05870     8.06943     7.99283     8.02700     8.02575     7.91754     7.79030
  8.06442     8.05532     8.06548     7.98843     8.02396     8.02306     7.91501     7.78573
  8.06442     8.05381     8.06333     7.98617     8.02214     8.02257     7.90595     7.78238
  8.06442     8.05378     8.06176     7.98465     8.02158     8.02243     7.90571     7.78020
  8.06442     8.05282     8.06026     7.98269     8.02047     8.02156     7.90585     7.77762
  8.06442     8.05209     8.05889     7.98109     8.01972     8.02116     7.90547     7.77506
  8.06442     8.05119     8.05721     7.97981     8.01874     8.02034     7.90473     7.77259
  8.06442     8.05045     8.05599     7.97906     8.01808     8.02009     7.90361     7.77047
  8.06442     8.04920     8.05497     7.97772     8.01679     8.01929     7.90271     7.76837
  8.06442     8.04914     8.05431     7.97721     8.01641     8.01933     7.90249     7.76696
  8.06442     8.04892     8.05373     7.97665     8.01586     8.01917     7.90189     7.76560
  8.06442     8.04834     8.05348     7.97588     8.01514     8.01867     7.90228     7.76464
  8.06442     8.04754     8.05278     7.97483     8.01428     8.01789     7.90267     7.76336
  8.06442     8.04738     8.05258     7.97483     8.01396     8.01792     7.90286     7.76177
  8.06442     8.04774     8.05261     7.97448     8.01355     8.01778     7.90349     7.76635
  8.06442     8.04834     8.05338     7.97464     8.01366     8.01784     7.90422     7.76645
  8.06442     8.04858     8.05371     7.97492     8.01390     8.01779     7.90422     7.76602
  8.06442     8.04914     8.05431     7.97582     8.01372     8.01767     7.90503     7.76558
  8.06442     8.04938     8.05477     7.97581     8.01371     8.01690     7.90442     7.76536
  8.06442     8.04972     8.05527     7.97604     8.01365     8.01631     7.90528     7.76466
  8.06442     8.05048     8.05595     7.97643     8.01408     8.01643     7.90604     7.76515
  8.06442     8.05128     8.05675     7.97736     8.01415     8.01640     7.90553     7.76559
  8.06442     8.05159     8.05766     7.97755     8.01430     8.01606     7.90557     7.76637
  8.06442     8.05256     8.05931     7.97873     8.01503     8.01644     7.90720     7.76735
  8.06442     8.05330     8.06028     7.97954     8.01539     8.01645     7.90692     7.77228
  8.06442     8.05389     8.06102     7.98020     8.01511     8.01610     7.90693     7.77237
  8.06442     8.05395     8.06167     7.98016     8.01522     8.01537     7.90745     7.77254
  8.06442     8.05491     8.06269     7.98079     8.01570     8.01506     7.90748     7.77306
  8.06442     8.05546     8.06322     7.98096     8.01573     8.01473     7.90729     7.77339
  8.06442     8.05629     8.06429     7.98228     8.01617     8.01455     7.90834     7.77406
  8.06442     8.05694     8.06507     7.98298     8.01705     8.01412     7.90994     7.77455
  8.06442     8.05755     8.06592     7.98374     8.01721     8.01381     7.91062     7.77502
  8.06442     8.05726     8.06607     7.98398     8.01682     8.01290     7.90995     7.77541
  8.06442     8.05795     8.06762     7.98523     8.01721     8.01279     7.91092     7.77584
  8.06442     8.05871     8.06881     7.98562     8.01745     8.01303     7.91151     7.77591
  8.06442     8.05957     8.07008     7.98639     8.01744     8.01344     7.91221     7.77636
  8.06442     8.06001     8.07144     7.98703     8.01816     8.01333     7.91370     7.77712
  8.06442     8.06101     8.07294     7.98825     8.01870     8.01329     7.91566     7.77807
  8.06442     8.06214     8.07364     7.98911     8.01942     8.01343     7.91699     7.77865
  8.06442     8.06308     8.07489     7.99034     8.01976     8.01348     7.91802     7.77953
  8.06442     8.06385     8.07575     7.99091     8.02051     8.01328     7.91879     7.78037
  8.06442     8.06444     8.07692     7.99147     8.02087     8.01334     7.91994     7.78145
  8.06442     8.06465     8.07734     7.99159     8.02091     8.01333     7.92166     7.78136
  8.06442     8.06555     8.07837     7.99232     8.02120     8.01347     7.92882     7.78201
  8.06442     8.06518     8.07816     7.99181     8.02082     8.01269     7.92739     7.78161
  8.06442     8.06593     8.07849     7.99217     8.02104     8.01304     7.92722     7.78206
  8.06442     8.06637     8.07878     7.99258     8.02115     8.01309     7.92777     7.78148
  8.06442     8.06704     8.07988     7.99253     8.02187     8.00974     7.92818     7.78195
  8.06442     8.06753     8.08060     7.99319     8.02207     8.00966     7.92923     7.78166
  8.06442     8.06796     8.08068     7.99369     8.02220     8.00963     7.92983     7.78190
  8.06442     8.06847     8.08175     7.99438     8.02255     8.00973     7.93036     7.78219
  8.06442     8.06940     8.08288     7.99599     8.02371     8.01002     7.93022     7.78293
  8.06442     8.07004     8.08402     7.99747     8.02401     8.00959     7.93098     7.78278
  8.06442     8.07141     8.08587     7.99901     8.02482     8.01003     7.94394     7.78374
  8.06442     8.07320     8.08805     8.00065     8.02637     8.01060     7.94605     7.78496
  8.06442     8.07508     8.09024     8.00259     8.02805     8.01086     7.94829     7.78607
  8.06442     8.07685     8.09322     8.00473     8.02886     8.01117     7.94985     7.78715
  8.06442     8.07792     8.09546     8.00630     8.02978     8.00913     7.95142     7.78822
  8.06442     8.07899     8.09760     8.00775     8.03046     8.00897     7.95353     7.78855
  8.06442     8.08036     8.10032     8.00948     8.03157     8.00880     7.95560     7.78862
  8.06442     8.08182     8.10238     8.01115     8.03248     8.00933     7.95678     7.78905
  8.06442     8.08315     8.10445     8.01252     8.03414     8.00992     7.95834     7.78996
  8.06442     8.08401     8.10548     8.01363     8.03463     8.00961     7.95922     7.78956
  8.06442     8.08441     8.10604     8.01374     8.03503     8.00931     7.96908     7.78854
  8.06442     8.08459     8.10635     8.01389     8.03500     8.00887     7.96884     7.78707
  8.06442     8.08483     8.10659     8.01382     8.03492     8.00852     7.96971     7.78592
  8.06442     8.08523     8.10689     8.01395     8.03450     8.00822     7.97008     7.78432
  8.06442     8.08559     8.10697     8.01292     8.03486     8.00836     7.97099     7.78336
  8.06442     8.08563     8.10740     8.01255     8.03431     8.00794     7.97131     7.78198
  8.06442     8.08533     8.10486     8.01206     8.03419     8.00774     7.97188     7.78033
  8.06442     8.08539     8.10428     8.01124     8.03393     8.00794     7.97121     7.77822
  8.06442     8.08493     8.10321     8.00996     8.03354     8.00773     7.97044     7.77578
  8.06442     8.08379     8.10171     8.00838     8.03224     8.00667     7.96914     7.77290
  8.06442     8.08339     8.10094     8.00718     8.03216     8.00662     7.96961     7.77054
  8.06442     8.08345     8.10022     8.00642     8.03145     8.00671     7.96839     7.76918
  8.06442     8.08367     8.09937     8.00543     8.03067     8.00643     7.96698     7.76672
  8.06442     8.08364     8.09819     8.00438     8.02995     8.00568     7.96560     7.76444
  8.06442     8.08335     8.09732     8.00485     8.02953     8.00517     7.96513     7.76261
  8.06442     8.08297     8.09612     8.00347     8.02836     8.00478     7.96487     7.76035
  8.06442     8.08086     8.09478     8.00215     8.02748     8.00404     7.96378     7.75821
  8.06442     8.08043     8.09350     8.00209     8.02631     8.00410     7.96155     7.75642
  8.06442     8.07971     8.09279     8.00034     8.02550     8.00422     7.96125     7.75468
  8.06442     8.07853     8.09175     7.99880     8.02388     8.00375     7.95946     7.75271
  8.06442     8.07802     8.09047     7.99726     8.02284     8.00361     7.95781     7.75126
  8.06442     8.07750     8.08923     7.99571     8.02164     8.00356     7.95689     7.75028
  8.06442     8.07801     8.08762     7.99394     8.02070     8.00318     7.95605     7.74878
  8.06442     8.07749     8.08595     7.99187     8.01906     8.00246     7.95509     7.74708
  8.06442     8.07706     8.08465     7.99299     8.01817     8.00228     7.95458     7.74636
  8.06442     8.07599     8.08322     7.99127     8.01705     8.00205     7.95365     7.74497
  8.06442     8.07505     8.08160     7.98961     8.01577     8.00040     7.95143     7.74328
  8.06442     8.07449     8.07987     7.98933     8.01465     8.00071     7.95016     7.74236
  8.06442     8.07364     8.07868     7.98775     8.01429     8.00080     7.94958     7.74179
  8.06442     8.07279     8.07724     7.98599     8.01309     8.00047     7.94871     7.74104
  8.06442     8.07276     8.07676     7.98505     8.01266     8.00088     7.94911     7.74106
  8.06442     8.07272     8.07586     7.98390     8.01197     8.00097     7.94951     7.74038
  8.06442     8.07315     8.07508     7.98331     8.01111     8.00116     7.94940     7.74037
  8.06442     8.07282     8.07388     7.98183     8.01005     8.00100     7.95016     7.74077
  8.06442     8.07294     8.07292     7.98107     8.00971     8.00101     7.95112     7.74110
  8.06442     8.07262     8.07252     7.98058     8.01017     8.00158     7.95212     7.74225
  8.06442     8.07254     8.07227     7.98042     8.01012     8.00223     7.95274     7.74297
  8.06442     8.07280     8.07179     7.97935     8.00999     8.00243     7.95353     7.74339
  8.06442     8.07299     8.07133     7.97894     8.00955     8.00245     7.95369     7.74392
  8.06442     8.07220     8.06998     7.97777     8.00885     8.00223     7.95365     7.74375
  8.06442     8.07175     8.06886     7.97681     8.00778     8.00198     7.95386     7.74402
  8.06442     8.07157     8.06760     7.97570     8.00688     8.00170     7.95415     7.74403
  8.06442     8.07132     8.06652     7.97491     8.00635     8.00171     7.95518     7.74434
  8.06442     8.07142     8.06590     7.97405     8.00636     8.00242     7.95658     7.74443
  8.06442     8.07172     8.06576     7.97319     8.00566     8.00282     7.95657     7.74486
  8.06442     8.07118     8.06489     7.97218     8.00526     8.00282     7.95664     7.74376
  8.06442     8.07065     8.06372     7.97128     8.00445     8.00260     7.95734     7.74335
  8.06442     8.07010     8.06202     7.96941     8.00296     8.00269     7.95670     7.74159
  8.06442     8.06997     8.06075     7.96830     8.00086     8.00227     7.95642     7.74032
  8.06442     8.06916     8.05930     7.96689     7.99983     8.00161     7.95660     7.73895
  8.06442     8.06930     8.05874     7.96644     7.99919     8.00185     7.95770     7.73878
  8.06442     8.06896     8.05783     7.96522     7.99835     8.00174     7.95739     7.73782
  8.06442     8.06867     8.05678     7.96424     7.99732     8.00101     7.95626     7.73609
  8.06442     8.06782     8.05634     7.96345     7.99651     8.00056     7.95651     7.73492
  8.06442     8.06835     8.05630     7.96342     7.99593     8.00024     7.95679     7.73466
  8.06442     8.07147     8.05921     7.96603     7.99819     8.00278     7.95901     7.73571
  8.06442     8.07180     8.06003     7.96663     7.99833     8.00306     7.95919     7.73546
  8.06442     8.07227     8.06105     7.96671     7.99859     8.00326     7.95985     7.73554
  8.06442     8.07336     8.06184     7.96720     7.99905     8.00324     7.95966     7.73537
  8.06442     8.07378     8.06255     7.96800     7.99907     8.00274     7.96002     7.73520
  8.06442     8.07439     8.06331     7.96861     7.99960     8.00232     7.96048     7.73593
  8.06442     8.07554     8.06410     7.96949     7.99997     8.00244     7.96043     7.73604
  8.06442     8.07670     8.06500     7.97035     8.00046     8.00223     7.96024     7.73644
  8.06442     8.07705     8.06613     7.97143     8.00120     8.00215     7.96017     7.73679
  8.06442     8.07782     8.06758     7.97249     8.00226     8.00234     7.96200     7.73762
  8.06442     8.08066     8.06761     7.97593     8.00515     8.00494     7.96552     7.73984
  8.06442     8.08117     8.06887     7.97700     8.00566     8.00508     7.96633     7.74011
  8.06442     8.08162     8.07013     7.97786     8.00657     8.00518     7.96844     7.74023
  8.06442     8.08200     8.07105     7.97847     8.00705     8.00539     7.96926     7.74080
  8.06442     8.08180     8.07166     7.97919     8.00701     8.00503     7.97032     7.74075
  8.06442     8.08238     8.07287     7.98031     8.00796     8.00543     7.97233     7.74133
  8.06442     8.08264     8.07345     7.98072     8.00836     8.00525     7.97349     7.74165
  8.06442     8.08357     8.07395     7.98079     8.00858     8.00543     7.97456     7.74167
  8.06442     8.08374     8.07428     7.98121     8.00875     8.00515     7.97447     7.74255
  8.06442     8.08433     8.07498     7.98200     8.00965     8.00561     7.97531     7.74272
  8.06442     8.08444     8.07580     7.98472     8.00977     8.00561     7.97519     7.74374
  8.06442     8.08517     8.07687     7.98583     8.01085     8.00629     7.97555     7.74506
  8.06442     8.08480     8.07541     7.98598     8.01087     8.00557     7.97552     7.74465
  8.06442     8.08561     8.07600     7.98630     8.01219     8.00611     7.97595     7.74548
  8.06442     8.08578     8.07677     7.98701     8.01247     8.00619     7.97625     7.74673
  8.06442     8.08443     8.07529     7.98537     8.01113     8.00436     7.97498     7.74585
  8.06442     8.08446     8.07597     7.98595     8.01156     8.00402     7.97492     7.74676
  8.06442     8.08302     8.07578     7.98577     8.01145     8.00395     7.97502     7.74710
  8.06442     8.08308     8.07559     7.98613     8.01120     8.00415     7.97500     7.74798
  8.06442     8.08302     8.07558     7.98583     8.01125     8.00366     7.97530     7.74756
  8.06442     8.08268     8.07517     7.98639     8.01097     8.00310     7.97521     7.74746
  8.06442     8.08292     8.07557     7.98653     8.01099     8.00368     7.97647     7.74832
  8.06442     8.08313     8.07817     7.98648     8.01082     8.00370     7.97687     7.74849
  8.06442     8.08400     8.07870     7.98682     8.01174     8.00435     7.97787     7.74938
  8.06442     8.08393     8.07903     7.98696     8.01196     8.00481     7.97899     7.75050
  8.06442     8.08114     8.07628     7.98383     8.00900     8.00213     7.97611     7.74813
  8.06442     8.08090     8.07565     7.98323     8.00813     8.00120     7.97589     7.74789
  8.06442     8.08353     8.07513     7.98236     8.00759     8.00067     7.97613     7.74777
  8.06442     8.08304     8.07460     7.98155     8.00677     8.00020     7.97551     7.74688
  8.06442     8.08277     8.07461     7.98126     8.00647     8.00031     7.97477     7.74667
  8.06442     8.08252     8.07406     7.98076     8.00618     7.99981     7.97507     7.74548
  8.06442     8.08282     8.07406     7.98054     8.00623     8.00020     7.97527     7.74573
  8.06442     8.08263     8.07345     7.97992     8.00527     7.99942     7.97511     7.74521
  8.06442     8.08257     8.07271     7.97961     8.00476     7.99917     7.97461     7.74441
  8.06442     8.08232     8.07232     7.97904     8.00381     7.99878     7.97416     7.74345
  8.06442     8.08222     8.07206     7.97877     8.00327     7.99841     7.97477     7.74283
  8.06442     8.08150     8.07116     7.97788     8.00226     7.99776     7.97415     7.74161
  8.06442     8.08118     8.07084     7.97764     8.00189     7.99756     7.97387     7.74113
  8.06442     8.08067     8.07043     7.97729     8.00161     7.99691     7.97427     7.74011
  8.06442     8.08038     8.07016     7.97697     8.00107     7.99653     7.97492     7.74007
  8.06442     8.07990     8.06990     7.97640     8.00035     7.99595     7.97440     7.73910
  8.06442     8.07962     8.06915     7.97609     8.00002     7.99520     7.97345     7.73846
  8.06442     8.07943     8.06863     7.97557     8.00001     7.99453     7.97447     7.73756
  8.06442     8.07933     8.06828     7.97587     8.00010     7.99406     7.97556     7.73710
  8.06442     8.07904     8.06826     7.97630     8.00022     7.99369     7.97618     7.73733
  8.06442     8.07911     8.06849     7.97742     8.00088     7.99359     7.97724     7.73778
  8.06442     8.08011     8.06982     7.97919     8.00175     7.99272     7.97859     7.73877
  8.06442     8.07961     8.07024     7.98005     8.00173     7.99228     7.97864     7.73892
  8.06442     8.07977     8.07093     7.98124     8.00248     7.99225     7.97973     7.74448
  8.06442     8.08010     8.07170     7.98265     8.00350     7.99241     7.98192     7.74660
  8.06442     8.07883     8.07145     7.98229     8.00324     7.99121     7.98291     7.74679
  8.06442     8.07962     8.07263     7.98396     8.00488     7.99162     7.98489     7.74864
  8.06442     8.08097     8.07413     7.98547     8.00676     7.99199     7.98688     7.75081
  8.06442     8.08247     8.07631     7.98772     8.00832     7.99273     7.98996     7.75332
  8.06442     8.08355     8.07515     7.98974     8.00999     7.99378     7.99244     7.75562
  8.06442     8.08469     8.07722     7.99220     8.01211     7.99427     7.99425     7.75819
  8.06442     8.08279     8.07619     7.99125     8.01104     7.99204     7.99275     7.75757
  8.06442     8.08356     8.07818     7.99389     8.01267     7.99301     7.99460     7.76045
  8.06442     8.08441     8.07977     7.99617     8.01448     7.99357     7.99582     7.76373
  8.06442     8.08571     8.08193     7.99879     8.01643     7.99455     7.99820     7.76623
  8.06442     8.08572     8.08329     7.99999     8.01759     7.99303     7.99907     7.76786
  8.06442     8.08716     8.08556     8.00293     8.01959     7.99456     8.00205     7.77076
  8.06442     8.08917     8.08783     8.00543     8.02218     7.99598     8.00485     7.77383
  8.06442     8.09060     8.09044     8.00829     8.02483     7.99870     8.00743     7.77595
  8.06442     8.09153     8.09004     8.01044     8.02622     7.99991     8.00933     7.77790
  8.06442     8.09274     8.09181     8.01279     8.02827     8.00084     8.01208     7.77955
  8.06442     8.09374     8.09349     8.01422     8.03021     8.00187     8.01256     7.78152
  8.06442     8.09453     8.09505     8.01604     8.03196     8.00287     8.01411     7.78307
  8.06442     8.09526     8.09637     8.01752     8.03337     8.00340     8.01527     7.78419
  8.06442     8.09634     8.09767     8.01728     8.03471     8.00402     8.01644     7.78488
  8.06442     8.09647     8.09811     8.01774     8.03514     8.00370     8.01675     7.78514
  8.06442     8.09657     8.09871     8.01941     8.03528     8.00407     8.01799     7.78528
  8.06442     8.09681     8.09910     8.01992     8.03546     8.00418     8.01677     7.78538
  8.06442     8.09733     8.09980     8.02007     8.03627     8.00481     8.01690     7.78451
  8.06442     8.09772     8.10035     8.02007     8.03598     8.00521     8.01731     7.78395
  8.06442     8.09825     8.10083     8.02041     8.03642     8.00566     8.01795     7.78374
  8.06442     8.09815     8.10073     8.02026     8.03643     8.00541     8.01661     7.78286
  8.06442     8.09851     8.10083     8.01902     8.03599     8.00551     8.01595     7.78141
  8.06442     8.09826     8.10036     8.01835     8.03492     8.00478     8.01503     7.78029
  8.06442     8.09791     8.09946     8.01546     8.03363     8.00461     8.01370     7.77894
  8.06442     8.09735     8.09798     8.01340     8.03218     8.00350     8.01127     7.77614
  8.06442     8.09676     8.09674     8.01169     8.03109     8.00293     8.01171     7.77378
  8.06442     8.09593     8.09510     8.00996     8.02917     8.00216     8.00970     7.77131
  8.06442     8.09483     8.09304     8.00767     8.02727     8.00150     8.00610     7.76826
  8.06442     8.09365     8.09089     8.00550     8.02521     8.00022     8.00252     7.76458
  8.06442     8.09213     8.08873     8.00302     8.02296     7.99990     7.99993     7.76123
  8.06442     8.09106     8.08646     8.00030     8.02037     7.99871     7.99725     7.75786
  8.06442     8.08918     8.08378     7.99647     8.01740     7.99665     7.99424     7.75432
  8.06442     8.08714     8.08092     7.99375     8.01473     7.99466     7.99153     7.75019
  8.06442     8.08008     8.07944     7.99303     8.00889     7.99547     7.98265     7.75889
  8.06442     8.07811     8.07702     7.99088     8.00688     7.99352     7.97974     7.75548
  8.06442     8.07663     8.07489     7.98862     8.00509     7.99203     7.97689     7.75211
  8.06442     8.07535     8.07296     7.98678     8.00376     7.99058     7.97525     7.74938
  8.06442     8.07434     8.07172     7.98473     8.00220     7.98983     7.97323     7.74705
  8.06442     8.07370     8.07085     7.98388     8.00060     7.98895     7.97070     7.74568
  8.06442     8.07318     8.06981     7.98233     7.99963     7.98818     7.96924     7.74427
  8.06442     8.07212     8.06721     7.98106     7.99848     7.98741     7.96757     7.74248
  8.06442     8.07125     8.06629     7.97932     7.99853     7.98670     7.96624     7.74118
  8.06442     8.07047     8.06516     7.97801     7.99758     7.98537     7.96518     7.73893
  8.06442     8.07042     8.06469     7.97716     7.99698     7.98504     7.96439     7.73804
  8.06442     8.07101     8.06357     7.97632     7.99587     7.98410     7.96264     7.73713
  8.06442     8.07088     8.06261     7.97535     7.99538     7.98350     7.96238     7.73643
  8.06442     8.07062     8.06229     7.97510     7.99486     7.98293     7.96203     7.73515
  8.06442     8.07001     8.06157     7.97466     7.99406     7.98225     7.96072     7.73394
  8.06442     8.06955     8.06080     7.97446     7.99179     7.98195     7.96015     7.73305
  8.06442     8.06966     8.06061     7.97392     7.99118     7.98186     7.95968     7.73264
  8.06442     8.06941     8.06047     7.97351     7.99089     7.98174     7.95917     7.73221
  8.06442     8.06935     8.06015     7.97340     7.99072     7.98228     7.95889     7.73287
  8.06442     8.06970     8.05988     7.97288     7.99059     7.98220     7.95854     7.73241
  8.06442     8.06931     8.05971     7.97209     7.99027     7.98168     7.95869     7.73232
  8.06442     8.06861     8.05899     7.97130     7.98968     7.98141     7.95810     7.73150
  8.06442     8.06828     8.05877     7.97112     7.98955     7.98127     7.95736     7.73156
  8.06442     8.06840     8.05884     7.97115     7.98969     7.98160     7.95770     7.73164
  8.06442     8.06808     8.05917     7.97125     7.98930     7.98155     7.95765     7.73192
  8.06442     8.06815     8.05935     7.97155     7.98901     7.98194     7.95726     7.73184
  8.06442     8.06832     8.05964     7.97126     7.98870     7.98146     7.95839     7.73186
  8.06442     8.06821     8.05967     7.97084     7.98840     7.98082     7.95784     7.73159
  8.06442     8.06636     8.05759     7.96897     7.98661     7.97910     7.95472     7.73041
  8.06442     8.06643     8.05782     7.96854     7.98668     7.97906     7.95943     7.73062
  8.06442     8.06637     8.05783     7.96818     7.98626     7.97860     7.95930     7.73090
  8.06442     8.06614     8.05769     7.96768     7.98599     7.97858     7.95950     7.73051
  8.06442     8.06686     8.05835     7.96849     7.98696     7.97950     7.95968     7.73208
  8.06442     8.06748     8.05887     7.96873     7.98742     7.97994     7.95897     7.73314
  8.06442     8.06767     8.05958     7.96972     7.98776     7.98021     7.95903     7.73354
  8.06442     8.06781     8.06043     7.97047     7.98855     7.98050     7.95938     7.73453
  8.06442     8.06835     8.06115     7.97116     7.98936     7.98102     7.96039     7.73532
  8.06442     8.06951     8.06202     7.97171     7.99033     7.98177     7.96182     7.73634
  8.06442     8.07006     8.06228     7.97252     7.99128     7.98144     7.96262     7.73613
  8.06442     8.07039     8.06287     7.97283     7.99183     7.98234     7.96271     7.73709
  8.06442     8.07062     8.06350     7.97283     7.99215     7.98271     7.96229     7.73706
  8.06442     8.07039     8.06357     7.97228     7.99202     7.98248     7.96200     7.73664
  8.06442     8.07009     8.06356     7.97277     7.99239     7.98254     7.96257     7.73617
  8.06442     8.07027     8.06399     7.97285     7.99281     7.98319     7.96209     7.73612
  8.06442     8.07272     8.06636     7.97555     7.99557     7.98562     7.96326     7.73727
  8.06442     8.07283     8.06645     7.97558     7.99585     7.98561     7.96353     7.73692
  8.06442     8.07238     8.06598     7.97497     7.99558     7.98510     7.96301     7.73591
  8.06442     8.07241     8.06567     7.97452     7.99569     7.98466     7.96290     7.73536
  8.06442     8.07201     8.06504     7.97447     7.99576     7.98402     7.96265     7.73385
  8.06442     8.07237     8.06511     7.97439     7.99625     7.98641     7.96230     7.73301
  8.06442     8.07233     8.06485     7.97399     7.99638     7.98628     7.96116     7.73181
  8.06442     8.07203     8.06418     7.97353     7.99607     7.98546     7.95941     7.72968
  8.06442     8.07179     8.06355     7.97351     7.99587     7.98504     7.95904     7.72827
  8.06442     8.07178     8.06353     7.97322     7.99615     7.98465     7.95876     7.72700
  8.06442     8.07036     8.06173     7.97215     7.99504     7.98325     7.95645     7.72414
  8.06442     8.07042     8.06134     7.97200     7.99488     7.98305     7.95521     7.72319
  8.06442     8.07049     8.06135     7.97233     7.99530     7.98303     7.95603     7.72281
  8.06442     8.07126     8.06194     7.97247     7.99595     7.98379     7.95522     7.72257
  8.06442     8.07154     8.06167     7.97261     7.99588     7.98402     7.95473     7.72196
  8.06442     8.07166     8.06185     7.97241     7.99685     7.98382     7.95456     7.72111
  8.06442     8.07141     8.06270     7.97216     7.99655     7.98399     7.95442     7.71999
  8.06442     8.07133     8.06242     7.97202     7.99633     7.98429     7.95383     7.71945
  8.06442     8.07180     8.06245     7.97206     7.99643     7.98459     7.95330     7.71910
  8.06442     8.07216     8.06241     7.97185     7.99623     7.98450     7.95301     7.71922
  8.06442     8.07235     8.06213     7.97108     7.99599     7.98474     7.95249     7.71883
  8.06442     8.07221     8.06092     7.97028     7.99549     7.98444     7.95302     7.71842
  8.06442     8.07192     8.06073     7.96956     7.99485     7.98363     7.95269     7.71809
  8.06442     8.07177     8.06069     7.96916     7.99428     7.98333     7.95172     7.71720
  8.06442     8.07157     8.06046     7.96856     7.99408     7.98310     7.95150     7.71723
  8.06442     8.07166     8.06068     7.96833     7.99370     7.98272     7.95092     7.71718
  8.06442     8.07148     8.06395     7.96772     7.99379     7.98254     7.94935     7.71700
  8.06442     8.07136     8.06360     7.96728     7.99330     7.98251     7.94848     7.71691
  8.06442     8.07173     8.06381     7.96731     7.99340     7.98271     7.94925     7.71769
  8.06442     8.07409     8.06439     7.96802     7.99395     7.98306     7.94946     7.71819
  8.06442     8.07428     8.06403     7.96794     7.99411     7.98333     7.94842     7.71883
  8.06442     8.07466     8.06370     7.96810     7.99424     7.98397     7.94775     7.71982
  8.06442     8.07514     8.06443     7.96827     7.99462     7.98465     7.94787     7.72071
  8.06442     8.07562     8.06511     7.96894     7.99514     7.98489     7.94875     7.72135
  8.06442     8.07621     8.06541     7.96908     7.99528     7.98567     7.94898     7.72297
  8.06442     8.07660     8.06631     7.97021     7.99626     7.98659     7.94996     7.72446
  8.06442     8.07678     8.06714     7.97107     7.99700     7.98712     7.95060     7.72546
  8.06442     8.07709     8.06815     7.97216     7.99775     7.98760     7.95105     7.72630
  8.06442     8.07749     8.06928     7.97308     7.99854     7.98813     7.95179     7.72770
  8.06442     8.07976     8.07072     7.97464     7.99967     7.98857     7.95193     7.72889
  8.06442     8.07977     8.07145     7.97524     7.99997     7.98824     7.95225     7.72926
  8.06442     8.08028     8.07212     7.97648     8.00068     7.98839     7.95352     7.73039
  8.06442     8.08105     8.07340     7.97743     8.00165     7.98930     7.95422     7.73156
  8.06442     8.08190     8.07442     7.97878     8.00304     7.98996     7.95459     7.73247
  8.06442     8.08298     8.07525     7.97995     8.00408     7.99006     7.95558     7.73381
  8.06442     8.08391     8.07680     7.98157     8.00535     7.99086     7.95720     7.73439
  8.06442     8.08472     8.07852     7.98241     8.00645     7.99121     7.95767     7.73518
  8.06442     8.08530     8.07958     7.98346     8.00736     7.99140     7.95786     7.73587
  8.06442     8.08575     8.08036     7.98423     8.00761     7.99168     7.95797     7.73680
  8.06442     8.08648     8.08143     7.98542     8.00871     7.99250     7.95736     7.73777
  8.06442     8.08681     8.08206     7.98609     8.00888     7.99246     7.95745     7.73748
  8.06442     8.08688     8.08222     7.98673     8.00902     7.99238     7.95752     7.73666
  8.06442     8.08706     8.08232     7.98666     8.00863     7.99245     7.95809     7.73581
  8.06442     8.08706     8.08219     7.98686     8.00885     7.99282     7.95779     7.73585
  8.06442     8.08710     8.08217     7.98658     8.00877     7.99226     7.95707     7.73463
  8.06442     8.08749     8.08238     7.98696     8.00939     7.99228     7.95702     7.73390
  8.06442     8.08762     8.08198     7.98642     8.00917     7.99196     7.95733     7.73269
  8.06442     8.08781     8.08218     7.98649     8.00911     7.99217     7.95637     7.73167
  8.06442     8.08759     8.08203     7.98648     8.00879     7.99190     7.95516     7.72985
  8.06442     8.08772     8.08184     7.98644     8.00943     7.99242     7.95598     7.72887
  8.06442     8.08710     8.08090     7.98528     8.00846     7.99150     7.95354     7.72636
  8.06442     8.08649     8.07999     7.98454     8.00727     7.99081     7.95117     7.72454
  8.06442     8.08598     8.07831     7.98341     8.00611     7.98955     7.94882     7.72076
  8.06442     8.08481     8.07694     7.98200     8.00513     7.98867     7.94668     7.71776
  8.06442     8.08389     8.07263     7.98084     8.00414     7.98777     7.94460     7.71486
  8.06442     8.08271     8.07121     7.97954     8.00329     7.98660     7.94228     7.71137
  8.06442     8.08102     8.06914     7.97693     8.00107     7.98474     7.93859     7.70703
  8.06442     8.07881     8.06672     7.97414     7.99840     7.98344     7.93550     7.70363
  8.06442     8.07695     8.06439     7.97190     7.99627     7.98173     7.93302     7.69932
  8.06442     8.07592     8.06211     7.96974     7.99472     7.98032     7.93065     7.69549
  8.06442     8.07255     8.05819     7.96599     7.99113     7.97746     7.92530     7.69021
  8.06442     8.07055     8.05576     7.96393     7.98895     7.97578     7.92170     7.68616
  8.06442     8.06868     8.05211     7.96173     7.98685     7.97378     7.91990     7.68122
  8.06442     8.06692     8.05029     7.95950     7.98504     7.97384     7.91739     7.67773
  8.06442     8.06517     8.04917     7.95742     7.98309     7.97252     7.91490     7.67390
  8.06442     8.06344     8.04685     7.95555     7.98168     7.97135     7.91193     7.67037
  8.06442     8.06173     8.04481     7.95395     7.98030     7.96993     7.90936     7.66590
  8.06442     8.05979     8.04338     7.95244     7.97835     7.96846     7.90741     7.66306
  8.06442     8.05820     8.04164     7.95143     7.97674     7.96719     7.90451     7.66020
  8.06442     8.05611     8.04099     7.94877     7.97602     7.96630     7.90332     7.65805
  8.06442     8.05434     8.03884     7.94719     7.97434     7.96400     7.90007     7.65502
  8.06442     8.05363     8.03819     7.94654     7.97341     7.96311     7.89761     7.65210
  8.06442     8.05269     8.03634     7.94659     7.97261     7.96197     7.89546     7.65095
  8.06442     8.05228     8.03648     7.94623     7.97201     7.96153     7.89422     7.64990
  8.06442     8.05195     8.03617     7.94624     7.97161     7.96082     7.89453     7.64870
  8.06442     8.05155     8.03594     7.94598     7.97099     7.96009     7.89407     7.64746
  8.06442     8.05111     8.03589     7.94627     7.97052     7.95925     7.89363     7.64580
  8.06442     8.05105     8.03658     7.94579     7.96986     7.95854     7.89389     7.64502
  8.06442     8.05089     8.03713     7.94666     7.96993     7.95783     7.89359     7.64507
  8.06442     8.05199     8.03832     7.94743     7.97088     7.95806     7.89352     7.64587
  8.06442     8.05280     8.03940     7.94880     7.97126     7.95757     7.89353     7.64623
  8.06442     8.05355     8.04124     7.95030     7.97204     7.95773     7.89387     7.64663
  8.06442     8.05419     8.04236     7.95138     7.97255     7.95803     7.89393     7.64700
  8.06442     8.05550     8.04409     7.95304     7.97332     7.95857     7.89460     7.64822
  8.06442     8.05615     8.04504     7.95433     7.97388     7.95872     7.89457     7.64850
  8.06442     8.05737     8.04704     7.95589     7.97518     7.96027     7.89475     7.64914
  8.06442     8.05866     8.04838     7.95779     7.97612     7.96090     7.89559     7.65786
  8.06442     8.05956     8.04980     7.95951     7.97674     7.96130     7.89573     7.65805
  8.06442     8.05999     8.05120     7.96124     7.97751     7.96136     7.89608     7.65841
  8.06442     8.06152     8.05301     7.96271     7.97884     7.96187     7.89743     7.65937
  8.06442     8.06294     8.05405     7.96381     7.97953     7.96195     7.89773     7.65988
  8.06442     8.06478     8.05552     7.96514     7.98068     7.96259     7.89806     7.66028
  8.06442     8.06588     8.05686     7.96689     7.98155     7.96326     7.90057     7.66087
  8.06442     8.06695     8.05853     7.96876     7.98254     7.96372     7.90148     7.66148
  8.06442     8.06706     8.05937     7.96988     7.98317     7.96321     7.90091     7.66115
  8.06442     8.06742     8.06060     7.97109     7.98304     7.96425     7.90107     7.66122
  8.06442     8.06743     8.06114     7.97239     7.98319     7.96379     7.90124     7.65768
  8.06442     8.06768     8.06194     7.97284     7.98329     7.96365     7.90077     7.65686
  8.06442     8.06669     8.06182     7.97334     7.98519     7.96178     7.90083     7.65594
  8.06442     8.06767     8.06273     7.97412     7.98632     7.96217     7.90252     7.65566
  8.06442     8.06786     8.06270     7.97457     7.98666     7.96201     7.90203     7.65389
  8.06442     8.06949     8.06305     7.97566     7.98774     7.96202     7.90039     7.65349
  8.06442     8.06954     8.06311     7.97596     7.98797     7.96154     7.89986     7.65267
  8.06442     8.06880     8.06345     7.97637     7.98849     7.96154     7.90036     7.65183
  8.06442     8.06852     8.06328     7.97654     7.98815     7.96112     7.89975     7.65097
  8.06442     8.06853     8.06330     7.97690     7.98824     7.96103     7.89998     7.65045
  8.06442     8.06805     8.06280     7.97809     7.98798     7.96053     7.89866     7.64880
  8.06442     8.06756     8.06240     7.97825     7.98785     7.96053     7.89778     7.64687
  8.06442     8.06687     8.06166     7.97790     7.98863     7.96013     7.89768     7.64474
  8.06442     8.06643     8.06142     7.97741     7.98842     7.95984     7.89574     7.64273
  8.06442     8.06591     8.06035     7.97658     7.98785     7.95936     7.89403     7.64034
  8.06442     8.06592     8.05966     7.97651     7.98835     7.95905     7.89212     7.63834
  8.06442     8.06489     8.05848     7.97553     7.98752     7.95810     7.89037     7.63585
  8.06442     8.06394     8.05769     7.97536     7.98673     7.95758     7.88850     7.63345
  8.06442     8.06268     8.05630     7.97424     7.98542     7.95631     7.88651     7.63023
  8.06442     8.06152     8.05480     7.97310     7.98427     7.95508     7.88371     7.62765
  8.06442     8.06069     8.05344     7.97250     7.98320     7.95370     7.88147     7.62447
  8.06442     8.06022     8.05292     7.97193     7.98246     7.95320     7.87960     7.62147
  8.06442     8.05906     8.05180     7.97077     7.98172     7.95214     7.87721     7.61851
  8.06442     8.05871     8.05133     7.97002     7.98141     7.95195     7.87558     7.61686
  8.06442     8.05776     8.05037     7.96878     7.98050     7.95092     7.87337     7.61423
  8.06442     8.05633     8.04923     7.96807     7.97935     7.94990     7.87162     7.61073
  8.06442     8.05509     8.04814     7.96719     7.97809     7.94877     7.87001     7.60832
  8.06442     8.05484     8.04791     7.96702     7.97749     7.94828     7.86804     7.60675
  8.06442     8.05405     8.04721     7.96609     7.97662     7.94738     7.86609     7.60492
  8.06442     8.05344     8.04651     7.96577     7.97591     7.94719     7.86387     7.60318
  8.06442     8.05284     8.04576     7.96541     7.97504     7.94616     7.86158     7.59793
  8.06442     8.05297     8.04533     7.96525     7.97431     7.94542     7.85974     7.59554
  8.06442     8.05206     8.04418     7.96449     7.97291     7.94439     7.85804     7.59375
  8.06442     8.05223     8.04438     7.96481     7.97297     7.94429     7.85704     7.59263
  8.06442     8.05211     8.04475     7.96464     7.97273     7.94368     7.85513     7.59203
  8.06442     8.05206     8.04454     7.96445     7.97198     7.94296     7.85387     7.59050
  8.06442     8.05213     8.04427     7.96399     7.97113     7.94258     7.85292     7.58997
  8.06442     8.05215     8.04452     7.96389     7.97134     7.94215     7.85165     7.58916
  8.06442     8.05164     8.04427     7.96345     7.97078     7.94159     7.85069     7.58831
  8.06442     8.05087     8.04339     7.96305     7.96983     7.94088     7.84991     7.58670
  8.06442     8.05033     8.04325     7.96275     7.96941     7.94048     7.84871     7.58554
  8.06442     8.04951     8.04260     7.96184     7.96828     7.93954     7.84620     7.58425
  8.06442     8.04840     8.04132     7.96057     7.96692     7.93851     7.84451     7.58256
  8.06442     8.04816     8.04027     7.95920     7.96598     7.93803     7.84339     7.58080
  8.06442     8.04715     8.03900     7.95762     7.96508     7.93767     7.84073     7.57903
  8.06442     8.04494     8.03692     7.95570     7.96344     7.93666     7.83844     7.57680
  8.06442     8.04328     8.03487     7.95365     7.96159     7.93615     7.83609     7.57425
  8.06442     8.03855     8.02990     7.94846     7.95672     7.93279     7.83149     7.56884
  8.06442     8.03936     8.03078     7.94912     7.95813     7.93483     7.83294     7.56987
  8.06442     8.03747     8.02809     7.94658     7.95607     7.93415     7.82982     7.56747
  8.06442     8.03526     8.02605     7.94442     7.95434     7.93377     7.82681     7.56478
  8.06442     8.03337     8.02395     7.94224     7.95282     7.93325     7.82382     7.56212
  8.06442     8.03128     8.02128     7.93999     7.95091     7.93191     7.82091     7.55958
  8.06442     8.02969     8.01891     7.93776     7.94929     7.93106     7.81920     7.55695
  8.06442     8.02832     8.01663     7.93608     7.94805     7.93042     7.81698     7.55425
  8.06442     8.02657     8.01416     7.93367     7.94585     7.92897     7.81432     7.55178
  8.06442     8.02574     8.01231     7.93165     7.94444     7.92813     7.81196     7.54961
  8.06442     8.02532     8.01152     7.93062     7.94400     7.92867     7.81008     7.54820
  8.06442     8.02296     8.00923     7.92826     7.94183     7.92703     7.80609     7.54538
  8.06442     8.02158     8.00749     7.92641     7.94048     7.92576     7.80361     7.54289
  8.06442     8.02035     8.00583     7.92510     7.93894     7.92447     7.80102     7.54004
  8.06442     8.01907     8.00479     7.92407     7.93779     7.92351     7.79879     7.53882
  8.06442     8.01833     8.00413     7.92347     7.93694     7.92266     7.79645     7.53726
  8.06442     8.01773     8.00348     7.92257     7.93669     7.92162     7.79585     7.53628
  8.06442     8.01728     8.00278     7.92249     7.93633     7.92091     7.79564     7.53499
  8.06442     8.01670     8.00259     7.92229     7.93598     7.92034     7.79489     7.53767
  8.06442     8.01660     8.00306     7.92258     7.93611     7.91969     7.79362     7.53621
  8.06442     8.01695     8.00354     7.92369     7.93660     7.91950     7.79339     7.53635
  8.06442     8.01781     8.00469     7.92485     7.93726     7.91978     7.79275     7.53627
  8.06442     8.01793     8.00530     7.92530     7.93785     7.91909     7.79116     7.53596
  8.06442     8.01888     8.00665     7.92666     7.93869     7.91887     7.79166     7.53599
  8.06442     8.01976     8.00795     7.92812     7.93941     7.91897     7.79162     7.53626
  8.06442     8.02120     8.00951     7.93003     7.94037     7.91900     7.79138     7.53616
  8.06442     8.02295     8.01162     7.93216     7.94201     7.91933     7.79101     7.53804
  8.06442     8.02555     8.01443     7.93506     7.94397     7.91968     7.79220     7.53968
  8.06442     8.02711     8.01642     7.93721     7.94507     7.92003     7.79173     7.54074
  8.06442     8.02923     8.01870     7.93978     7.94669     7.92064     7.79272     7.54183
  8.06442     8.03139     8.02089     7.94192     7.94833     7.92102     7.79343     7.54278
  8.06442     8.03317     8.02308     7.94419     7.94955     7.92121     7.79448     7.54362
  8.06442     8.03457     8.02505     7.94614     7.95059     7.92165     7.79573     7.54468
  8.06442     8.03636     8.02746     7.94788     7.95131     7.92187     7.79643     7.54535
  8.06442     8.03779     8.02921     7.94943     7.95258     7.92190     7.79642     7.54639
  8.06442     8.03890     8.03094     7.95083     7.95335     7.92208     7.79722     7.54681
  8.06442     8.04026     8.03286     7.95249     7.95685     7.92281     7.79859     7.54773
  8.06442     8.04160     8.03430     7.95371     7.95757     7.92313     7.79867     7.54853
  8.06442     8.04208     8.03518     7.95664     7.95803     7.92310     7.79797     7.54931
  8.06442     8.04286     8.03636     7.95758     7.95869     7.92316     7.79837     7.54955
  8.06442     8.04348     8.03763     7.95864     7.95952     7.92373     7.79771     7.55023
  8.06442     8.04083     8.03843     7.95942     7.95984     7.92375     7.79782     7.55157
  8.06442     8.04133     8.03918     7.96056     7.96075     7.92418     7.79861     7.55219
  8.06442     8.04213     8.04036     7.96163     7.96111     7.92485     7.79862     7.55313
  8.06442     8.04273     8.04113     7.96228     7.96154     7.92505     7.79824     7.55387
  8.06442     8.04332     8.04162     7.96289     7.96201     7.92524     7.79880     7.55523
  8.06442     8.04409     8.04283     7.96409     7.96530     7.92570     7.79911     7.55589
  8.06442     8.04510     8.04396     7.96513     7.96605     7.92645     7.80027     7.55673
  8.06442     8.04536     8.04403     7.96626     7.96624     7.92646     7.80010     7.55822
  8.06442     8.04598     8.04474     7.96695     7.96820     7.92670     7.79981     7.55968
  8.06442     8.04666     8.04559     7.96758     7.96873     7.92720     7.79985     7.56046
  8.06442     8.04488     8.04578     7.96778     7.96883     7.92724     7.79980     7.56152
  8.06442     8.04483     8.04580     7.96823     7.96905     7.92751     7.79979     7.56260
  8.06442     8.04385     8.04619     7.96844     7.96909     7.92774     7.79992     7.56376
  8.06442     8.04357     8.04570     7.96816     7.96893     7.92763     7.79968     7.56383
  8.06442     8.04298     8.04485     7.96760     7.96848     7.92743     7.79950     7.56454
  8.06442     8.04290     8.04456     7.96736     7.96819     7.92809     7.79907     7.56495
  8.06442     8.04220     8.04354     7.96676     7.96822     7.92827     7.79908     7.56482
  8.06442     8.04106     8.04252     7.96626     7.96780     7.92813     7.79813     7.55648
  8.06442     8.04004     8.04185     7.96591     7.96732     7.92791     7.79812     7.55683
  8.06442     8.03908     8.04109     7.96524     7.96695     7.92806     7.79759     7.55584
  8.06442     8.03845     8.04026     7.96426     7.96658     7.92851     7.79690     7.55604
  8.06442     8.03701     8.03901     7.96326     7.96593     7.92847     7.79592     7.55532
  8.06442     8.03637     8.03710     7.96175     7.96510     7.92880     7.79461     7.55449
  8.06442     8.03480     8.03474     7.95985     7.96350     7.92838     7.79357     7.55168
  8.06442     8.03346     8.03259     7.95834     7.96222     7.92816     7.79165     7.54944
  8.06442     8.03202     8.03027     7.95637     7.96104     7.92734     7.79028     7.54803
  8.06442     8.03109     8.02782     7.95479     7.95983     7.92724     7.78814     7.54627
  8.06442     8.03005     8.02546     7.95253     7.95826     7.92689     7.78595     7.54455
  8.06442     8.02861     8.02329     7.95049     7.95696     7.92567     7.78369     7.54242
  8.06442     8.02715     8.02122     7.94849     7.95514     7.92457     7.78194     7.53967
  8.06442     8.02602     8.01944     7.94694     7.95404     7.92461     7.78012     7.53741
  8.06442     8.02410     8.01933     7.94493     7.95300     7.92408     7.77820     7.53492
  8.06442     8.02288     8.01728     7.94319     7.95196     7.92363     7.77684     7.53260
  8.06442     8.02092     8.01499     7.94105     7.94969     7.92218     7.77445     7.53007
  8.06442     8.02018     8.01312     7.94012     7.94826     7.92172     7.77213     7.52744
  8.06442     8.01888     8.01118     7.93867     7.94670     7.92109     7.76944     7.52548
  8.06442     8.01756     8.00952     7.93829     7.94563     7.92029     7.76773     7.52330
  8.06442     8.01551     8.00782     7.93683     7.94427     7.91941     7.76565     7.52016
  8.06442     8.01396     8.00628     7.93563     7.94320     7.91860     7.76419     7.51766
  8.06442     8.01236     8.00473     7.93419     7.94190     7.91762     7.76236     7.51529
  8.06442     8.01072     8.00367     7.93318     7.94088     7.91678     7.76063     7.51371
  8.06442     8.00966     8.00027     7.93206     7.94127     7.91637     7.76016     7.51164
  8.06442     8.00868     7.99879     7.93109     7.94072     7.91577     7.75887     7.50924
  8.06442     8.00864     7.99885     7.93130     7.94059     7.91557     7.75783     7.50818
  8.06442     8.00819     7.99809     7.93153     7.93974     7.91497     7.75661     7.50583
  8.06442     8.00765     7.99733     7.93089     7.93883     7.91453     7.75642     7.50343
  8.06442     8.00720     7.99661     7.93178     7.93848     7.91417     7.75545     7.50141
  8.06442     8.00684     7.99576     7.93113     7.93721     7.91369     7.75408     7.49952
  8.06442     8.00672     7.99540     7.93100     7.93728     7.91347     7.75297     7.49705
  8.06442     8.00601     7.99703     7.93019     7.93675     7.91260     7.75045     7.49512
  8.06442     8.00551     7.99641     7.93008     7.93566     7.91198     7.74938     7.49285
  8.06442     8.00507     7.99635     7.92948     7.93550     7.91110     7.74769     7.49006
