  8.06446     8.07278     8.07264     7.98079     8.00996     8.00166     7.95197     7.74207
  8.06446     8.07275     8.07220     7.98000     8.01012     8.00205     7.95286     7.74286
  8.06446     8.07281     8.07184     7.97972     8.00988     8.00238     7.95325     7.74348
  8.06446     8.07254     8.07092     7.97860     8.00946     8.00237     7.95363     7.74361
  8.06446     8.07241     8.07014     7.97792     8.00871     8.00225     7.95381     7.74401
  8.06446     8.07193     8.06883     7.97677     8.00791     8.00201     7.95394     7.74393
  8.06446     8.07154     8.06679     7.97492     8.00666     8.00210     7.95540     7.74427
  8.06446     8.07156     8.06618     7.97409     8.00604     8.00231     7.95592     7.74464
  8.06446     8.07134     8.06543     7.97316     8.00585     8.00266     7.95665     7.74414
  8.06446     8.07123     8.06478     7.97228     8.00510     8.00275     7.95700     7.74415
  8.06446     8.07068     8.06350     7.97083     8.00415     8.00280     7.95670     7.74272
  8.06446     8.07035     8.06227     7.96983     8.00270     8.00247     7.95692     7.74187
  8.06446     8.06967     8.06070     7.96819     8.00144     8.00219     7.95668     7.74031
  8.06446     8.06967     8.05978     7.96740     8.00007     8.00210     7.95710     7.73959
  8.06446     8.06910     8.05860     7.96609     7.99913     8.00171     7.95703     7.73842
  8.06446     8.06903     8.05780     7.96538     7.99830     8.00147     7.95702     7.73748
  8.06446     8.06843     8.05713     7.96438     7.99747     8.00119     7.95699     7.73641
  8.06446     8.06855     8.05658     7.96387     7.99667     8.00067     7.95656     7.73542
  8.06446     8.06968     8.05782     7.96478     7.99739     8.00171     7.95780     7.73536
  8.06446     8.07012     8.05821     7.96507     7.99717     8.00169     7.95803     7.73510
  8.06446     8.07191     8.06017     7.96641     7.99843     8.00306     7.95947     7.73567
  8.06446     8.07262     8.06098     7.96695     7.99873     8.00319     7.95947     7.73546
  8.06446     8.07307     8.06184     7.96740     7.99887     8.00304     7.95998     7.73540
  8.06446     8.07392     8.06261     7.96794     7.99937     8.00282     7.96011     7.73569
  8.06446     8.07470     8.06336     7.96879     7.99956     8.00263     7.96027     7.73566
  8.06446     8.07559     8.06419     7.96952     8.00007     8.00232     7.96040     7.73623
  8.06446     8.07633     8.06516     7.97049     8.00062     8.00233     7.96034     7.73645
  8.06446     8.07730     8.06633     7.97146     8.00140     8.00233     7.96115     7.73707
  8.06446     8.07890     8.06691     7.97371     8.00321     8.00358     7.96288     7.73835
  8.06446     8.07954     8.06826     7.97478     8.00400     8.00375     7.96420     7.73890
  8.06446     8.08118     8.06891     7.97693     8.00590     8.00510     7.96702     7.74008
  8.06446     8.08162     8.07000     7.97777     8.00639     8.00528     7.96783     7.74049
  8.06446     8.08175     8.07094     7.97856     8.00683     8.00515     7.96942     7.74053
  8.06446     8.08223     8.07200     7.97943     8.00754     8.00545     7.97083     7.74110
  8.06446     8.08226     8.07260     7.98000     8.00772     8.00518     7.97194     7.74124
  8.06446     8.08301     8.07345     7.98059     8.00831     8.00547     7.97348     7.74154
  8.06446     8.08323     8.07390     7.98100     8.00859     8.00524     7.97402     7.74214
  8.06446     8.08399     8.07450     7.98144     8.00916     8.00556     7.97497     7.74223
  8.06446     8.08413     8.07508     7.98300     8.00930     8.00542     7.97487     7.74319
  8.06446     8.08479     8.07596     7.98395     8.01029     8.00599     7.97547     7.74393
  8.06446     8.08466     8.07564     7.98539     8.01036     8.00563     7.97540     7.74424
  8.06446     8.08543     8.07648     7.98610     8.01156     8.00624     7.97579     7.74531
  8.06446     8.08533     8.07613     7.98654     8.01171     8.00592     7.97593     7.74573
  8.06446     8.08506     8.07569     7.98588     8.01170     8.00528     7.97550     7.74571
  8.06446     8.08516     8.07641     7.98652     8.01205     8.00515     7.97563     7.74678
  8.06446     8.08377     8.07557     7.98561     8.01133     8.00420     7.97504     7.74652
  8.06446     8.08381     8.07582     7.98608     8.01142     8.00413     7.97500     7.74741
  8.06446     8.08306     8.07572     7.98584     8.01139     8.00385     7.97520     7.74737
  8.06446     8.08292     8.07542     7.98630     8.01113     8.00367     7.97514     7.74776
  8.06446     8.08301     8.07561     7.98622     8.01116     8.00371     7.97592     7.74798
  8.06446     8.08294     8.07671     7.98647     8.01094     8.00344     7.97608     7.74801
  8.06446     8.08350     8.07718     7.98671     8.01140     8.00406     7.97721     7.74889
  8.06446     8.08357     8.07864     7.98676     8.01143     8.00430     7.97797     7.74953
  8.06446     8.08261     8.07753     7.98536     8.01041     8.00328     7.97703     7.74880
  8.06446     8.08246     8.07738     7.98514     8.01009     8.00305     7.97748     7.74923
  8.06446     8.08237     8.07574     7.98313     8.00834     8.00144     7.97616     7.74798
  8.06446     8.08202     8.07517     7.98243     8.00749     8.00074     7.97574     7.74743
  8.06446     8.08319     8.07491     7.98185     8.00707     8.00053     7.97549     7.74725
  8.06446     8.08282     8.07437     7.98119     8.00652     8.00005     7.97533     7.74622
  8.06446     8.08284     8.07437     7.98094     8.00639     8.00030     7.97506     7.74624
  8.06446     8.08261     8.07379     7.98038     8.00576     7.99965     7.97513     7.74539
  8.06446     8.08274     8.07342     7.98011     8.00554     7.99973     7.97498     7.74511
  8.06446     8.08252     8.07293     7.97952     8.00458     7.99914     7.97467     7.74437
  8.06446     8.08244     8.07242     7.97923     8.00406     7.99883     7.97473     7.74366
  8.06446     8.08195     8.07178     7.97850     8.00308     7.99831     7.97420     7.74257
  8.06446     8.08174     8.07149     7.97825     8.00262     7.99802     7.97436     7.74202
  8.06446     8.08113     8.07084     7.97763     8.00198     7.99738     7.97425     7.74090
  8.06446     8.08082     8.07054     7.97734     8.00152     7.99709     7.97443     7.74064
  8.06446     8.08004     8.06969     7.97657     8.00058     7.99591     7.97423     7.73931
  8.06446     8.07970     8.06930     7.97602     8.00022     7.99528     7.97448     7.73837
  8.06446     8.07951     8.06876     7.97602     8.00009     7.99467     7.97454     7.73782
  8.06446     8.07927     8.06849     7.97597     8.00015     7.99415     7.97537     7.73748
  8.06446     8.07926     8.06843     7.97669     8.00053     7.99387     7.97644     7.73748
  8.06446     8.07961     8.06908     7.97778     8.00103     7.99325     7.97743     7.73808
  8.06446     8.07940     8.06941     7.97878     8.00135     7.99297     7.97798     7.73839
  8.06446     8.07998     8.07042     7.98025     8.00215     7.99253     7.97920     7.74166
  8.06446     8.07990     8.07101     7.98139     8.00266     7.99239     7.98032     7.74280
  8.06446     8.07934     8.07123     7.98180     8.00290     7.99177     7.98136     7.74568
  8.06446     8.07990     8.07221     7.98335     8.00423     7.99206     7.98344     7.74766
  8.06446     8.07994     8.07283     7.98392     8.00504     7.99164     7.98493     7.74884
  8.06446     8.08109     8.07451     7.98588     8.00664     7.99222     7.98746     7.75102
  8.06446     8.08230     8.07468     7.98764     8.00841     7.99293     7.98969     7.75326
  8.06446     8.08362     8.07681     7.99000     8.01025     7.99354     7.99214     7.75580
  8.06446     8.08321     8.07571     7.99054     8.01055     7.99295     7.99264     7.75663
  8.06446     8.08417     8.07774     7.99308     8.01243     7.99368     7.99446     7.75936
  8.06446     8.08364     8.07802     7.99375     8.01280     7.99285     7.99433     7.76069
  8.06446     8.08467     8.08010     7.99638     8.01459     7.99382     7.99644     7.76338
  8.06446     8.08510     8.08157     7.99812     8.01607     7.99334     7.99749     7.76583
  8.06446     8.08647     8.08379     8.00090     8.01805     7.99459     8.00017     7.76854
  8.06446     8.08748     8.08560     8.00275     8.01992     7.99454     8.00200     7.77088
  8.06446     8.08892     8.08804     8.00565     8.02225     7.99667     8.00478     7.77339
  8.06446     8.09039     8.08897     8.00798     8.02424     7.99798     8.00713     7.77590
  8.06446     8.09171     8.09117     8.01058     8.02659     7.99981     8.00980     7.77779
  8.06446     8.09267     8.09180     8.01237     8.02825     8.00093     8.01098     7.77975
  8.06446     8.09368     8.09347     8.01445     8.03015     8.00189     8.01313     7.78135
  8.06446     8.09454     8.09497     8.01591     8.03183     8.00268     8.01395     7.78290
  8.06446     8.09548     8.09640     8.01670     8.03337     8.00348     8.01532     7.78402
  8.06446     8.09590     8.09728     8.01767     8.03430     8.00359     8.01605     7.78471
  8.06446     8.09650     8.09823     8.01838     8.03504     8.00409     8.01726     7.78512
  8.06446     8.09668     8.09865     8.01887     8.03534     8.00398     8.01680     7.78530
  8.06446     8.09699     8.09930     8.01978     8.03582     8.00448     8.01749     7.78493
  8.06446     8.09731     8.09977     8.02004     8.03576     8.00473     8.01708     7.78470
  8.06446     8.09783     8.10036     8.02028     8.03639     8.00528     8.01747     7.78417
  8.06446     8.09798     8.10058     8.02021     8.03625     8.00535     8.01700     7.78344
  8.06446     8.09842     8.10087     8.01975     8.03624     8.00562     8.01699     7.78261
  8.06446     8.09825     8.10058     8.01934     8.03572     8.00514     8.01586     7.78162
  8.06446     8.09825     8.10018     8.01728     8.03485     8.00510     8.01486     7.78021
  8.06446     8.09785     8.09921     8.01591     8.03359     8.00418     8.01319     7.77825
  8.06446     8.09737     8.09814     8.01362     8.03240     8.00381     8.01274     7.77640
  8.06446     8.09668     8.09658     8.01172     8.03071     8.00287     8.01052     7.77376
  8.06446     8.09583     8.09493     8.00972     8.02922     8.00225     8.00894     7.77106
  8.06446     8.09483     8.09304     8.00777     8.02723     8.00123     8.00615     7.76798
  8.06446     8.09352     8.09092     8.00539     8.02516     8.00074     8.00305     7.76479
  8.06446     8.09239     8.08872     8.00294     8.02283     7.99951     7.99992     7.76126
  8.06446     8.09069     8.08630     7.99979     8.02022     7.99831     7.99712     7.75782
  8.06446     8.08914     8.08373     7.99707     8.01759     7.99673     7.99443     7.75407
  8.06446     8.08467     8.08165     7.99479     8.01319     7.99610     7.98848     7.75665
  8.06446     8.08266     8.07901     7.99236     8.01084     7.99413     7.98568     7.75287
  8.06446     8.07839     8.07721     7.99086     8.00703     7.99379     7.97981     7.75554
  8.06446     8.07677     8.07503     7.98887     8.00536     7.99209     7.97754     7.75247
  8.06446     8.07552     8.07335     7.98671     8.00368     7.99097     7.97510     7.74961
  8.06446     8.07456     8.07195     7.98537     8.00222     7.98980     7.97301     7.74757
  8.06446     8.07380     8.07081     7.98357     8.00096     7.98905     7.97127     7.74570
  8.06446     8.07295     8.06907     7.98251     7.99958     7.98822     7.96917     7.74411
  8.06446     8.07226     8.06809     7.98087     7.99912     7.98748     7.96778     7.74276
  8.06446     8.07133     8.06623     7.97958     7.99807     7.98643     7.96641     7.74074
  8.06446     8.07088     8.06553     7.97828     7.99779     7.98591     7.96535     7.73965
  8.06446     8.07078     8.06440     7.97721     7.99677     7.98478     7.96395     7.73807
  8.06446     8.07069     8.06369     7.97629     7.99622     7.98431     7.96342     7.73728
  8.06446     8.07085     8.06297     7.97574     7.99540     7.98356     7.96237     7.73618
  8.06446     8.07049     8.06213     7.97504     7.99476     7.98291     7.96159     7.73523
  8.06446     8.06988     8.06113     7.97433     7.99266     7.98210     7.96024     7.73333
  8.06446     8.06952     8.06067     7.97403     7.99138     7.98188     7.95970     7.73267
  8.06446     8.06955     8.06042     7.97370     7.99099     7.98211     7.95933     7.73280
  8.06446     8.06960     8.06021     7.97323     7.99078     7.98201     7.95889     7.73235
  8.06446     8.06937     8.05997     7.97278     7.99054     7.98202     7.95883     7.73264
  8.06446     8.06920     8.05947     7.97213     7.99018     7.98185     7.95836     7.73200
  8.06446     8.06884     8.05928     7.97164     7.98995     7.98151     7.95807     7.73198
  8.06446     8.06855     8.05895     7.97127     7.98972     7.98154     7.95794     7.73161
  8.06446     8.06822     8.05901     7.97122     7.98946     7.98145     7.95754     7.73178
  8.06446     8.06832     8.05913     7.97139     7.98939     7.98181     7.95752     7.73178
  8.06446     8.06824     8.05944     7.97129     7.98904     7.98154     7.95806     7.73193
  8.06446     8.06822     8.05955     7.97124     7.98874     7.98142     7.95759     7.73176
  8.06446     8.06738     8.05865     7.97016     7.98769     7.98032     7.95659     7.73117
  8.06446     8.06736     8.05878     7.96973     7.98758     7.97998     7.95867     7.73114
  8.06446     8.06640     8.05775     7.96862     7.98647     7.97889     7.95705     7.73070
  8.06446     8.06633     8.05780     7.96815     7.98637     7.97886     7.95950     7.73060
  8.06446     8.06666     8.05813     7.96838     7.98665     7.97909     7.95953     7.73153
  8.06446     8.06685     8.05832     7.96825     7.98675     7.97930     7.95928     7.73186
  8.06446     8.06731     8.05900     7.96915     7.98740     7.97989     7.95940     7.73285
  8.06446     8.06769     8.05969     7.96964     7.98802     7.98026     7.95922     7.73388
  8.06446     8.06805     8.06040     7.97048     7.98860     7.98065     7.95975     7.73447
  8.06446     8.06870     8.06126     7.97113     7.98948     7.98117     7.96064     7.73548
  8.06446     8.06924     8.06175     7.97188     7.99036     7.98127     7.96154     7.73576
  8.06446     8.06999     8.06249     7.97231     7.99112     7.98210     7.96231     7.73676
  8.06446     8.07038     8.06293     7.97271     7.99176     7.98212     7.96249     7.73663
  8.06446     8.07043     8.06326     7.97259     7.99197     7.98245     7.96239     7.73691
  8.06446     8.07039     8.06357     7.97284     7.99231     7.98267     7.96247     7.73665
  8.06446     8.07037     8.06382     7.97260     7.99246     7.98288     7.96209     7.73642
  8.06446     8.07144     8.06500     7.97420     7.99402     7.98412     7.96295     7.73675
  8.06446     8.07159     8.06526     7.97425     7.99437     7.98444     7.96285     7.73656
  8.06446     8.07259     8.06621     7.97530     7.99562     7.98540     7.96318     7.73663
  8.06446     8.07266     8.06610     7.97509     7.99581     7.98518     7.96326     7.73618
  8.06446     8.07224     8.06555     7.97476     7.99571     7.98460     7.96287     7.73492
  8.06446     8.07243     8.06543     7.97449     7.99601     7.98558     7.96264     7.73423
  8.06446     8.07221     8.06498     7.97427     7.99611     7.98519     7.96194     7.73287
  8.06446     8.07224     8.06469     7.97400     7.99620     7.98598     7.96089     7.73138
  8.06446     8.07210     8.06424     7.97379     7.99617     7.98570     7.96014     7.73008
  8.06446     8.07195     8.06390     7.97341     7.99615     7.98510     7.95912     7.72838
  8.06446     8.07112     8.06268     7.97287     7.99550     7.98418     7.95779     7.72625
  8.06446     8.07114     8.06248     7.97265     7.99555     7.98389     7.95702     7.72513
  8.06446     8.07047     8.06158     7.97228     7.99521     7.98318     7.95628     7.72352
  8.06446     8.07088     8.06168     7.97227     7.99545     7.98346     7.95525     7.72292
  8.06446     8.07105     8.06155     7.97251     7.99563     7.98356     7.95542     7.72242
  8.06446     8.07150     8.06193     7.97248     7.99644     7.98384     7.95493     7.72188
  8.06446     8.07152     8.06223     7.97242     7.99626     7.98404     7.95462     7.72101
  8.06446     8.07154     8.06217     7.97225     7.99663     7.98410     7.95423     7.72031
  8.06446     8.07165     8.06262     7.97215     7.99653     7.98433     7.95390     7.71958
  8.06446     8.07178     8.06246     7.97198     7.99632     7.98444     7.95345     7.71937
  8.06446     8.07212     8.06233     7.97161     7.99624     7.98470     7.95293     7.71901
  8.06446     8.07223     8.06171     7.97111     7.99590     7.98451     7.95305     7.71886
  8.06446     8.07218     8.06147     7.97036     7.99546     7.98423     7.95263     7.71850
  8.06446     8.07203     8.06084     7.96976     7.99493     7.98392     7.95241     7.71785
  8.06446     8.07179     8.06064     7.96910     7.99451     7.98341     7.95214     7.71770
  8.06446     8.07175     8.06073     7.96879     7.99403     7.98306     7.95136     7.71723
  8.06446     8.07157     8.06224     7.96818     7.99398     7.98286     7.95046     7.71715
  8.06446     8.07155     8.06218     7.96784     7.99354     7.98266     7.94974     7.71708
  8.06446     8.07164     8.06392     7.96756     7.99364     7.98267     7.94934     7.71739
  8.06446     8.07276     8.06403     7.96769     7.99366     7.98283     7.94901     7.71759
  8.06446     8.07304     8.06396     7.96766     7.99380     7.98306     7.94887     7.71830
  8.06446     8.07442     8.06409     7.96810     7.99413     7.98356     7.94865     7.71904
  8.06446     8.07475     8.06427     7.96814     7.99441     7.98403     7.94818     7.71981
  8.06446     8.07518     8.06445     7.96856     7.99473     7.98447     7.94829     7.72062
  8.06446     8.07615     8.06575     7.96961     7.99574     7.98578     7.94939     7.72294
  8.06446     8.07654     8.06631     7.97011     7.99618     7.98644     7.94983     7.72426
  8.06446     8.07689     8.06727     7.97123     7.99705     7.98713     7.95054     7.72541
  8.06446     8.07718     8.06825     7.97212     7.99781     7.98767     7.95124     7.72662
  8.06446     8.07846     8.06947     7.97344     7.99875     7.98812     7.95153     7.72763
  8.06446     8.07867     8.07041     7.97420     7.99929     7.98822     7.95206     7.72852
  8.06446     8.08006     8.07146     7.97560     8.00022     7.98852     7.95276     7.72968
  8.06446     8.08045     8.07246     7.97637     8.00084     7.98881     7.95327     7.73044
  8.06446     8.08113     8.07331     7.97767     8.00190     7.98921     7.95409     7.73147
  8.06446     8.08206     8.07436     7.97873     8.00290     7.98972     7.95494     7.73272
  8.06446     8.08294     8.07565     7.98021     8.00424     7.99045     7.95594     7.73347
  8.06446     8.08389     8.07692     7.98122     8.00530     7.99067     7.95666     7.73453
  8.06446     8.08464     8.07823     7.98255     8.00639     7.99117     7.95757     7.73517
  8.06446     8.08527     8.07948     7.98336     8.00707     7.99149     7.95786     7.73603
  8.06446     8.08593     8.08054     7.98448     8.00807     7.99199     7.95765     7.73686
  8.06446     8.08632     8.08125     7.98520     8.00829     7.99211     7.95775     7.73718
  8.06446     8.08672     8.08186     7.98611     8.00890     7.99248     7.95748     7.73726
  8.06446     8.08698     8.08223     7.98642     8.00879     7.99249     7.95780     7.73669
  8.06446     8.08701     8.08224     7.98684     8.00898     7.99264     7.95770     7.73629
  8.06446     8.08712     8.08229     7.98666     8.00874     7.99239     7.95761     7.73526
  8.06446     8.08732     8.08232     7.98695     8.00916     7.99259     7.95744     7.73492
  8.06446     8.08740     8.08211     7.98654     8.00901     7.99215     7.95724     7.73370
  8.06446     8.08769     8.08232     7.98676     8.00929     7.99226     7.95673     7.73283
  8.06446     8.08765     8.08205     7.98649     8.00902     7.99197     7.95628     7.73131
  8.06446     8.08780     8.08205     7.98651     8.00931     7.99233     7.95621     7.73031
  8.06446     8.08739     8.08151     7.98592     8.00867     7.99174     7.95439     7.72814
  8.06446     8.08714     8.08096     7.98553     8.00839     7.99165     7.95361     7.72674
  8.06446     8.08658     8.07965     7.98439     8.00733     7.99057     7.95122     7.72360
  8.06446     8.08569     8.07851     7.98331     8.00624     7.98978     7.94897     7.72119
  8.06446     8.08498     8.07551     7.98216     8.00517     7.98870     7.94675     7.71785
  8.06446     8.08380     8.07411     7.98080     8.00425     7.98767     7.94452     7.71461
  8.06446     8.08250     8.07092     7.97892     8.00265     7.98629     7.94164     7.71098
  8.06446     8.08080     8.06901     7.97688     8.00089     7.98506     7.93893     7.70754
  8.06446     8.07903     8.06680     7.97446     7.99871     7.98327     7.93585     7.70321
  8.06446     8.07740     8.06446     7.97198     7.99660     7.98192     7.93312     7.69960
  8.06446     8.07479     8.06133     7.96899     7.99374     7.97964     7.92920     7.69480
  8.06446     8.07328     8.05898     7.96688     7.99187     7.97809     7.92621     7.69087
  8.06446     8.07065     8.05519     7.96390     7.98903     7.97566     7.92264     7.68575
  8.06446     8.06878     8.05307     7.96176     7.98703     7.97485     7.91958     7.68199
  8.06446     8.06697     8.05068     7.95961     7.98501     7.97319     7.91744     7.67760
  8.06446     8.06522     8.04861     7.95756     7.98339     7.97263     7.91470     7.67409
  8.06446     8.06349     8.04703     7.95572     7.98173     7.97127     7.91217     7.66994
  8.06446     8.06166     8.04516     7.95403     7.98005     7.96994     7.90971     7.66675
  8.06446     8.06001     8.04327     7.95273     7.97856     7.96860     7.90698     7.66308
  8.06446     8.05799     8.04222     7.95064     7.97723     7.96742     7.90541     7.66059
  8.06446     8.05631     8.04028     7.94934     7.97558     7.96563     7.90233     7.65764
  8.06446     8.05491     8.03963     7.94770     7.97476     7.96475     7.90050     7.65512
  8.06446     8.05356     8.03763     7.94692     7.97352     7.96302     7.89780     7.65302
  8.06446     8.05299     8.03737     7.94642     7.97275     7.96236     7.89595     7.65104
  8.06446     8.05236     8.03629     7.94646     7.97215     7.96143     7.89504     7.64986
  8.06446     8.05195     8.03625     7.94615     7.97154     7.96085     7.89419     7.64872
  8.06446     8.05157     8.03607     7.94630     7.97111     7.96007     7.89412     7.64728
  8.06446     8.05134     8.03630     7.94592     7.97047     7.95936     7.89402     7.64628
  8.06446     8.05104     8.03655     7.94651     7.97027     7.95858     7.89365     7.64547
  8.06446     8.05156     8.03749     7.94665     7.97041     7.95833     7.89374     7.64548
  8.06446     8.05189     8.03831     7.94777     7.97064     7.95774     7.89360     7.64569
  8.06446     8.05281     8.03982     7.94890     7.97150     7.95793     7.89373     7.64628
  8.06446     8.05353     8.04092     7.95013     7.97195     7.95784     7.89377     7.64665
  8.06446     8.05456     8.04271     7.95171     7.97272     7.95819     7.89427     7.64745
  8.06446     8.05521     8.04374     7.95289     7.97325     7.95841     7.89429     7.64779
  8.06446     8.05648     8.04561     7.95451     7.97429     7.95946     7.89472     7.64871
  8.06446     8.05744     8.04675     7.95610     7.97504     7.95985     7.89511     7.65322
  8.06446     8.05851     8.04846     7.95774     7.97600     7.96082     7.89528     7.65363
  8.06446     8.06058     8.05145     7.96115     7.97783     7.96162     7.89662     7.65875
  8.06446     8.06150     8.05266     7.96256     7.97856     7.96169     7.89694     7.65919
  8.06446     8.06319     8.05431     7.96396     7.97980     7.96227     7.89778     7.65986
  8.06446     8.06445     8.05549     7.96539     7.98058     7.96265     7.89919     7.66041
  8.06446     8.06591     8.05707     7.96699     7.98165     7.96319     7.89981     7.66091
  8.06446     8.06651     8.05816     7.96843     7.98240     7.96328     7.90078     7.66105
  8.06446     8.06722     8.05961     7.96996     7.98283     7.96403     7.90131     7.66139
  8.06446     8.06728     8.06030     7.97118     7.98322     7.96354     7.90111     7.65946
  8.06446     8.06759     8.06131     7.97200     7.98320     7.96399     7.90096     7.65908
  8.06446     8.06710     8.06152     7.97291     7.98423     7.96283     7.90107     7.65685
  8.06446     8.06772     8.06238     7.97352     7.98484     7.96295     7.90168     7.65630
  8.06446     8.06731     8.06230     7.97399     7.98597     7.96194     7.90147     7.65496
  8.06446     8.06862     8.06293     7.97493     7.98707     7.96214     7.90150     7.65462
  8.06446     8.06874     8.06295     7.97530     7.98735     7.96181     7.90099     7.65332
  8.06446     8.06918     8.06329     7.97605     7.98816     7.96182     7.90041     7.65270
  8.06446     8.06907     8.06324     7.97629     7.98810     7.96137     7.89984     7.65185
  8.06446     8.06871     8.06342     7.97668     7.98840     7.96132     7.90021     7.65117
  8.06446     8.06833     8.06308     7.97736     7.98811     7.96087     7.89924     7.64992
  8.06446     8.06809     8.06289     7.97762     7.98808     7.96082     7.89892     7.64869
  8.06446     8.06750     8.06227     7.97803     7.98834     7.96037     7.89821     7.64681
  8.06446     8.06704     8.06195     7.97787     7.98817     7.96022     7.89680     7.64483
  8.06446     8.06643     8.06105     7.97728     7.98828     7.95978     7.89590     7.64258
  8.06446     8.06622     8.06058     7.97700     7.98843     7.95949     7.89397     7.64057
  8.06446     8.06544     8.05946     7.97610     7.98772     7.95877     7.89224     7.63813
  8.06446     8.06497     8.05871     7.97598     7.98758     7.95836     7.89035     7.63594
  8.06446     8.06383     8.05743     7.97493     7.98651     7.95724     7.88847     7.63308
  8.06446     8.06277     8.05628     7.97427     7.98554     7.95637     7.88614     7.63059
  8.06446     8.06173     8.05491     7.97341     7.98435     7.95504     7.88402     7.62739
  8.06446     8.06091     8.05390     7.97255     7.98340     7.95418     7.88170     7.62459
  8.06446     8.05992     8.05266     7.97167     7.98250     7.95296     7.87938     7.62153
  8.06446     8.05950     8.05217     7.97101     7.98197     7.95262     7.87763     7.61919
  8.06446     8.05845     8.05113     7.96982     7.98114     7.95157     7.87533     7.61641
  8.06446     8.05756     8.05032     7.96908     7.98042     7.95097     7.87364     7.61383
  8.06446     8.05647     8.04929     7.96802     7.97933     7.94988     7.87173     7.61132
  8.06446     8.05562     8.04861     7.96759     7.97846     7.94913     7.86987     7.60877
  8.06446     8.05461     8.04771     7.96668     7.97739     7.94811     7.86809     7.60666
  8.06446     8.05418     8.04725     7.96643     7.97674     7.94777     7.86600     7.60500
  8.06446     8.05348     8.04653     7.96579     7.97587     7.94681     7.86387     7.60146
  8.06446     8.05325     8.04596     7.96555     7.97515     7.94634     7.86185     7.59940
  8.06446     8.05249     8.04501     7.96499     7.97401     7.94531     7.85985     7.59588
  8.06446     8.05264     8.04490     7.96507     7.97368     7.94490     7.85843     7.59413
  8.06446     8.05212     8.04451     7.96461     7.97286     7.94407     7.85662     7.59293
  8.06446     8.05219     8.04450     7.96467     7.97251     7.94367     7.85549     7.59160
  8.06446     8.05216     8.04455     7.96435     7.97197     7.94317     7.85406     7.59104
  8.06446     8.05215     8.04457     7.96421     7.97170     7.94260     7.85280     7.58987
  8.06446     8.05192     8.04431     7.96376     7.97099     7.94212     7.85184     7.58917
  8.06446     8.05155     8.04400     7.96351     7.97063     7.94156     7.85082     7.58797
  8.06446     8.05102     8.04380     7.96314     7.97013     7.94107     7.84973     7.58695
  8.06446     8.05023     8.04304     7.96249     7.96909     7.94025     7.84809     7.58552
  8.06446     8.04941     8.04233     7.96169     7.96820     7.93953     7.84665     7.58408
  8.06446     8.04887     8.04147     7.96056     7.96716     7.93882     7.84484     7.58256
  8.06446     8.04781     8.04020     7.95913     7.96604     7.93813     7.84266     7.58084
  8.06446     8.04659     8.03863     7.95748     7.96474     7.93738     7.84096     7.57884
  8.06446     8.04525     8.03697     7.95568     7.96337     7.93695     7.83844     7.57667
  8.06446     8.04179     8.03345     7.95212     7.96011     7.93476     7.83501     7.57286
  8.06446     8.04136     8.03287     7.95143     7.95990     7.93553     7.83455     7.57209
  8.06446     8.03805     8.02903     7.94756     7.95643     7.93351     7.83070     7.56820
  8.06446     8.03735     8.02845     7.94681     7.95627     7.93434     7.82992     7.56736
  8.06446     8.03546     8.02606     7.94445     7.95448     7.93374     7.82686     7.56484
  8.06446     8.03331     8.02371     7.94225     7.95267     7.93288     7.82390     7.56221
  8.06446     8.03157     8.02147     7.94004     7.95109     7.93219     7.82155     7.55958
  8.06446     8.02984     8.01900     7.93808     7.94952     7.93121     7.81898     7.55694
  8.06446     8.02707     8.01451     7.93391     7.94629     7.92932     7.81451     7.55196
  8.06446     8.02599     8.01288     7.93218     7.94496     7.92886     7.81224     7.55002
  8.06446     8.02439     8.01081     7.93000     7.94318     7.92762     7.80906     7.54753
  8.06446     8.02349     8.00955     7.92855     7.94228     7.92725     7.80689     7.54558
  8.06446     8.02169     8.00757     7.92672     7.94043     7.92579     7.80360     7.54275
  8.06446     8.02036     8.00618     7.92528     7.93917     7.92467     7.80124     7.54088
  8.06446     8.01938     8.00502     7.92432     7.93798     7.92360     7.79878     7.53869
  8.06446     8.01844     8.00418     7.92336     7.93728     7.92261     7.79736     7.53759
  8.06446     8.01784     8.00350     7.92302     7.93667     7.92182     7.79609     7.53616
  8.06446     8.01725     8.00308     7.92247     7.93637     7.92102     7.79541     7.53701
  8.06446     8.01698     8.00296     7.92257     7.93626     7.92034     7.79467     7.53564
  8.06446     8.01686     8.00311     7.92303     7.93633     7.91996     7.79418     7.53704
  8.06446     8.01724     8.00392     7.92375     7.93672     7.91978     7.79323     7.53628
  8.06446     8.01748     8.00446     7.92454     7.93726     7.91933     7.79232     7.53619
  8.06446     8.01838     8.00571     7.92580     7.93801     7.91936     7.79224     7.53617
  8.06446     8.01889     8.00666     7.92675     7.93867     7.91907     7.79142     7.53615
  8.06446     8.02008     8.00812     7.92839     7.93957     7.91898     7.79156     7.53611
  8.06446     8.02139     8.00982     7.93018     7.94075     7.91919     7.79135     7.53719
  8.06446     8.02342     8.01201     7.93258     7.94221     7.91938     7.79183     7.53796
  8.06446     8.02506     8.01406     7.93472     7.94358     7.91972     7.79140     7.53943
  8.06446     8.02743     8.01660     7.93745     7.94537     7.92020     7.79250     7.54079
  8.06446     8.02929     8.01870     7.93960     7.94674     7.92057     7.79261     7.54180
  8.06446     8.03124     8.02093     7.94202     7.94816     7.92096     7.79363     7.54276
  8.06446     8.03302     8.02301     7.94406     7.94950     7.92138     7.79462     7.54377
  8.06446     8.03480     8.02531     7.94607     7.95047     7.92158     7.79550     7.54453
  8.06446     8.03622     8.02717     7.94782     7.95163     7.92181     7.79612     7.54558
  8.06446     8.03767     8.02924     7.94939     7.95237     7.92201     7.79686     7.54612
  8.06446     8.03907     8.03108     7.95100     7.95476     7.92239     7.79755     7.54710
  8.06446     8.04029     8.03266     7.95231     7.95550     7.92265     7.79798     7.54771
  8.06446     8.04121     8.03406     7.95460     7.95748     7.92300     7.79832     7.54856
  8.06446     8.04227     8.03537     7.95569     7.95817     7.92319     7.79856     7.54908
  8.06446     8.04282     8.03645     7.95768     7.95881     7.92345     7.79788     7.54981
  8.06446     8.04188     8.03744     7.95854     7.95931     7.92350     7.79814     7.55059
  8.06446     8.04245     8.03844     7.95964     7.96017     7.92400     7.79820     7.55125
  8.06446     8.04152     8.03943     7.96056     7.96052     7.92434     7.79826     7.55238
  8.06446     8.04207     8.04019     7.96146     7.96118     7.92465     7.79846     7.55307
  8.06446     8.04276     8.04103     7.96230     7.96160     7.92509     7.79875     7.55421
  8.06446     8.04345     8.04202     7.96322     7.96346     7.92541     7.79871     7.55492
  8.06446     8.04425     8.04283     7.96405     7.96407     7.92588     7.79958     7.55602
  8.06446     8.04476     8.04347     7.96521     7.96581     7.92612     7.79964     7.55710
  8.06446     8.04558     8.04439     7.96608     7.96716     7.92661     7.80008     7.55824
  8.06446     8.04605     8.04485     7.96696     7.96752     7.92687     7.80001     7.55938
  8.06446     8.04547     8.04530     7.96741     7.96855     7.92701     7.79984     7.56064
  8.06446     8.04578     8.04574     7.96794     7.96892     7.92739     7.79986     7.56157
  8.06446     8.04440     8.04603     7.96815     7.96900     7.92753     7.79990     7.56268
  8.06446     8.04424     8.04579     7.96824     7.96903     7.92761     7.79977     7.56326
  8.06446     8.04346     8.04556     7.96806     7.96883     7.92763     7.79975     7.56419
  8.06446     8.04327     8.04517     7.96780     7.96860     7.92790     7.79941     7.56443
  8.06446     8.04263     8.04424     7.96722     7.96839     7.92789     7.79933     7.56471
  8.06446     8.04202     8.04358     7.96685     7.96803     7.92815     7.79863     7.56075
  8.06446     8.04116     8.04274     7.96638     7.96781     7.92813     7.79864     7.56086
  8.06446     8.04011     8.04184     7.96579     7.96742     7.92814     7.79789     7.55620
  8.06446     8.03929     8.04110     7.96513     7.96699     7.92825     7.79755     7.55647
  8.06446     8.03808     8.04009     7.96429     7.96648     7.92831     7.79679     7.55561
  8.06446     8.03745     8.03872     7.96305     7.96588     7.92869     7.79579     7.55530
  8.06446     8.03594     8.03691     7.96160     7.96476     7.92847     7.79478     7.55353
  8.06446     8.03496     8.03488     7.96009     7.96370     7.92852     7.79317     7.55200
  8.06446     8.03345     8.03254     7.95814     7.96231     7.92790     7.79197     7.54990
  8.06446     8.03231     8.03024     7.95661     7.96106     7.92774     7.78993     7.54789
  8.06446     8.03108     8.02790     7.95448     7.95969     7.92715     7.78816     7.54632
  8.06446     8.02989     8.02559     7.95268     7.95843     7.92649     7.78595     7.54438
  8.06446     8.02864     8.02338     7.95055     7.95674     7.92577     7.78399     7.54215
  8.06446     8.02567     8.02032     7.94675     7.95411     7.92437     7.78011     7.53733
  8.06446     8.02449     8.01840     7.94511     7.95304     7.92416     7.77852     7.53504
  8.06446     8.02255     8.01720     7.94303     7.95139     7.92317     7.77637     7.53253
  8.06446     8.02157     8.01524     7.94169     7.95015     7.92271     7.77452     7.53006
  8.06446     8.01994     8.01312     7.93990     7.94824     7.92167     7.77198     7.52781
  8.06446     8.01891     8.01136     7.93924     7.94699     7.92105     7.76997     7.52541
  8.06446     8.01723     8.00954     7.93779     7.94553     7.92028     7.76758     7.52286
  8.06446     8.01580     8.00794     7.93700     7.94446     7.91949     7.76600     7.52052
  8.06446     8.01397     8.00632     7.93555     7.94313     7.91856     7.76405     7.51776
  8.06446     8.01237     8.00501     7.93444     7.94208     7.91773     7.76245     7.51573
  8.06446     8.01105     8.00254     7.93316     7.94162     7.91704     7.76130     7.51350
  8.06446     8.00974     8.00127     7.93217     7.94084     7.91632     7.75979     7.51152
  8.06446     8.00919     7.99960     7.93172     7.94097     7.91601     7.75904     7.50995
  8.06446     8.00848     7.99848     7.93134     7.94027     7.91541     7.75778     7.50758
  8.06446     8.00819     7.99813     7.93114     7.93975     7.91509     7.75716     7.50585
  8.06446     8.00774     7.99739     7.93169     7.93915     7.91461     7.75607     7.50365
  8.06446     8.00729     7.99658     7.93105     7.93806     7.91415     7.75529     7.50151
  8.06446     8.00700     7.99605     7.93143     7.93792     7.91385     7.75425     7.49926
  8.06446     8.00646     7.99643     7.93070     7.93702     7.91319     7.75231     7.49735
  8.06446     8.00616     7.99594     7.93058     7.93651     7.91276     7.75121     7.49498
  8.06446     8.00558     7.99673     7.92988     7.93617     7.91189     7.74911     7.49262
  8.06446     8.00487     7.99598     7.92961     7.93532     7.91102     7.74758     7.49010
  8.06446     8.00307     7.99422     7.92763     7.93364     7.90874     7.74462     7.48612
  8.06446     8.00268     7.99369     7.92738     7.93281     7.90757     7.74228     7.48342
  8.06446     8.00067     7.99159     7.92519     7.93021     7.90523     7.73902     7.47968
  8.06446     8.00025     7.99110     7.92475     7.92920     7.90406     7.73698     7.47704
  8.06446     7.99924     7.99043     7.92373     7.92742     7.90288     7.73481     7.47445
  8.06446     7.99827     7.98977     7.92308     7.92623     7.90164     7.73311     7.47153
  8.06446     7.99714     7.98883     7.92225     7.92485     7.90041     7.73138     7.46874
  8.06446     7.99621     7.98860     7.92201     7.92355     7.89921     7.72960     7.46639
  8.06446     7.99552     7.98827     7.92183     7.92265     7.89802     7.72781     7.46412
  8.06446     7.99500     7.98863     7.92220     7.92177     7.89699     7.72660     7.46273
  8.06446     7.99481     7.98926     7.92264     7.92123     7.89586     7.72480     7.46101
  8.06446     7.99494     7.99031     7.92382     7.92071     7.89490     7.72386     7.45995
  8.06446     7.99544     7.99142     7.92490     7.92066     7.89404     7.72292     7.45880
  8.06446     7.99646     7.99313     7.92679     7.92070     7.89340     7.72213     7.45861
  8.06446     7.99771     7.99509     7.92863     7.92120     7.89272     7.72131     7.45814
  8.06446     7.99956     7.99785     7.93117     7.92187     7.89237     7.72126     7.45879
  8.06446     8.00117     8.00049     7.93387     7.92293     7.89196     7.72051     7.45890
  8.06446     8.00308     8.00374     7.93677     7.92401     7.89164     7.72079     7.45965
  8.06446     8.00512     8.00661     7.93980     7.92550     7.89131     7.72108     7.45990
  8.06446     8.00744     8.00999     7.94303     7.92708     7.89113     7.72189     7.46117
  8.06446     8.00990     8.01290     7.94606     7.92892     7.89119     7.72326     7.46147
  8.06446     8.01312     8.01652     7.94957     7.93078     7.89159     7.72480     7.46288
  8.06446     8.01547     8.01946     7.95296     7.93285     7.89198     7.72686     7.46363
  8.06446     8.01809     8.02255     7.95625     7.93474     7.89254     7.72832     7.46437
  8.06446     8.01948     8.02496     7.95889     7.93625     7.89265     7.72968     7.46451
  8.06446     8.02114     8.02767     7.96187     7.93789     7.89322     7.73074     7.46498
  8.06446     8.02194     8.02951     7.96373     7.93899     7.89322     7.73144     7.46414
  8.06446     8.02307     8.03146     7.96567     7.94001     7.89380     7.73230     7.46408
  8.06446     8.02368     8.03244     7.96693     7.94097     7.89372     7.73283     7.46261
  8.06446     8.02437     8.03344     7.96797     7.94178     7.89390     7.73373     7.46142
  8.06446     8.02480     8.03383     7.96857     7.94227     7.89346     7.73335     7.45964
  8.06446     8.02583     8.03386     7.96925     7.94284     7.89335     7.73359     7.45774
  8.06446     8.02606     8.03421     7.96979     7.94317     7.89278     7.73305     7.45581
  8.06446     8.02682     8.03403     7.97008     7.94331     7.89237     7.73217     7.45367
  8.06446     8.02660     8.03462     7.97030     7.94339     7.89176     7.73179     7.45116
  8.06446     8.02681     8.03479     7.97050     7.94343     7.89144     7.73081     7.44887
  8.06446     8.02642     8.03507     7.97046     7.94299     7.89042     7.72905     7.44596
  8.06446     8.02617     8.03474     7.97041     7.94248     7.88973     7.72758     7.44349
  8.06446     8.02564     8.03404     7.97005     7.94197     7.88860     7.72610     7.44051
  8.06446     8.02536     8.03213     7.96974     7.94144     7.88771     7.72372     7.43761
  8.06446     8.02498     8.03128     7.96939     7.94094     7.88648     7.72260     7.43499
  8.06446     8.02507     8.02914     7.96909     7.94027     7.88493     7.71925     7.42989
  8.06446     8.02516     8.02890     7.96905     7.93969     7.88415     7.71759     7.42737
  8.06446     8.02461     8.02848     7.96894     7.93933     7.88326     7.71654     7.42534
  8.06446     8.02437     8.02817     7.96878     7.93811     7.88269     7.71562     7.42334
  8.06446     8.02367     8.02776     7.96855     7.93747     7.88177     7.71430     7.42152
  8.06446     8.02341     8.02775     7.96849     7.93625     7.88154     7.71382     7.41966
  8.06446     8.02266     8.02730     7.96802     7.93553     7.88086     7.71264     7.41860
  8.06446     8.02225     8.02618     7.96766     7.93533     7.88066     7.71202     7.41702
  8.06446     8.02117     8.02530     7.96692     7.93417     7.87969     7.71052     7.41558
  8.06446     8.02046     8.02365     7.96607     7.93382     7.87923     7.70955     7.41372
  8.06446     8.01945     8.02261     7.96510     7.93274     7.87828     7.70817     7.41215
  8.06446     8.01897     8.02184     7.96443     7.93224     7.87762     7.70742     7.41039
  8.06446     8.01809     8.02066     7.96354     7.93129     7.87678     7.70601     7.40939
  8.06446     8.01776     8.01978     7.96291     7.93148     7.87609     7.70513     7.40846
  8.06446     8.01677     8.01857     7.96203     7.93036     7.87509     7.70403     7.40740
  8.06446     8.01595     8.01720     7.96104     7.93013     7.87408     7.70264     7.40632
  8.06446     8.01491     8.01599     7.95999     7.92892     7.87297     7.70156     7.40543
  8.06446     8.01413     8.01486     7.95917     7.92815     7.87215     7.70111     7.40478
  8.06446     8.01244     8.01312     7.95740     7.92625     7.87046     7.69914     7.40377
  8.06446     8.01220     8.01272     7.95712     7.92560     7.87013     7.69898     7.40385
  8.06446     8.01084     8.01160     7.95578     7.92425     7.86911     7.69825     7.40365
  8.06446     8.01079     8.01149     7.95556     7.92396     7.86918     7.69822     7.40447
  8.06446     8.01035     8.01138     7.95542     7.92358     7.86931     7.69880     7.40527
  8.06446     8.01003     8.01114     7.95535     7.92336     7.86955     7.69916     7.40642
  8.06446     8.00970     8.01084     7.95527     7.92281     7.86967     7.69942     7.40701
  8.06446     8.00920     8.01028     7.95496     7.92221     7.86980     7.69947     7.40786
  8.06446     8.00872     8.00972     7.95458     7.92155     7.86978     7.69954     7.40826
  8.06446     8.00851     8.00929     7.95413     7.92118     7.86998     7.70005     7.40932
  8.06446     8.00802     8.00903     7.95370     7.92085     7.87014     7.69938     7.40949
  8.06446     8.00774     8.00852     7.95325     7.92056     7.87045     7.69963     7.41025
  8.06446     8.00733     8.00840     7.95271     7.92003     7.87076     7.69880     7.40997
  8.06446     8.00679     8.00764     7.95189     7.91967     7.87090     7.69842     7.41027
  8.06446     8.00600     8.00711     7.95095     7.91876     7.87115     7.69792     7.40984
  8.06446     8.00575     8.00667     7.95042     7.91816     7.87134     7.69765     7.41006
  8.06446     8.00519     8.00620     7.94963     7.91746     7.87158     7.69655     7.40946
  8.06446     8.00492     8.00547     7.94904     7.91669     7.87146     7.69568     7.40945
  8.06446     8.00454     8.00494     7.94836     7.91616     7.87143     7.69405     7.40850
  8.06446     8.00443     8.00385     7.94761     7.91558     7.87101     7.69302     7.40779
  8.06446     8.00399     8.00275     7.94644     7.91502     7.87064     7.69117     7.40678
  8.06446     8.00399     8.00173     7.94567     7.91451     7.87045     7.69011     7.40594
  8.06446     8.00378     8.00083     7.94460     7.91383     7.87018     7.68865     7.40486
  8.06446     8.00311     7.99975     7.94354     7.91300     7.86992     7.68730     7.40453
  8.06446     8.00224     7.99876     7.94239     7.91208     7.86958     7.68619     7.40318
  8.06446     8.00110     7.99776     7.94138     7.91090     7.86928     7.68503     7.40253
  8.06446     8.00003     7.99676     7.94038     7.91024     7.86902     7.68393     7.40100
  8.06446     7.99879     7.99552     7.93952     7.90892     7.86866     7.68262     7.39981
  8.06446     7.99773     7.99464     7.93860     7.90842     7.86844     7.68219     7.39853
  8.06446     7.99678     7.99329     7.93787     7.90747     7.86802     7.68086     7.39762
  8.06446     7.99535     7.99190     7.93665     7.90667     7.86749     7.68055     7.39652
  8.06446     7.99449     7.99062     7.93581     7.90582     7.86700     7.67971     7.39570
  8.06446     7.99347     7.98961     7.93509     7.90552     7.86663     7.67885     7.39473
  8.06446     7.99222     7.98842     7.93441     7.90476     7.86611     7.67789     7.39397
  8.06446     7.99155     7.98752     7.93374     7.90450     7.86566     7.67688     7.39299
  8.06446     7.99092     7.98692     7.93344     7.90429     7.86542     7.67619     7.39248
  8.06446     7.99052     7.98634     7.93326     7.90341     7.86502     7.67548     7.39156
  8.06446     7.99048     7.98599     7.93307     7.90326     7.86485     7.67497     7.39105
  8.06446     7.99051     7.98598     7.93345     7.90272     7.86465     7.67441     7.39089
  8.06446     7.99105     7.98631     7.93387     7.90310     7.86480     7.67429     7.39107
  8.06446     7.99171     7.98677     7.93443     7.90355     7.86491     7.67373     7.39170
  8.06446     7.99240     7.98740     7.93542     7.90397     7.86535     7.67392     7.39211
  8.06446     7.99349     7.98837     7.93634     7.90489     7.86579     7.67427     7.39308
  8.06446     7.99373     7.98888     7.93717     7.90523     7.86626     7.67463     7.39352
  8.06446     7.99502     7.99007     7.93876     7.90646     7.86736     7.67623     7.39487
  8.06446     7.99575     7.99066     7.93811     7.90702     7.86796     7.67654     7.39596
  8.06446     7.99606     7.99113     7.93831     7.90736     7.86845     7.67720     7.39608
  8.06446     7.99667     7.99189     7.93719     7.90776     7.86881     7.67753     7.39687
  8.06446     7.99705     7.99264     7.93740     7.90834     7.86950     7.67791     7.39705
  8.06446     7.99742     7.99334     7.93764     7.90864     7.86961     7.67799     7.39738
  8.06446     7.99754     7.99383     7.93783     7.90867     7.86969     7.67759     7.39706
  8.06446     7.99777     7.99429     7.93789     7.90869     7.86959     7.67734     7.39719
  8.06446     7.99760     7.99449     7.93780     7.90864     7.86936     7.67588     7.39674
  8.06446     7.99762     7.99465     7.93792     7.90861     7.86922     7.67578     7.39678
  8.06446     7.99743     7.99471     7.93764     7.90821     7.86890     7.67218     7.39576
  8.06446     7.99777     7.99514     7.93803     7.90837     7.86887     7.67179     7.39561
  8.06446     7.99752     7.99509     7.93769     7.90770     7.86832     7.66820     7.39446
  8.06446     7.99793     7.99536     7.93778     7.90764     7.86794     7.66702     7.39334
  8.06446     7.99841     7.99581     7.93783     7.90762     7.86783     7.66627     7.39275
  8.06446     7.99888     7.99605     7.93789     7.90745     7.86747     7.66543     7.39187
  8.06446     7.99920     7.99626     7.93774     7.90707     7.86727     7.66536     7.39090
  8.06446     7.99980     7.99668     7.93787     7.90688     7.86719     7.66525     7.39045
  8.06446     7.99991     7.99685     7.93753     7.90652     7.86696     7.66517     7.38946
  8.06446     8.00000     7.99708     7.93771     7.90637     7.86679     7.66491     7.38844
  8.06446     8.00031     7.99763     7.93806     7.90650     7.86695     7.66282     7.38793
  8.06446     8.00010     7.99768     7.93837     7.90612     7.86661     7.66209     7.38660
  8.06446     8.00024     7.99838     7.93862     7.90596     7.86655     7.65964     7.38614
  8.06446     7.99991     7.99814     7.93877     7.90526     7.86611     7.65894     7.38505
  8.06446     7.99951     7.99859     7.93857     7.90500     7.86568     7.65868     7.38436
  8.06446     7.99918     7.99814     7.93843     7.90433     7.86523     7.65863     7.38351
  8.06446     7.99844     7.99810     7.93835     7.90401     7.86600     7.65834     7.38273
  8.06446     7.99807     7.99790     7.93807     7.90349     7.86543     7.65832     7.38147
  8.06446     7.99758     7.99776     7.93769     7.90315     7.86606     7.65788     7.38084
  8.06446     7.99668     7.99726     7.93696     7.90232     7.86515     7.65698     7.37898
  8.06446     7.99633     7.99713     7.93661     7.90217     7.86479     7.65180     7.37940
  8.06446     7.99584     7.99651     7.93592     7.90144     7.86423     7.65099     7.37809
  8.06446     7.99550     7.99770     7.93549     7.90112     7.86354     7.64573     7.37786
  8.06446     7.99531     7.99712     7.93494     7.90061     7.86322     7.64530     7.37669
  8.06446     7.99524     7.99813     7.93434     7.90026     7.86243     7.64472     7.37589
  8.06446     7.99502     7.99733     7.93365     7.89955     7.86191     7.64385     7.37459
  8.06446     7.99481     7.99690     7.93306     7.89889     7.86094     7.64299     7.37377
  8.06446     7.99468     7.99635     7.93244     7.89825     7.86052     7.64245     7.37288
  8.06446     7.99452     7.99608     7.93192     7.89785     7.85973     7.64197     7.37203
  8.06446     7.99420     7.99574     7.93148     7.89722     7.85971     7.64197     7.37113
  8.06446     7.99399     7.99534     7.93097     7.89702     7.85952     7.64163     7.37294
  8.06446     7.99380     7.99475     7.93046     7.89654     7.85970     7.64152     7.37214
  8.06446     7.99273     7.99361     7.92926     7.89544     7.85886     7.64057     7.37320
  8.06446     7.99237     7.99262     7.92832     7.89485     7.85860     7.64003     7.37242
  8.06446     7.99101     7.99115     7.92687     7.89352     7.85743     7.63908     7.37082
  8.06446     7.99029     7.98998     7.92587     7.89281     7.85689     7.63791     7.36950
  8.06446     7.98893     7.98843     7.92439     7.89160     7.85593     7.63656     7.36752
  8.06446     7.98761     7.98659     7.92280     7.89053     7.85502     7.63494     7.36546
  8.06446     7.98614     7.98472     7.92112     7.88915     7.85444     7.63335     7.36310
  8.06446     7.98463     7.98276     7.91926     7.88739     7.85313     7.63177     7.36079
  8.06446     7.98308     7.98096     7.91747     7.88567     7.85243     7.63034     7.35804
  8.06446     7.98205     7.97954     7.91595     7.88422     7.85123     7.62906     7.35572
  8.06446     7.98045     7.97745     7.91394     7.88197     7.84964     7.62661     7.35450
  8.06446     7.97934     7.97587     7.91208     7.88044     7.84823     7.62528     7.35195
  8.06446     7.97796     7.97388     7.91016     7.87847     7.84679     7.62286     7.35046
  8.06446     7.97693     7.97219     7.90857     7.87685     7.84552     7.62136     7.34775
