      1       0.000011         0.0475000
      2       0.001013         1.4780571
      3       0.002016         1.8959809
      4       0.003019         2.1462802
      5       0.004000         2.3221678
      6       0.005003         2.4625254
      7       0.006005         2.5774624
      8       0.007008         2.6747893
      9       0.008011         2.7591919
     10       0.009013         2.8337037
     11       0.010016         2.9004013
     12       0.011019         2.9607693
     13       0.012000         3.0147808
     14       0.013003         3.0656064
     15       0.014005         3.1126727
     16       0.015008         3.1564976
     17       0.016011         3.1974990
     18       0.017013         3.2360187
     19       0.018016         3.2723402
     20       0.019019         3.3067008
     21       0.020000         3.3386249
     22       0.021003         3.3696692
     23       0.022005         3.3992699
     24       0.023008         3.4275552
     25       0.024011         3.4546370
     26       0.025013         3.4806137
     27       0.026016         3.5055718
     28       0.027019         3.5295883
     29       0.028000         3.5522478
     30       0.029003         3.5745959
     31       0.030005         3.5961860
     32       0.031008         3.6170678
     33       0.032011         3.6372864
     34       0.033013         3.6568826
     35       0.034016         3.6758936
     36       0.035019         3.6943533
     37       0.036000         3.7119163
     38       0.037003         3.7293742
     39       0.038005         3.7463662
     40       0.039008         3.7629163
     41       0.040011         3.7790472
     42       0.041013         3.7947793
     43       0.042016         3.8101321
     44       0.043019         3.8251233
     45       0.044000         3.8394614
     46       0.045003         3.8537852
     47       0.046005         3.8677938
     48       0.047008         3.8815007
     49       0.048011         3.8949187
     50       0.049013         3.9080598
     51       0.050016         3.9209350
     52       0.051019         3.9335550
     53       0.052000         3.9456689
     54       0.053003         3.9578126
     55       0.054005         3.9697290
     56       0.055008         3.9814263
     57       0.056011         3.9929127
     58       0.057013         4.0041954
     59       0.058016         4.0152817
     60       0.059019         4.0261782
     61       0.060000         4.0366653
     62       0.061003         4.0472048
     63       0.062005         4.0575727
     64       0.063008         4.0677745
     65       0.064011         4.0778153
     66       0.065013         4.0877003
     67       0.066016         4.0974341
     68       0.067019         4.1070213
     69       0.068000         4.1162667
     70       0.069003         4.1255765
     71       0.070005         4.1347521
     72       0.071008         4.1437973
     73       0.072011         4.1527158
     74       0.073013         4.1615111
     75       0.074016         4.1701865
     76       0.075019         4.1787453
     77       0.076000         4.1870120
     78       0.077003         4.1953490
     79       0.078005         4.2035782
     80       0.079008         4.2117024
     81       0.080011         4.2197242
     82       0.081013         4.2276462
     83       0.082016         4.2354708
     84       0.083019         4.2432004
     85       0.084000         4.2506757
     86       0.085003         4.2582239
     87       0.086005         4.2656837
     88       0.087008         4.2730570
     89       0.088011         4.2803459
     90       0.089013         4.2875523
     91       0.090016         4.2946780
     92       0.091019         4.3017248
     93       0.092000         4.3085469
     94       0.093003         4.3154426
     95       0.094005         4.3222644
     96       0.095008         4.3290138
     97       0.096011         4.3356923
     98       0.097013         4.3423015
     99       0.098016         4.3488427
    100       0.099019         4.3553174
    101       0.100000         4.3615911
    102       0.101003         4.3679379
    103       0.102005         4.3742220
    104       0.103008         4.3804446
    105       0.104011         4.3866069
    106       0.105013         4.3927101
    107       0.106016         4.3987552
    108       0.107019         4.4047433
    109       0.108000         4.4105499
    110       0.109003         4.4164285
    111       0.110005         4.4222531
    112       0.111008         4.4280248
    113       0.112011         4.4337446
    114       0.113013         4.4394132
    115       0.114016         4.4450317
    116       0.115019         4.4506009
    117       0.116000         4.4560047
    118       0.117003         4.4614788
    119       0.118005         4.4669060
    120       0.119008         4.4722872
    121       0.120011         4.4776231
    122       0.121013         4.4829144
    123       0.122016         4.4881619
    124       0.123019         4.4933663
    125       0.124000         4.4984188
    126       0.125003         4.5035399
    127       0.126005         4.5086198
    128       0.127008         4.5136592
    129       0.128011         4.5186587
    130       0.129013         4.5236190
    131       0.130016         4.5285406
    132       0.131019         4.5334241
    133       0.132000         4.5381674
    134       0.133003         4.5429772
    135       0.134005         4.5477506
    136       0.135008         4.5524880
    137       0.136011         4.5571901
    138       0.137013         4.5618573
    139       0.138016         4.5664900
    140       0.139019         4.5710889
    141       0.140000         4.5755575
    142       0.141003         4.5800906
    143       0.142005         4.5845911
    144       0.143008         4.5890596
    145       0.144011         4.5934963
    146       0.145013         4.5979018
    147       0.146016         4.6022765
    148       0.147019         4.6066207
    149       0.148000         4.6108434
    150       0.149003         4.6151285
    151       0.150005         4.6193843
    152       0.151008         4.6236112
    153       0.152011         4.6278095
    154       0.153013         4.6319797
    155       0.154016         4.6361219
    156       0.155019         4.6402367
    157       0.156000         4.6442375
    158       0.157003         4.6482988
    159       0.158005         4.6523335
    160       0.159008         4.6563420
    161       0.160011         4.6603245
    162       0.161013         4.6642815
    163       0.162016         4.6682131
    164       0.163019         4.6721196
    165       0.164000         4.6759191
    166       0.165003         4.6797769
    167       0.166005         4.6836106
    168       0.167008         4.6874203
    169       0.168011         4.6912063
    170       0.169013         4.6949689
    171       0.170016         4.6987083
    172       0.171019         4.7024248
    173       0.172000         4.7060402
    174       0.173003         4.7097121
    175       0.174005         4.7133617
    176       0.175008         4.7169894
    177       0.176011         4.7205953
    178       0.177013         4.7241797
    179       0.178016         4.7277428
    180       0.179019         4.7312848
    181       0.180000         4.7347312
    182       0.181003         4.7382321
    183       0.182005         4.7417125
    184       0.183008         4.7451726
    185       0.184011         4.7486126
    186       0.185013         4.7520327
    187       0.186016         4.7554332
    188       0.187019         4.7588141
    189       0.188000         4.7621044
    190       0.189003         4.7654472
    191       0.190005         4.7687711
    192       0.191008         4.7720761
    193       0.192011         4.7753626
    194       0.193013         4.7786306
    195       0.194016         4.7818802
    196       0.195019         4.7851118
    197       0.196000         4.7882572
    198       0.197003         4.7914533
    199       0.198005         4.7946317
    200       0.199008         4.7977927
    201       0.200011         4.8009363
    202       0.201013         4.8040627
    203       0.202016         4.8071720
    204       0.203019         4.8102644
    205       0.204000         4.8132748
    206       0.205003         4.8163341
    207       0.206005         4.8193769
    208       0.207008         4.8224034
    209       0.208011         4.8254136
    210       0.209013         4.8284077
    211       0.210016         4.8313858
    212       0.211019         4.8343481
    213       0.212000         4.8372321
    214       0.213003         4.8401634
    215       0.214005         4.8430792
    216       0.215008         4.8459796
    217       0.216011         4.8488648
    218       0.217013         4.8517349
    219       0.218016         4.8545899
    220       0.219019         4.8574301
    221       0.220000         4.8601955
    222       0.221003         4.8630065
    223       0.222005         4.8658029
    224       0.223008         4.8685849
    225       0.224011         4.8713525
    226       0.225013         4.8741059
    227       0.226016         4.8768451
    228       0.227019         4.8795703
    229       0.228000         4.8822240
    230       0.229003         4.8849217
    231       0.230005         4.8876056
    232       0.231008         4.8902759
    233       0.232011         4.8929326
    234       0.233013         4.8955758
    235       0.234016         4.8982057
    236       0.235019         4.9008223
    237       0.236000         4.9033705
    238       0.237003         4.9059611
    239       0.238005         4.9085387
    240       0.239008         4.9111034
    241       0.240011         4.9136552
    242       0.241013         4.9161943
    243       0.242016         4.9187207
    244       0.243019         4.9212346
    245       0.244000         4.9236828
    246       0.245003         4.9261720
    247       0.246005         4.9286488
    248       0.247008         4.9311134
    249       0.248011         4.9335658
    250       0.249013         4.9360061
    251       0.250016         4.9384344
    252       0.251019         4.9408507
    253       0.252000         4.9432041
    254       0.253003         4.9455970
    255       0.254005         4.9479782
    256       0.255008         4.9503477
    257       0.256011         4.9527056
    258       0.257013         4.9550521
    259       0.258016         4.9573870
    260       0.259019         4.9597107
    261       0.260000         4.9619739
    262       0.261003         4.9642752
    263       0.262005         4.9665653
    264       0.263008         4.9688444
    265       0.264011         4.9711124
    266       0.265013         4.9733695
    267       0.266016         4.9756156
    268       0.267019         4.9778509
    269       0.268000         4.9800282
    270       0.269003         4.9822423
    271       0.270005         4.9844457
    272       0.271008         4.9866385
    273       0.272011         4.9888208
    274       0.273013         4.9909926
    275       0.274016         4.9931540
    276       0.275019         4.9953051
    277       0.276000         4.9974004
    278       0.277003         4.9995312
    279       0.278005         5.0016518
    280       0.279008         5.0037623
    281       0.280011         5.0058627
    282       0.281013         5.0079532
    283       0.282016         5.0100337
    284       0.283019         5.0121043
    285       0.284000         5.0141213
    286       0.285003         5.0161725
    287       0.286005         5.0182140
    288       0.287008         5.0202458
    289       0.288011         5.0222679
    290       0.289013         5.0242806
    291       0.290016         5.0262837
    292       0.291019         5.0282773
    293       0.292000         5.0302194
    294       0.293003         5.0321945
    295       0.294005         5.0341602
    296       0.295008         5.0361167
    297       0.296011         5.0380640
    298       0.297013         5.0400021
    299       0.298016         5.0419311
    300       0.299019         5.0438511
    301       0.300000         5.0457215
    302       0.301003         5.0476236
    303       0.302005         5.0495168
    304       0.303008         5.0514012
    305       0.304011         5.0532767
    306       0.305013         5.0551435
    307       0.306016         5.0570015
    308       0.307019         5.0588508
    309       0.308000         5.0606524
    310       0.309003         5.0624847
    311       0.310005         5.0643084
    312       0.311008         5.0661236
    313       0.312011         5.0679303
    314       0.313013         5.0697286
    315       0.314016         5.0715186
    316       0.315019         5.0733001
    317       0.316000         5.0750358
    318       0.317003         5.0768010
    319       0.318005         5.0785580
    320       0.319008         5.0803068
    321       0.320011         5.0820475
    322       0.321013         5.0837802
    323       0.322016         5.0855047
    324       0.323019         5.0872213
    325       0.324000         5.0888936
    326       0.325003         5.0905945
    327       0.326005         5.0922875
    328       0.327008         5.0939726
    329       0.328011         5.0956499
    330       0.329013         5.0973194
    331       0.330016         5.0989812
    332       0.331019         5.1006354
    333       0.332000         5.1022469
    334       0.333003         5.1038859
    335       0.334005         5.1055173
    336       0.335008         5.1071413
    337       0.336011         5.1087577
    338       0.337013         5.1103666
    339       0.338016         5.1119681
    340       0.339019         5.1135622
    341       0.340000         5.1151153
    342       0.341003         5.1166949
    343       0.342005         5.1182672
    344       0.343008         5.1198323
    345       0.344011         5.1213901
    346       0.345013         5.1229408
    347       0.346016         5.1244844
    348       0.347019         5.1260208
    349       0.348000         5.1275177
    350       0.349003         5.1290401
    351       0.350005         5.1305556
    352       0.351008         5.1320641
    353       0.352011         5.1335656
    354       0.353013         5.1350603
    355       0.354016         5.1365481
    356       0.355019         5.1380290
    357       0.356000         5.1394719
    358       0.357003         5.1409394
    359       0.358005         5.1424001
    360       0.359008         5.1438542
    361       0.360011         5.1453016
    362       0.361013         5.1467423
    363       0.362016         5.1481765
    364       0.363019         5.1496040
    365       0.364000         5.1509949
    366       0.365003         5.1524095
    367       0.366005         5.1538176
    368       0.367008         5.1552193
    369       0.368011         5.1566146
    370       0.369013         5.1580035
    371       0.370016         5.1593860
    372       0.371019         5.1607622
    373       0.372000         5.1621029
    374       0.373003         5.1634667
    375       0.374005         5.1648242
    376       0.375008         5.1661754
    377       0.376011         5.1675205
    378       0.377013         5.1688595
    379       0.378016         5.1701923
    380       0.379019         5.1715190
    381       0.380000         5.1728116
    382       0.381003         5.1741263
    383       0.382005         5.1754350
    384       0.383008         5.1767378
    385       0.384011         5.1780346
    386       0.385013         5.1793254
    387       0.386016         5.1806104
    388       0.387019         5.1818895
    389       0.388000         5.1831357
    390       0.389003         5.1844032
    391       0.390005         5.1856650
    392       0.391008         5.1869210
    393       0.392011         5.1881712
    394       0.393013         5.1894158
    395       0.394016         5.1906546
    396       0.395019         5.1918878
    397       0.396000         5.1930894
    398       0.397003         5.1943114
    399       0.398005         5.1955280
    400       0.399008         5.1967389
    401       0.400011         5.1979444
    402       0.401013         5.1991443
    403       0.402016         5.2003388
    404       0.403019         5.2015278
    405       0.404000         5.2026863
    406       0.405003         5.2038646
    407       0.406005         5.2050375
    408       0.407008         5.2062051
    409       0.408011         5.2073674
    410       0.409013         5.2085244
    411       0.410016         5.2096761
    412       0.411019         5.2108225
    413       0.412000         5.2119395
    414       0.413003         5.2130756
    415       0.414005         5.2142066
    416       0.415008         5.2153324
    417       0.416011         5.2164531
    418       0.417013         5.2175686
    419       0.418016         5.2186791
    420       0.419019         5.2197846
    421       0.420000         5.2208616
    422       0.421003         5.2219571
    423       0.422005         5.2230476
    424       0.423008         5.2241331
    425       0.424011         5.2252137
    426       0.425013         5.2262894
    427       0.426016         5.2273601
    428       0.427019         5.2284260
    429       0.428000         5.2294646
    430       0.429003         5.2305209
    431       0.430005         5.2315724
    432       0.431008         5.2326191
    433       0.432011         5.2336611
    434       0.433013         5.2346983
    435       0.434016         5.2357308
    436       0.435019         5.2367586
    437       0.436000         5.2377600
    438       0.437003         5.2387785
    439       0.438005         5.2397925
    440       0.439008         5.2408018
    441       0.440011         5.2418065
    442       0.441013         5.2428067
    443       0.442016         5.2438023
    444       0.443019         5.2447934
    445       0.444000         5.2457590
    446       0.445003         5.2467412
    447       0.446005         5.2477189
    448       0.447008         5.2486921
    449       0.448011         5.2496610
    450       0.449013         5.2506254
    451       0.450016         5.2515855
    452       0.451019         5.2525411
    453       0.452000         5.2534723
    454       0.453003         5.2544194
    455       0.454005         5.2553622
    456       0.455008         5.2563007
    457       0.456011         5.2572349
    458       0.457013         5.2581649
    459       0.458016         5.2590907
    460       0.459019         5.2600123
    461       0.460000         5.2609102
    462       0.461003         5.2618235
    463       0.462005         5.2627326
    464       0.463008         5.2636376
    465       0.464011         5.2645385
    466       0.465013         5.2654353
    467       0.466016         5.2663280
    468       0.467019         5.2672167
    469       0.468000         5.2680826
    470       0.469003         5.2689633
    471       0.470005         5.2698400
    472       0.471008         5.2707127
    473       0.472011         5.2715814
    474       0.473013         5.2724462
    475       0.474016         5.2733071
    476       0.475019         5.2741641
    477       0.476000         5.2749990
    478       0.477003         5.2758483
    479       0.478005         5.2766937
    480       0.479008         5.2775353
    481       0.480011         5.2783730
    482       0.481013         5.2792070
    483       0.482016         5.2800371
    484       0.483019         5.2808635
    485       0.484000         5.2816687
    486       0.485003         5.2824876
    487       0.486005         5.2833029
    488       0.487008         5.2841145
    489       0.488011         5.2849223
    490       0.489013         5.2857265
    491       0.490016         5.2865271
    492       0.491019         5.2873240
    493       0.492000         5.2881004
    494       0.493003         5.2888902
    495       0.494005         5.2896764
    496       0.495008         5.2904590
    497       0.496011         5.2912380
    498       0.497013         5.2920135
    499       0.498016         5.2927855
    500       0.499019         5.2935540
    501       0.500000         5.2943028
    502       0.501003         5.2950644
    503       0.502005         5.2958225
    504       0.503008         5.2965772
    505       0.504011         5.2973285
    506       0.505013         5.2980763
    507       0.506016         5.2988208
    508       0.507019         5.2995619
    509       0.508000         5.3002839
    510       0.509003         5.3010184
    511       0.510005         5.3017495
    512       0.511008         5.3024773
    513       0.512011         5.3032017
    514       0.513013         5.3039229
    515       0.514016         5.3046409
    516       0.515019         5.3053555
    517       0.516000         5.3060518
    518       0.517003         5.3067601
    519       0.518005         5.3074651
    520       0.519008         5.3081670
    521       0.520011         5.3088656
    522       0.521013         5.3095611
    523       0.522016         5.3102534
    524       0.523019         5.3109426
    525       0.524000         5.3116141
    526       0.525003         5.3122971
    527       0.526005         5.3129770
    528       0.527008         5.3136538
    529       0.528011         5.3143276
    530       0.529013         5.3149982
    531       0.530016         5.3156659
    532       0.531019         5.3163305
    533       0.532000         5.3169781
    534       0.533003         5.3176367
    535       0.534005         5.3182924
    536       0.535008         5.3189451
    537       0.536011         5.3195948
    538       0.537013         5.3202416
    539       0.538016         5.3208854
    540       0.539019         5.3215263
    541       0.540000         5.3221508
    542       0.541003         5.3227860
    543       0.542005         5.3234183
    544       0.543008         5.3240477
    545       0.544011         5.3246743
    546       0.545013         5.3252980
    547       0.546016         5.3259189
    548       0.547019         5.3265370
    549       0.548000         5.3271392
    550       0.549003         5.3277517
    551       0.550005         5.3283615
    552       0.551008         5.3289685
    553       0.552011         5.3295727
    554       0.553013         5.3301742
    555       0.554016         5.3307730
    556       0.555019         5.3313690
    557       0.556000         5.3319498
    558       0.557003         5.3325405
    559       0.558005         5.3331285
    560       0.559008         5.3337139
    561       0.560011         5.3342966
    562       0.561013         5.3348766
    563       0.562016         5.3354540
    564       0.563019         5.3360288
    565       0.564000         5.3365889
    566       0.565003         5.3371585
    567       0.566005         5.3377256
    568       0.567008         5.3382901
    569       0.568011         5.3388521
    570       0.569013         5.3394114
    571       0.570016         5.3399683
    572       0.571019         5.3405226
    573       0.572000         5.3410627
    574       0.573003         5.3416120
    575       0.574005         5.3421589
    576       0.575008         5.3427033
    577       0.576011         5.3432452
    578       0.577013         5.3437846
    579       0.578016         5.3443216
    580       0.579019         5.3448562
    581       0.580000         5.3453771
    582       0.581003         5.3459068
    583       0.582005         5.3464342
    584       0.583008         5.3469592
    585       0.584011         5.3474818
    586       0.585013         5.3480020
    587       0.586016         5.3485199
    588       0.587019         5.3490354
    589       0.588000         5.3495377
    590       0.589003         5.3500486
    591       0.590005         5.3505571
    592       0.591008         5.3510634
    593       0.592011         5.3515674
    594       0.593013         5.3520691
    595       0.594016         5.3525685
    596       0.595019         5.3530656
    597       0.596000         5.3535500
    598       0.597003         5.3540427
    599       0.598005         5.3545332
    600       0.599008         5.3550214
    601       0.600011         5.3555074
    602       0.601013         5.3559912
    603       0.602016         5.3564728
    604       0.603019         5.3569523
    605       0.604000         5.3574194
    606       0.605003         5.3578945
    607       0.606005         5.3583675
    608       0.607008         5.3588383
    609       0.608011         5.3593070
    610       0.609013         5.3597736
    611       0.610016         5.3602381
    612       0.611019         5.3607004
    613       0.612000         5.3611509
    614       0.613003         5.3616091
    615       0.614005         5.3620652
    616       0.615008         5.3625193
    617       0.616011         5.3629713
    618       0.617013         5.3634212
    619       0.618016         5.3638691
    620       0.619019         5.3643150
    621       0.620000         5.3647494
    622       0.621003         5.3651913
    623       0.622005         5.3656312
    624       0.623008         5.3660690
    625       0.624011         5.3665049
    626       0.625013         5.3669388
    627       0.626016         5.3673708
    628       0.627019         5.3678008
    629       0.628000         5.3682197
    630       0.629003         5.3686458
    631       0.630005         5.3690700
    632       0.631008         5.3694923
    633       0.632011         5.3699127
    634       0.633013         5.3703311
    635       0.634016         5.3707477
    636       0.635019         5.3711623
    637       0.636000         5.3715664
    638       0.637003         5.3719773
    639       0.638005         5.3723864
    640       0.639008         5.3727936
    641       0.640011         5.3731990
    642       0.641013         5.3736026
    643       0.642016         5.3740043
    644       0.643019         5.3744041
    645       0.644000         5.3747938
    646       0.645003         5.3751901
    647       0.646005         5.3755846
    648       0.647008         5.3759773
    649       0.648011         5.3763682
    650       0.649013         5.3767574
    651       0.650016         5.3771448
    652       0.651019         5.3775304
    653       0.652000         5.3779062
    654       0.653003         5.3782884
    655       0.654005         5.3786688
    656       0.655008         5.3790475
    657       0.656011         5.3794246
    658       0.657013         5.3797998
    659       0.658016         5.3801734
    660       0.659019         5.3805453
    661       0.660000         5.3809077
    662       0.661003         5.3812763
    663       0.662005         5.3816432
    664       0.663008         5.3820084
    665       0.664011         5.3823720
    666       0.665013         5.3827339
    667       0.666016         5.3830942
    668       0.667019         5.3834528
    669       0.668000         5.3838023
    670       0.669003         5.3841577
    671       0.670005         5.3845115
    672       0.671008         5.3848637
    673       0.672011         5.3852144
    674       0.673013         5.3855634
    675       0.674016         5.3859108
    676       0.675019         5.3862567
    677       0.676000         5.3865937
    678       0.677003         5.3869365
    679       0.678005         5.3872777
    680       0.679008         5.3876174
    681       0.680011         5.3879555
    682       0.681013         5.3882921
    683       0.682016         5.3886271
    684       0.683019         5.3889607
    685       0.684000         5.3892857
    686       0.685003         5.3896162
    687       0.686005         5.3899453
    688       0.687008         5.3902729
    689       0.688011         5.3905989
    690       0.689013         5.3909235
    691       0.690016         5.3912467
    692       0.691019         5.3915683
    693       0.692000         5.3918817
    694       0.693003         5.3922005
    695       0.694005         5.3925178
    696       0.695008         5.3928337
    697       0.696011         5.3931482
    698       0.697013         5.3934612
    699       0.698016         5.3937729
    700       0.699019         5.3940831
    701       0.700000         5.3943853
    702       0.701003         5.3946927
    703       0.702005         5.3949987
    704       0.703008         5.3953034
    705       0.704011         5.3956066
    706       0.705013         5.3959085
    707       0.706016         5.3962090
    708       0.707019         5.3965082
    709       0.708000         5.3967997
    710       0.709003         5.3970961
    711       0.710005         5.3973913
    712       0.711008         5.3976850
    713       0.712011         5.3979775
    714       0.713013         5.3982686
    715       0.714016         5.3985584
    716       0.715019         5.3988469
    717       0.716000         5.3991280
    718       0.717003         5.3994139
    719       0.718005         5.3996985
    720       0.719008         5.3999818
    721       0.720011         5.4002639
    722       0.721013         5.4005446
    723       0.722016         5.4008241
    724       0.723019         5.4011023
    725       0.724000         5.4013734
    726       0.725003         5.4016491
    727       0.726005         5.4019236
    728       0.727008         5.4021968
    729       0.728011         5.4024688
    730       0.729013         5.4027395
    731       0.730016         5.4030091
    732       0.731019         5.4032774
    733       0.732000         5.4035388
    734       0.733003         5.4038047
    735       0.734005         5.4040694
    736       0.735008         5.4043328
    737       0.736011         5.4045951
    738       0.737013         5.4048562
    739       0.738016         5.4051162
    740       0.739019         5.4053749
    741       0.740000         5.4056270
    742       0.741003         5.4058834
    743       0.742005         5.4061387
    744       0.743008         5.4063928
    745       0.744011         5.4066457
    746       0.745013         5.4068975
    747       0.746016         5.4071482
    748       0.747019         5.4073977
    749       0.748000         5.4076408
    750       0.749003         5.4078881
    751       0.750005         5.4081343
    752       0.751008         5.4083793
    753       0.752011         5.4086233
    754       0.753013         5.4088661
    755       0.754016         5.4091078
    756       0.755019         5.4093485
    757       0.756000         5.4095829
    758       0.757003         5.4098214
    759       0.758005         5.4100588
    760       0.759008         5.4102951
    761       0.760011         5.4105303
    762       0.761013         5.4107645
    763       0.762016         5.4109976
    764       0.763019         5.4112297
    765       0.764000         5.4114558
    766       0.765003         5.4116858
    767       0.766005         5.4119147
    768       0.767008         5.4121426
    769       0.768011         5.4123695
    770       0.769013         5.4125953
    771       0.770016         5.4128201
    772       0.771019         5.4130439
    773       0.772000         5.4132619
    774       0.773003         5.4134837
    775       0.774005         5.4137045
    776       0.775008         5.4139243
    777       0.776011         5.4141431
    778       0.777013         5.4143609
    779       0.778016         5.4145777
    780       0.779019         5.4147935
    781       0.780000         5.4150038
    782       0.781003         5.4152176
    783       0.782005         5.4154305
    784       0.783008         5.4156425
    785       0.784011         5.4158535
    786       0.785013         5.4160635
    787       0.786016         5.4162726
    788       0.787019         5.4164807
    789       0.788000         5.4166835
    790       0.789003         5.4168898
    791       0.790005         5.4170951
    792       0.791008         5.4172995
    793       0.792011         5.4175030
    794       0.793013         5.4177055
    795       0.794016         5.4179071
    796       0.795019         5.4181078
    797       0.796000         5.4183034
    798       0.797003         5.4185023
    799       0.798005         5.4187003
    800       0.799008         5.4188974
    801       0.800011         5.4190937
    802       0.801013         5.4192890
    803       0.802016         5.4194834
    804       0.803019         5.4196770
    805       0.804000         5.4198656
    806       0.805003         5.4200574
    807       0.806005         5.4202484
    808       0.807008         5.4204385
    809       0.808011         5.4206277
    810       0.809013         5.4208161
    811       0.810016         5.4210036
    812       0.811019         5.4211902
    813       0.812000         5.4213721
    814       0.813003         5.4215571
    815       0.814005         5.4217413
    816       0.815008         5.4219246
    817       0.816011         5.4221071
    818       0.817013         5.4222887
    819       0.818016         5.4224695
    820       0.819019         5.4226496
    821       0.820000         5.4228250
    822       0.821003         5.4230034
    823       0.822005         5.4231809
    824       0.823008         5.4233577
    825       0.824011         5.4235337
    826       0.825013         5.4237089
    827       0.826016         5.4238833
    828       0.827019         5.4240569
    829       0.828000         5.4242260
    830       0.829003         5.4243981
    831       0.830005         5.4245694
    832       0.831008         5.4247398
    833       0.832011         5.4249096
    834       0.833013         5.4250785
    835       0.834016         5.4252467
    836       0.835019         5.4254141
    837       0.836000         5.4255772
    838       0.837003         5.4257431
    839       0.838005         5.4259083
    840       0.839008         5.4260727
    841       0.840011         5.4262364
    842       0.841013         5.4263993
    843       0.842016         5.4265615
    844       0.843019         5.4267229
    845       0.844000         5.4268802
    846       0.845003         5.4270402
    847       0.846005         5.4271995
    848       0.847008         5.4273581
    849       0.848011         5.4275159
    850       0.849013         5.4276730
    851       0.850016         5.4278294
    852       0.851019         5.4279851
    853       0.852000         5.4281368
    854       0.853003         5.4282911
    855       0.854005         5.4284447
    856       0.855008         5.4285977
    857       0.856011         5.4287499
    858       0.857013         5.4289014
    859       0.858016         5.4290522
    860       0.859019         5.4292024
    861       0.860000         5.4293487
    862       0.861003         5.4294975
    863       0.862005         5.4296456
    864       0.863008         5.4297931
    865       0.864011         5.4299399
    866       0.865013         5.4300860
    867       0.866016         5.4302314
    868       0.867019         5.4303762
    869       0.868000         5.4305173
    870       0.869003         5.4306608
    871       0.870005         5.4308037
    872       0.871008         5.4309459
    873       0.872011         5.4310874
    874       0.873013         5.4312284
    875       0.874016         5.4313686
    876       0.875019         5.4315083
    877       0.876000         5.4316443
    878       0.877003         5.4317827
    879       0.878005         5.4319205
    880       0.879008         5.4320576
    881       0.880011         5.4321942
    882       0.881013         5.4323300
    883       0.882016         5.4324653
    884       0.883019         5.4326000
    885       0.884000         5.4327312
    886       0.885003         5.4328647
    887       0.886005         5.4329975
    888       0.887008         5.4331298
    889       0.888011         5.4332614
    890       0.889013         5.4333925
    891       0.890016         5.4335229
    892       0.891019         5.4336528
    893       0.892000         5.4337793
    894       0.893003         5.4339080
    895       0.894005         5.4340362
    896       0.895008         5.4341637
    897       0.896011         5.4342907
    898       0.897013         5.4344171
    899       0.898016         5.4345429
    900       0.899019         5.4346681
    901       0.900000         5.4347901
    902       0.901003         5.4349143
    903       0.902005         5.4350378
    904       0.903008         5.4351608
    905       0.904011         5.4352833
    906       0.905013         5.4354051
    907       0.906016         5.4355265
    908       0.907019         5.4356472
    909       0.908000         5.4357649
    910       0.909003         5.4358846
    911       0.910005         5.4360038
    912       0.911008         5.4361224
    913       0.912011         5.4362405
    914       0.913013         5.4363580
    915       0.914016         5.4364750
    916       0.915019         5.4365915
    917       0.916000         5.4367050
    918       0.917003         5.4368204
    919       0.918005         5.4369353
    920       0.919008         5.4370497
    921       0.920011         5.4371636
    922       0.921013         5.4372769
    923       0.922016         5.4373898
    924       0.923019         5.4375021
    925       0.924000         5.4376115
    926       0.925003         5.4377229
    927       0.926005         5.4378337
    928       0.927008         5.4379440
    929       0.928011         5.4380538
    930       0.929013         5.4381631
    931       0.930016         5.4382719
    932       0.931019         5.4383803
    933       0.932000         5.4384858
    934       0.933003         5.4385931
    935       0.934005         5.4387000
    936       0.935008         5.4388064
    937       0.936011         5.4389123
    938       0.937013         5.4390177
    939       0.938016         5.4391227
    940       0.939019         5.4392271
    941       0.940000         5.4393289
    942       0.941003         5.4394324
    943       0.942005         5.4395355
    944       0.943008         5.4396381
    945       0.944011         5.4397402
    946       0.945013         5.4398419
    947       0.946016         5.4399431
    948       0.947019         5.4400438
    949       0.948000         5.4401420
    950       0.949003         5.4402418
    951       0.950005         5.4403412
    952       0.951008         5.4404401
    953       0.952011         5.4405386
    954       0.953013         5.4406367
    955       0.954016         5.4407343
    956       0.955019         5.4408314
    957       0.956000         5.4409261
    958       0.957003         5.4410224
    959       0.958005         5.4411182
    960       0.959008         5.4412136
    961       0.960011         5.4413086
    962       0.961013         5.4414032
    963       0.962016         5.4414973
    964       0.963019         5.4415910
    965       0.964000         5.4416822
    966       0.965003         5.4417751
    967       0.966005         5.4418675
    968       0.967008         5.4419595
    969       0.968011         5.4420511
    970       0.969013         5.4421423
    971       0.970016         5.4422331
    972       0.971019         5.4423234
    973       0.972000         5.4424115
    974       0.973003         5.4425010
    975       0.974005         5.4425902
    976       0.975008         5.4426789
    977       0.976011         5.4427672
    978       0.977013         5.4428552
    979       0.978016         5.4429427
    980       0.979019         5.4430298
    981       0.980000         5.4431147
    982       0.981003         5.4432011
    983       0.982005         5.4432870
    984       0.983008         5.4433726
    985       0.984011         5.4434578
    986       0.985013         5.4435426
    987       0.986016         5.4436270
    988       0.987019         5.4437110
    989       0.988000         5.4437929
    990       0.989003         5.4438762
    991       0.990005         5.4439591
    992       0.991008         5.4440416
    993       0.992011         5.4441238
    994       0.993013         5.4442055
    995       0.994016         5.4442869
    996       0.995019         5.4443680
    997       0.996000         5.4444469
    998       0.997003         5.4445272
    999       0.998005         5.4446072
   1000       0.999008         5.4446868
   1001       1.000011         5.4447660
   1002       1.001013         5.4448449
   1003       1.002016         5.4449234
   1004       1.003019         5.4450015
   1005       1.004000         5.4450777
   1006       1.005003         5.4451551
   1007       1.006005         5.4452322
   1008       1.007008         5.4453090
   1009       1.008011         5.4453854
   1010       1.009013         5.4454614
   1011       1.010016         5.4455371
   1012       1.011019         5.4456125
   1013       1.012000         5.4456859
   1014       1.013003         5.4457606
   1015       1.014005         5.4458350
   1016       1.015008         5.4459090
   1017       1.016011         5.4459826
   1018       1.017013         5.4460560
   1019       1.018016         5.4461290
   1020       1.019019         5.4462017
   1021       1.020000         5.4462725
   1022       1.021003         5.4463445
   1023       1.022005         5.4464162
   1024       1.023008         5.4464876
   1025       1.024011         5.4465587
   1026       1.025013         5.4466294
   1027       1.026016         5.4466998
   1028       1.027019         5.4467699
   1029       1.028000         5.4468382
   1030       1.029003         5.4469076
   1031       1.030005         5.4469768
   1032       1.031008         5.4470456
   1033       1.032011         5.4471141
   1034       1.033013         5.4471823
   1035       1.034016         5.4472503
   1036       1.035019         5.4473178
   1037       1.036000         5.4473837
   1038       1.037003         5.4474507
   1039       1.038005         5.4475174
   1040       1.039008         5.4475838
   1041       1.040011         5.4476498
   1042       1.041013         5.4477156
   1043       1.042016         5.4477811
   1044       1.043019         5.4478463
   1045       1.044000         5.4479098
   1046       1.045003         5.4479744
   1047       1.046005         5.4480387
   1048       1.047008         5.4481027
   1049       1.048011         5.4481664
   1050       1.049013         5.4482299
   1051       1.050016         5.4482930
   1052       1.051019         5.4483559
   1053       1.052000         5.4484171
   1054       1.053003         5.4484794
   1055       1.054005         5.4485415
   1056       1.055008         5.4486032
   1057       1.056011         5.4486646
   1058       1.057013         5.4487258
   1059       1.058016         5.4487867
   1060       1.059019         5.4488473
   1061       1.060000         5.4489064
   1062       1.061003         5.4489665
   1063       1.062005         5.4490263
   1064       1.063008         5.4490858
   1065       1.064011         5.4491451
   1066       1.065013         5.4492041
   1067       1.066016         5.4492628
   1068       1.067019         5.4493213
   1069       1.068000         5.4493782
   1070       1.069003         5.4494362
   1071       1.070005         5.4494939
   1072       1.071008         5.4495513
   1073       1.072011         5.4496084
   1074       1.073013         5.4496653
   1075       1.074016         5.4497220
   1076       1.075019         5.4497783
   1077       1.076000         5.4498333
   1078       1.077003         5.4498892
   1079       1.078005         5.4499448
   1080       1.079008         5.4500001
   1081       1.080011         5.4500553
   1082       1.081013         5.4501101
   1083       1.082016         5.4501647
   1084       1.083019         5.4502191
   1085       1.084000         5.4502721
   1086       1.085003         5.4503260
   1087       1.086005         5.4503796
   1088       1.087008         5.4504330
   1089       1.088011         5.4504862
   1090       1.089013         5.4505391
   1091       1.090016         5.4505918
   1092       1.091019         5.4506442
   1093       1.092000         5.4506953
   1094       1.093003         5.4507472
   1095       1.094005         5.4507990
   1096       1.095008         5.4508505
   1097       1.096011         5.4509017
   1098       1.097013         5.4509527
   1099       1.098016         5.4510035
   1100       1.099019         5.4510541
   1101       1.100000         5.4511034
   1102       1.101003         5.4511535
   1103       1.102005         5.4512034
   1104       1.103008         5.4512530
   1105       1.104011         5.4513025
   1106       1.105013         5.4513517
   1107       1.106016         5.4514007
   1108       1.107019         5.4514494
   1109       1.108000         5.4514969
   1110       1.109003         5.4515453
   1111       1.110005         5.4515934
   1112       1.111008         5.4516413
   1113       1.112011         5.4516889
   1114       1.113013         5.4517364
   1115       1.114016         5.4517836
   1116       1.115019         5.4518307
   1117       1.116000         5.4518765
   1118       1.117003         5.4519231
   1119       1.118005         5.4519695
   1120       1.119008         5.4520157
   1121       1.120011         5.4520616
   1122       1.121013         5.4521074
   1123       1.122016         5.4521530
   1124       1.123019         5.4521983
   1125       1.124000         5.4522425
   1126       1.125003         5.4522874
   1127       1.126005         5.4523322
   1128       1.127008         5.4523767
   1129       1.128011         5.4524211
   1130       1.129013         5.4524652
   1131       1.130016         5.4525091
   1132       1.131019         5.4525529
   1133       1.132000         5.4525955
   1134       1.133003         5.4526388
   1135       1.134005         5.4526820
   1136       1.135008         5.4527249
   1137       1.136011         5.4527677
   1138       1.137013         5.4528102
   1139       1.138016         5.4528526
   1140       1.139019         5.4528948
   1141       1.140000         5.4529359
   1142       1.141003         5.4529777
   1143       1.142005         5.4530193
   1144       1.143008         5.4530607
   1145       1.144011         5.4531019
   1146       1.145013         5.4531430
   1147       1.146016         5.4531839
   1148       1.147019         5.4532245
   1149       1.148000         5.4532642
   1150       1.149003         5.4533045
   1151       1.150005         5.4533446
   1152       1.151008         5.4533845
   1153       1.152011         5.4534243
   1154       1.153013         5.4534639
   1155       1.154016         5.4535033
   1156       1.155019         5.4535425
   1157       1.156000         5.4535807
   1158       1.157003         5.4536196
   1159       1.158005         5.4536583
   1160       1.159008         5.4536968
   1161       1.160011         5.4537352
   1162       1.161013         5.4537734
   1163       1.162016         5.4538114
   1164       1.163019         5.4538492
   1165       1.164000         5.4538860
   1166       1.165003         5.4539235
   1167       1.166005         5.4539608
   1168       1.167008         5.4539980
   1169       1.168011         5.4540350
   1170       1.169013         5.4540718
   1171       1.170016         5.4541084
   1172       1.171019         5.4541449
   1173       1.172000         5.4541805
   1174       1.173003         5.4542166
   1175       1.174005         5.4542526
   1176       1.175008         5.4542884
   1177       1.176011         5.4543241
   1178       1.177013         5.4543596
   1179       1.178016         5.4543949
   1180       1.179019         5.4544301
   1181       1.180000         5.4544644
   1182       1.181003         5.4544993
   1183       1.182005         5.4545340
   1184       1.183008         5.4545685
   1185       1.184011         5.4546029
   1186       1.185013         5.4546371
   1187       1.186016         5.4546712
   1188       1.187019         5.4547052
   1189       1.188000         5.4547382
   1190       1.189003         5.4547718
   1191       1.190005         5.4548053
   1192       1.191008         5.4548386
   1193       1.192011         5.4548718
   1194       1.193013         5.4549048
   1195       1.194016         5.4549377
   1196       1.195019         5.4549704
   1197       1.196000         5.4550023
   1198       1.197003         5.4550347
   1199       1.198005         5.4550670
   1200       1.199008         5.4550991
   1201       1.200011         5.4551311
   1202       1.201013         5.4551629
   1203       1.202016         5.4551946
   1204       1.203019         5.4552262
   1205       1.204000         5.4552569
   1206       1.205003         5.4552882
   1207       1.206005         5.4553193
   1208       1.207008         5.4553503
   1209       1.208011         5.4553811
   1210       1.209013         5.4554119
   1211       1.210016         5.4554424
   1212       1.211019         5.4554728
   1213       1.212000         5.4555025
   1214       1.213003         5.4555327
   1215       1.214005         5.4555627
   1216       1.215008         5.4555926
   1217       1.216011         5.4556223
   1218       1.217013         5.4556519
   1219       1.218016         5.4556814
   1220       1.219019         5.4557107
   1221       1.220000         5.4557393
   1222       1.221003         5.4557684
   1223       1.222005         5.4557974
   1224       1.223008         5.4558262
   1225       1.224011         5.4558549
   1226       1.225013         5.4558834
   1227       1.226016         5.4559118
   1228       1.227019         5.4559401
   1229       1.228000         5.4559677
   1230       1.229003         5.4559958
   1231       1.230005         5.4560237
   1232       1.231008         5.4560515
   1233       1.232011         5.4560791
   1234       1.233013         5.4561067
   1235       1.234016         5.4561341
   1236       1.235019         5.4561614
   1237       1.236000         5.4561880
   1238       1.237003         5.4562150
   1239       1.238005         5.4562419
   1240       1.239008         5.4562687
   1241       1.240011         5.4562954
   1242       1.241013         5.4563220
   1243       1.242016         5.4563484
   1244       1.243019         5.4563747
   1245       1.244000         5.4564004
   1246       1.245003         5.4564265
   1247       1.246005         5.4564524
   1248       1.247008         5.4564783
   1249       1.248011         5.4565040
   1250       1.249013         5.4565296
   1251       1.250016         5.4565551
   1252       1.251019         5.4565805
   1253       1.252000         5.4566052
   1254       1.253003         5.4566304
   1255       1.254005         5.4566554
   1256       1.255008         5.4566803
   1257       1.256011         5.4567051
   1258       1.257013         5.4567298
   1259       1.258016         5.4567544
   1260       1.259019         5.4567789
   1261       1.260000         5.4568028
   1262       1.261003         5.4568270
   1263       1.262005         5.4568512
   1264       1.263008         5.4568752
   1265       1.264011         5.4568991
   1266       1.265013         5.4569229
   1267       1.266016         5.4569467
   1268       1.267019         5.4569703
   1269       1.268000         5.4569933
   1270       1.269003         5.4570167
   1271       1.270005         5.4570399
   1272       1.271008         5.4570631
   1273       1.272011         5.4570862
   1274       1.273013         5.4571092
   1275       1.274016         5.4571320
   1276       1.275019         5.4571548
   1277       1.276000         5.4571770
   1278       1.277003         5.4571995
   1279       1.278005         5.4572220
   1280       1.279008         5.4572443
   1281       1.280011         5.4572666
   1282       1.281013         5.4572888
   1283       1.282016         5.4573108
   1284       1.283019         5.4573328
   1285       1.284000         5.4573541
   1286       1.285003         5.4573759
   1287       1.286005         5.4573976
   1288       1.287008         5.4574191
   1289       1.288011         5.4574406
   1290       1.289013         5.4574619
   1291       1.290016         5.4574832
   1292       1.291019         5.4575044
   1293       1.292000         5.4575250
   1294       1.293003         5.4575460
   1295       1.294005         5.4575669
   1296       1.295008         5.4575877
   1297       1.296011         5.4576084
   1298       1.297013         5.4576290
   1299       1.298016         5.4576495
   1300       1.299019         5.4576699
   1301       1.300000         5.4576898
   1302       1.301003         5.4577100
   1303       1.302005         5.4577301
   1304       1.303008         5.4577502
   1305       1.304011         5.4577702
   1306       1.305013         5.4577900
   1307       1.306016         5.4578098
   1308       1.307019         5.4578295
   1309       1.308000         5.4578487
   1310       1.309003         5.4578682
   1311       1.310005         5.4578876
   1312       1.311008         5.4579069
   1313       1.312011         5.4579262
   1314       1.313013         5.4579454
   1315       1.314016         5.4579644
   1316       1.315019         5.4579834
   1317       1.316000         5.4580019
   1318       1.317003         5.4580207
   1319       1.318005         5.4580395
   1320       1.319008         5.4580581
   1321       1.320011         5.4580767
   1322       1.321013         5.4580951
   1323       1.322016         5.4581135
   1324       1.323019         5.4581319
   1325       1.324000         5.4581497
   1326       1.325003         5.4581678
   1327       1.326005         5.4581859
   1328       1.327008         5.4582039
   1329       1.328011         5.4582218
   1330       1.329013         5.4582396
   1331       1.330016         5.4582573
   1332       1.331019         5.4582750
   1333       1.332000         5.4582922
   1334       1.333003         5.4583097
   1335       1.334005         5.4583271
   1336       1.335008         5.4583445
   1337       1.336011         5.4583617
   1338       1.337013         5.4583789
   1339       1.338016         5.4583960
   1340       1.339019         5.4584130
   1341       1.340000         5.4584296
   1342       1.341003         5.4584465
   1343       1.342005         5.4584633
   1344       1.343008         5.4584800
   1345       1.344011         5.4584967
   1346       1.345013         5.4585133
   1347       1.346016         5.4585298
   1348       1.347019         5.4585462
   1349       1.348000         5.4585622
   1350       1.349003         5.4585785
   1351       1.350005         5.4585947
   1352       1.351008         5.4586108
   1353       1.352011         5.4586268
   1354       1.353013         5.4586428
   1355       1.354016         5.4586587
   1356       1.355019         5.4586746
   1357       1.356000         5.4586900
   1358       1.357003         5.4587057
   1359       1.358005         5.4587213
   1360       1.359008         5.4587369
   1361       1.360011         5.4587524
   1362       1.361013         5.4587678
   1363       1.362016         5.4587831
   1364       1.363019         5.4587984
   1365       1.364000         5.4588133
   1366       1.365003         5.4588284
   1367       1.366005         5.4588435
   1368       1.367008         5.4588585
   1369       1.368011         5.4588734
   1370       1.369013         5.4588883
   1371       1.370016         5.4589031
   1372       1.371019         5.4589178
   1373       1.372000         5.4589321
   1374       1.373003         5.4589467
   1375       1.374005         5.4589613
   1376       1.375008         5.4589757
   1377       1.376011         5.4589901
   1378       1.377013         5.4590045
   1379       1.378016         5.4590187
   1380       1.379019         5.4590329
   1381       1.380000         5.4590468
   1382       1.381003         5.4590608
   1383       1.382005         5.4590749
   1384       1.383008         5.4590888
   1385       1.384011         5.4591027
   1386       1.385013         5.4591165
   1387       1.386016         5.4591303
   1388       1.387019         5.4591440
   1389       1.388000         5.4591573
   1390       1.389003         5.4591709
   1391       1.390005         5.4591844
   1392       1.391008         5.4591979
   1393       1.392011         5.4592113
   1394       1.393013         5.4592246
   1395       1.394016         5.4592379
   1396       1.395019         5.4592511
   1397       1.396000         5.4592639
   1398       1.397003         5.4592770
   1399       1.398005         5.4592901
   1400       1.399008         5.4593030
   1401       1.400011         5.4593159
   1402       1.401013         5.4593288
   1403       1.402016         5.4593416
   1404       1.403019         5.4593543
   1405       1.404000         5.4593667
   1406       1.405003         5.4593794
   1407       1.406005         5.4593919
   1408       1.407008         5.4594045
   1409       1.408011         5.4594169
   1410       1.409013         5.4594293
   1411       1.410016         5.4594416
   1412       1.411019         5.4594539
   1413       1.412000         5.4594659
   1414       1.413003         5.4594781
   1415       1.414005         5.4594902
   1416       1.415008         5.4595023
   1417       1.416011         5.4595143
   1418       1.417013         5.4595262
   1419       1.418016         5.4595381
   1420       1.419019         5.4595500
   1421       1.420000         5.4595615
   1422       1.421003         5.4595733
   1423       1.422005         5.4595849
   1424       1.423008         5.4595966
   1425       1.424011         5.4596082
   1426       1.425013         5.4596197
   1427       1.426016         5.4596312
   1428       1.427019         5.4596426
   1429       1.428000         5.4596537
   1430       1.429003         5.4596651
   1431       1.430005         5.4596763
   1432       1.431008         5.4596875
   1433       1.432011         5.4596987
   1434       1.433013         5.4597098
   1435       1.434016         5.4597209
   1436       1.435019         5.4597319
   1437       1.436000         5.4597427
   1438       1.437003         5.4597536
   1439       1.438005         5.4597644
   1440       1.439008         5.4597753
   1441       1.440011         5.4597860
   1442       1.441013         5.4597968
   1443       1.442016         5.4598074
   1444       1.443019         5.4598181
   1445       1.444000         5.4598284
   1446       1.445003         5.4598389
   1447       1.446005         5.4598494
   1448       1.447008         5.4598599
   1449       1.448011         5.4598703
   1450       1.449013         5.4598806
   1451       1.450016         5.4598909
   1452       1.451019         5.4599011
   1453       1.452000         5.4599111
   1454       1.453003         5.4599213
   1455       1.454005         5.4599314
   1456       1.455008         5.4599414
   1457       1.456011         5.4599515
   1458       1.457013         5.4599614
   1459       1.458016         5.4599714
   1460       1.459019         5.4599812
   1461       1.460000         5.4599909
   1462       1.461003         5.4600007
   1463       1.462005         5.4600104
   1464       1.463008         5.4600201
   1465       1.464011         5.4600298
   1466       1.465013         5.4600394
   1467       1.466016         5.4600490
   1468       1.467019         5.4600585
   1469       1.468000         5.4600678
   1470       1.469003         5.4600772
   1471       1.470005         5.4600866
   1472       1.471008         5.4600960
   1473       1.472011         5.4601053
   1474       1.473013         5.4601146
   1475       1.474016         5.4601238
   1476       1.475019         5.4601330
   1477       1.476000         5.4601420
   1478       1.477003         5.4601511
   1479       1.478005         5.4601601
   1480       1.479008         5.4601692
   1481       1.480011         5.4601781
   1482       1.481013         5.4601871
   1483       1.482016         5.4601960
   1484       1.483019         5.4602049
   1485       1.484000         5.4602135
   1486       1.485003         5.4602223
   1487       1.486005         5.4602310
   1488       1.487008         5.4602397
   1489       1.488011         5.4602484
   1490       1.489013         5.4602570
   1491       1.490016         5.4602656
   1492       1.491019         5.4602741
   1493       1.492000         5.4602825
   1494       1.493003         5.4602909
   1495       1.494005         5.4602994
   1496       1.495008         5.4603078
   1497       1.496011         5.4603161
   1498       1.497013         5.4603244
   1499       1.498016         5.4603327
   1500       1.499019         5.4603410
   1501       1.500000         5.4603490
   1502       1.501003         5.4603572
   1503       1.502005         5.4603653
   1504       1.503008         5.4603734
   1505       1.504011         5.4603815
   1506       1.505013         5.4603895
   1507       1.506016         5.4603975
   1508       1.507019         5.4604054
   1509       1.508000         5.4604132
   1510       1.509003         5.4604210
   1511       1.510005         5.4604289
   1512       1.511008         5.4604367
   1513       1.512011         5.4604445
   1514       1.513013         5.4604522
   1515       1.514016         5.4604599
   1516       1.515019         5.4604676
   1517       1.516000         5.4604750
   1518       1.517003         5.4604826
   1519       1.518005         5.4604902
   1520       1.519008         5.4604977
   1521       1.520011         5.4605052
   1522       1.521013         5.4605127
   1523       1.522016         5.4605201
   1524       1.523019         5.4605275
   1525       1.524000         5.4605347
   1526       1.525003         5.4605420
   1527       1.526005         5.4605493
   1528       1.527008         5.4605566
   1529       1.528011         5.4605638
   1530       1.529013         5.4605710
   1531       1.530016         5.4605782
   1532       1.531019         5.4605853
   1533       1.532000         5.4605922
   1534       1.533003         5.4605993
   1535       1.534005         5.4606063
   1536       1.535008         5.4606133
   1537       1.536011         5.4606203
   1538       1.537013         5.4606272
   1539       1.538016         5.4606341
   1540       1.539019         5.4606410
   1541       1.540000         5.4606477
   1542       1.541003         5.4606545
   1543       1.542005         5.4606613
   1544       1.543008         5.4606681
   1545       1.544011         5.4606748
   1546       1.545013         5.4606815
   1547       1.546016         5.4606881
   1548       1.547019         5.4606948
   1549       1.548000         5.4607012
   1550       1.549003         5.4607078
   1551       1.550005         5.4607143
   1552       1.551008         5.4607209
   1553       1.552011         5.4607273
   1554       1.553013         5.4607338
   1555       1.554016         5.4607402
   1556       1.555019         5.4607466
   1557       1.556000         5.4607528
   1558       1.557003         5.4607592
   1559       1.558005         5.4607655
   1560       1.559008         5.4607718
   1561       1.560011         5.4607780
   1562       1.561013         5.4607842
   1563       1.562016         5.4607904
   1564       1.563019         5.4607966
   1565       1.564000         5.4608026
   1566       1.565003         5.4608087
   1567       1.566005         5.4608148
   1568       1.567008         5.4608209
   1569       1.568011         5.4608269
   1570       1.569013         5.4608329
   1571       1.570016         5.4608389
   1572       1.571019         5.4608448
   1573       1.572000         5.4608506
   1574       1.573003         5.4608565
   1575       1.574005         5.4608624
   1576       1.575008         5.4608682
   1577       1.576011         5.4608740
   1578       1.577013         5.4608798
   1579       1.578016         5.4608856
   1580       1.579019         5.4608913
   1581       1.580000         5.4608969
   1582       1.581003         5.4609026
   1583       1.582005         5.4609082
   1584       1.583008         5.4609139
   1585       1.584011         5.4609195
   1586       1.585013         5.4609250
   1587       1.586016         5.4609306
   1588       1.587019         5.4609361
   1589       1.588000         5.4609415
   1590       1.589003         5.4609470
   1591       1.590005         5.4609525
   1592       1.591008         5.4609579
   1593       1.592011         5.4609633
   1594       1.593013         5.4609687
   1595       1.594016         5.4609740
   1596       1.595019         5.4609794
   1597       1.596000         5.4609846
   1598       1.597003         5.4609898
   1599       1.598005         5.4609951
   1600       1.599008         5.4610003
   1601       1.600011         5.4610056
   1602       1.601013         5.4610108
   1603       1.602016         5.4610159
   1604       1.603019         5.4610211
   1605       1.604000         5.4610261
   1606       1.605003         5.4610312
   1607       1.606005         5.4610362
   1608       1.607008         5.4610413
   1609       1.608011         5.4610463
   1610       1.609013         5.4610513
   1611       1.610016         5.4610563
   1612       1.611019         5.4610613
   1613       1.612000         5.4610661
   1614       1.613003         5.4610710
   1615       1.614005         5.4610759
   1616       1.615008         5.4610808
   1617       1.616011         5.4610856
   1618       1.617013         5.4610905
   1619       1.618016         5.4610953
   1620       1.619019         5.4611000
   1621       1.620000         5.4611047
   1622       1.621003         5.4611095
   1623       1.622005         5.4611142
   1624       1.623008         5.4611189
   1625       1.624011         5.4611235
   1626       1.625013         5.4611282
   1627       1.626016         5.4611328
   1628       1.627019         5.4611374
   1629       1.628000         5.4611419
   1630       1.629003         5.4611465
   1631       1.630005         5.4611511
   1632       1.631008         5.4611556
   1633       1.632011         5.4611601
   1634       1.633013         5.4611646
   1635       1.634016         5.4611691
   1636       1.635019         5.4611735
   1637       1.636000         5.4611778
   1638       1.637003         5.4611823
   1639       1.638005         5.4611866
   1640       1.639008         5.4611910
   1641       1.640011         5.4611954
   1642       1.641013         5.4611997
   1643       1.642016         5.4612040
   1644       1.643019         5.4612083
   1645       1.644000         5.4612125
   1646       1.645003         5.4612167
   1647       1.646005         5.4612210
   1648       1.647008         5.4612252
   1649       1.648011         5.4612294
   1650       1.649013         5.4612335
   1651       1.650016         5.4612377
   1652       1.651019         5.4612418
   1653       1.652000         5.4612459
   1654       1.653003         5.4612500
   1655       1.654005         5.4612540
   1656       1.655008         5.4612581
   1657       1.656011         5.4612621
   1658       1.657013         5.4612662
   1659       1.658016         5.4612702
   1660       1.659019         5.4612742
   1661       1.660000         5.4612781
   1662       1.661003         5.4612820
   1663       1.662005         5.4612860
   1664       1.663008         5.4612899
   1665       1.664011         5.4612938
   1666       1.665013         5.4612977
   1667       1.666016         5.4613015
   1668       1.667019         5.4613054
   1669       1.668000         5.4613091
   1670       1.669003         5.4613129
   1671       1.670005         5.4613167
   1672       1.671008         5.4613205
   1673       1.672011         5.4613243
   1674       1.673013         5.4613280
   1675       1.674016         5.4613317
   1676       1.675019         5.4613354
   1677       1.676000         5.4613391
   1678       1.677003         5.4613427
   1679       1.678005         5.4613464
   1680       1.679008         5.4613500
   1681       1.680011         5.4613537
   1682       1.681013         5.4613573
   1683       1.682016         5.4613609
   1684       1.683019         5.4613645
   1685       1.684000         5.4613679
   1686       1.685003         5.4613715
   1687       1.686005         5.4613750
   1688       1.687008         5.4613785
   1689       1.688011         5.4613820
   1690       1.689013         5.4613855
   1691       1.690016         5.4613890
   1692       1.691019         5.4613924
   1693       1.692000         5.4613958
   1694       1.693003         5.4613992
   1695       1.694005         5.4614026
   1696       1.695008         5.4614060
   1697       1.696011         5.4614094
   1698       1.697013         5.4614127
   1699       1.698016         5.4614161
   1700       1.699019         5.4614194
   1701       1.700000         5.4614227
   1702       1.701003         5.4614260
   1703       1.702005         5.4614292
   1704       1.703008         5.4614325
   1705       1.704011         5.4614358
   1706       1.705013         5.4614390
   1707       1.706016         5.4614422
   1708       1.707019         5.4614454
   1709       1.708000         5.4614486
   1710       1.709003         5.4614517
   1711       1.710005         5.4614549
   1712       1.711008         5.4614581
   1713       1.712011         5.4614612
   1714       1.713013         5.4614643
   1715       1.714016         5.4614674
   1716       1.715019         5.4614705
   1717       1.716000         5.4614735
   1718       1.717003         5.4614766
   1719       1.718005         5.4614797
   1720       1.719008         5.4614827
   1721       1.720011         5.4614857
   1722       1.721013         5.4614887
   1723       1.722016         5.4614917
   1724       1.723019         5.4614947
   1725       1.724000         5.4614976
   1726       1.725003         5.4615006
   1727       1.726005         5.4615035
   1728       1.727008         5.4615065
   1729       1.728011         5.4615094
   1730       1.729013         5.4615123
   1731       1.730016         5.4615152
   1732       1.731019         5.4615181
   1733       1.732000         5.4615209
   1734       1.733003         5.4615237
   1735       1.734005         5.4615265
   1736       1.735008         5.4615294
   1737       1.736011         5.4615322
   1738       1.737013         5.4615350
   1739       1.738016         5.4615378
   1740       1.739019         5.4615406
   1741       1.740000         5.4615433
   1742       1.741003         5.4615460
   1743       1.742005         5.4615487
   1744       1.743008         5.4615515
   1745       1.744011         5.4615542
   1746       1.745013         5.4615569
   1747       1.746016         5.4615596
   1748       1.747019         5.4615623
   1749       1.748000         5.4615649
   1750       1.749003         5.4615675
   1751       1.750005         5.4615702
   1752       1.751008         5.4615728
   1753       1.752011         5.4615754
   1754       1.753013         5.4615780
   1755       1.754016         5.4615806
   1756       1.755019         5.4615832
   1757       1.756000         5.4615857
   1758       1.757003         5.4615883
   1759       1.758005         5.4615908
   1760       1.759008         5.4615933
   1761       1.760011         5.4615959
   1762       1.761013         5.4615984
   1763       1.762016         5.4616009
   1764       1.763019         5.4616034
   1765       1.764000         5.4616058
   1766       1.765003         5.4616083
   1767       1.766005         5.4616107
   1768       1.767008         5.4616132
   1769       1.768011         5.4616156
   1770       1.769013         5.4616180
   1771       1.770016         5.4616204
   1772       1.771019         5.4616228
   1773       1.772000         5.4616252
   1774       1.773003         5.4616275
   1775       1.774005         5.4616299
   1776       1.775008         5.4616323
   1777       1.776011         5.4616346
   1778       1.777013         5.4616370
   1779       1.778016         5.4616393
   1780       1.779019         5.4616416
   1781       1.780000         5.4616439
   1782       1.781003         5.4616462
   1783       1.782005         5.4616484
   1784       1.783008         5.4616507
   1785       1.784011         5.4616530
   1786       1.785013         5.4616552
   1787       1.786016         5.4616575
   1788       1.787019         5.4616597
   1789       1.788000         5.4616619
   1790       1.789003         5.4616641
   1791       1.790005         5.4616663
   1792       1.791008         5.4616685
   1793       1.792011         5.4616707
   1794       1.793013         5.4616728
   1795       1.794016         5.4616750
   1796       1.795019         5.4616772
   1797       1.796000         5.4616793
   1798       1.797003         5.4616814
   1799       1.798005         5.4616835
   1800       1.799008         5.4616856
   1801       1.800011         5.4616877
   1802       1.801013         5.4616898
   1803       1.802016         5.4616919
   1804       1.803019         5.4616940
   1805       1.804000         5.4616960
   1806       1.805003         5.4616981
   1807       1.806005         5.4617001
   1808       1.807008         5.4617022
   1809       1.808011         5.4617042
   1810       1.809013         5.4617062
   1811       1.810016         5.4617082
   1812       1.811019         5.4617102
   1813       1.812000         5.4617122
   1814       1.813003         5.4617142
   1815       1.814005         5.4617161
   1816       1.815008         5.4617181
   1817       1.816011         5.4617201
   1818       1.817013         5.4617220
   1819       1.818016         5.4617240
   1820       1.819019         5.4617259
   1821       1.820000         5.4617278
   1822       1.821003         5.4617297
   1823       1.822005         5.4617316
   1824       1.823008         5.4617335
   1825       1.824011         5.4617354
   1826       1.825013         5.4617372
   1827       1.826016         5.4617391
   1828       1.827019         5.4617410
   1829       1.828000         5.4617428
   1830       1.829003         5.4617446
   1831       1.830005         5.4617465
   1832       1.831008         5.4617483
   1833       1.832011         5.4617501
   1834       1.833013         5.4617519
   1835       1.834016         5.4617537
   1836       1.835019         5.4617555
   1837       1.836000         5.4617573
   1838       1.837003         5.4617591
   1839       1.838005         5.4617608
   1840       1.839008         5.4617626
   1841       1.840011         5.4617644
   1842       1.841013         5.4617661
   1843       1.842016         5.4617679
   1844       1.843019         5.4617696
   1845       1.844000         5.4617713
   1846       1.845003         5.4617730
   1847       1.846005         5.4617747
   1848       1.847008         5.4617764
   1849       1.848011         5.4617781
   1850       1.849013         5.4617798
   1851       1.850016         5.4617815
   1852       1.851019         5.4617831
   1853       1.852000         5.4617848
   1854       1.853003         5.4617864
   1855       1.854005         5.4617881
   1856       1.855008         5.4617897
   1857       1.856011         5.4617913
   1858       1.857013         5.4617930
   1859       1.858016         5.4617946
   1860       1.859019         5.4617962
   1861       1.860000         5.4617978
   1862       1.861003         5.4617994
   1863       1.862005         5.4618009
   1864       1.863008         5.4618025
   1865       1.864011         5.4618041
   1866       1.865013         5.4618057
   1867       1.866016         5.4618072
   1868       1.867019         5.4618088
   1869       1.868000         5.4618103
   1870       1.869003         5.4618118
   1871       1.870005         5.4618134
   1872       1.871008         5.4618149
   1873       1.872011         5.4618164
   1874       1.873013         5.4618179
   1875       1.874016         5.4618194
   1876       1.875019         5.4618209
   1877       1.876000         5.4618224
   1878       1.877003         5.4618239
   1879       1.878005         5.4618253
   1880       1.879008         5.4618268
   1881       1.880011         5.4618283
   1882       1.881013         5.4618297
   1883       1.882016         5.4618312
   1884       1.883019         5.4618326
   1885       1.884000         5.4618340
   1886       1.885003         5.4618355
   1887       1.886005         5.4618369
   1888       1.887008         5.4618383
   1889       1.888011         5.4618397
   1890       1.889013         5.4618411
   1891       1.890016         5.4618425
   1892       1.891019         5.4618439
   1893       1.892000         5.4618453
   1894       1.893003         5.4618467
   1895       1.894005         5.4618480
   1896       1.895008         5.4618494
   1897       1.896011         5.4618508
   1898       1.897013         5.4618521
   1899       1.898016         5.4618535
   1900       1.899019         5.4618548
   1901       1.900000         5.4618561
   1902       1.901003         5.4618575
   1903       1.902005         5.4618588
   1904       1.903008         5.4618601
   1905       1.904011         5.4618614
   1906       1.905013         5.4618627
   1907       1.906016         5.4618640
   1908       1.907019         5.4618653
   1909       1.908000         5.4618666
   1910       1.909003         5.4618679
   1911       1.910005         5.4618692
   1912       1.911008         5.4618704
   1913       1.912011         5.4618717
   1914       1.913013         5.4618730
   1915       1.914016         5.4618742
   1916       1.915019         5.4618755
   1917       1.916000         5.4618767
   1918       1.917003         5.4618779
   1919       1.918005         5.4618791
   1920       1.919008         5.4618804
   1921       1.920011         5.4618816
   1922       1.921013         5.4618828
   1923       1.922016         5.4618840
   1924       1.923019         5.4618852
   1925       1.924000         5.4618864
   1926       1.925003         5.4618876
   1927       1.926005         5.4618888
   1928       1.927008         5.4618900
   1929       1.928011         5.4618911
   1930       1.929013         5.4618923
   1931       1.930016         5.4618935
   1932       1.931019         5.4618947
   1933       1.932000         5.4618958
   1934       1.933003         5.4618969
   1935       1.934005         5.4618981
   1936       1.935008         5.4618992
   1937       1.936011         5.4619004
   1938       1.937013         5.4619015
   1939       1.938016         5.4619026
   1940       1.939019         5.4619037
   1941       1.940000         5.4619048
   1942       1.941003         5.4619059
   1943       1.942005         5.4619070
   1944       1.943008         5.4619081
   1945       1.944011         5.4619092
   1946       1.945013         5.4619103
   1947       1.946016         5.4619114
   1948       1.947019         5.4619125
   1949       1.948000         5.4619136
   1950       1.949003         5.4619146
   1951       1.950005         5.4619157
   1952       1.951008         5.4619168
   1953       1.952011         5.4619178
   1954       1.953013         5.4619189
   1955       1.954016         5.4619199
   1956       1.955019         5.4619209
   1957       1.956000         5.4619220
   1958       1.957003         5.4619230
   1959       1.958005         5.4619240
   1960       1.959008         5.4619250
   1961       1.960011         5.4619261
   1962       1.961013         5.4619271
   1963       1.962016         5.4619281
   1964       1.963019         5.4619291
   1965       1.964000         5.4619301
   1966       1.965003         5.4619311
   1967       1.966005         5.4619321
   1968       1.967008         5.4619331
   1969       1.968011         5.4619340
   1970       1.969013         5.4619350
   1971       1.970016         5.4619360
   1972       1.971019         5.4619370
   1973       1.972000         5.4619379
   1974       1.973003         5.4619389
   1975       1.974005         5.4619398
   1976       1.975008         5.4619408
   1977       1.976011         5.4619417
   1978       1.977013         5.4619427
   1979       1.978016         5.4619436
   1980       1.979019         5.4619445
   1981       1.980000         5.4619454
   1982       1.981003         5.4619464
   1983       1.982005         5.4619473
   1984       1.983008         5.4619482
   1985       1.984011         5.4619491
   1986       1.985013         5.4619500
   1987       1.986016         5.4619509
   1988       1.987019         5.4619518
   1989       1.988000         5.4619527
   1990       1.989003         5.4619536
   1991       1.990005         5.4619545
   1992       1.991008         5.4619554
   1993       1.992011         5.4619563
   1994       1.993013         5.4619571
   1995       1.994016         5.4619580
   1996       1.995019         5.4619589
   1997       1.996000         5.4619597
   1998       1.997003         5.4619606
   1999       1.998005         5.4619615
   2000       1.999008         5.4619623
   2001       2.000011         5.4619632
