      1       0.0000000         0.0499665
      2       0.0000013         0.3761232
      3       0.0000027         0.3977005
      4       0.0000040         0.4177659
      5       0.0000053         0.4364000
      6       0.0000067         0.4536147
      7       0.0000080         0.4694508
      8       0.0000093         0.4839586
      9       0.0000107         0.4971960
     10       0.0000120         0.5092262
     11       0.0000133         0.5201149
     12       0.0000147         0.5299293
     13       0.0000160         0.5387365
     14       0.0000173         0.5466025
     15       0.0000187         0.5565154
     16       0.0000200         3.4564911
     17       0.0000213         4.4997686
     18       0.0000227         4.4164181
     19       0.0000240         4.3356120
     20       0.0000253         4.2570793
     21       0.0000267         4.1809354
     22       0.0000280         4.1072185
     23       0.0000293         4.0359346
     24       0.0000307         3.9670651
     25       0.0000320         3.9005719
     26       0.0000333         3.8364034
     27       0.0000347         3.7744977
     28       0.0000360         3.7147859
     29       0.0000373         3.6571948
     30       0.0000387         3.6016483
     31       0.0000400         3.7939896
     32       0.0000413         4.9101608
     33       0.0000427         4.8936059
     34       0.0000440         4.8744246
     35       0.0000453         4.8524923
     36       0.0000467         4.8283665
     37       0.0000480         4.8024584
     38       0.0000493         4.7751243
     39       0.0000507         4.7466653
     40       0.0000520         4.7173366
     41       0.0000533         4.6873544
     42       0.0000547         4.6569013
     43       0.0000560         4.6261315
     44       0.0000573         4.5951748
     45       0.0000587         4.5641403
     46       0.0000600         4.5439833
     47       0.0000613         4.8529106
     48       0.0000627         4.8569262
     49       0.0000640         4.8601465
     50       0.0000653         4.8622469
     51       0.0000667         4.8632456
     52       0.0000680         4.8631558
     53       0.0000693         4.8620057
     54       0.0000707         4.8598306
     55       0.0000720         4.8566722
     56       0.0000733         4.8525762
     57       0.0000747         4.8475905
     58       0.0000760         4.8417647
     59       0.0000773         4.8351486
     60       0.0000787         4.8277915
     61       0.0000800         4.8197419
     62       0.0000813         4.8807806
     63       0.0000827         4.8837879
     64       0.0000840         4.8869961
     65       0.0000853         4.8901744
     66       0.0000867         4.8932193
     67       0.0000880         4.8960573
     68       0.0000893         4.8986258
     69       0.0000907         4.9008765
     70       0.0000920         4.9027717
     71       0.0000933         4.9042828
     72       0.0000947         4.9053894
     73       0.0000960         4.9060773
     74       0.0000973         4.9063381
     75       0.0000987         4.9061678
     76       0.0001000         4.9055665
     77       0.0001013         4.9045371
     78       0.0001027         4.9033046
     79       0.0001040         4.9020476
     80       0.0001053         4.9007261
     81       0.0001067         4.8993547
     82       0.0001080         4.8979464
     83       0.0001093         4.8965124
     84       0.0001107         4.8950600
     85       0.0001120         4.8935942
     86       0.0001133         4.8921175
     87       0.0001147         4.8906308
     88       0.0001160         4.8891332
     89       0.0001173         4.8876228
     90       0.0001187         4.8860967
     91       0.0001200         4.8845511
     92       0.0001213         4.8829819
     93       0.0001227         4.8813847
     94       0.0001240         4.8797546
     95       0.0001253         4.8780882
     96       0.0001267         4.8763942
     97       0.0001280         4.8746717
     98       0.0001293         4.8729245
     99       0.0001307         4.8711550
    100       0.0001320         4.8693660
    101       0.0001333         4.8675602
    102       0.0001347         4.8657401
    103       0.0001360         4.8639080
    104       0.0001373         4.8620661
    105       0.0001387         4.8602161
    106       0.0001400         4.8583599
    107       0.0001413         4.8564988
    108       0.0001427         4.8546340
    109       0.0001440         4.8527665
    110       0.0001453         4.8508970
    111       0.0001467         4.8490262
    112       0.0001480         4.8471545
    113       0.0001493         4.8452825
    114       0.0001507         4.8434107
    115       0.0001520         4.8415397
    116       0.0001533         4.8396700
    117       0.0001547         4.8378025
    118       0.0001560         4.8359376
    119       0.0001573         4.8340762
    120       0.0001587         4.8322191
    121       0.0001600         4.8303669
    122       0.0001613         4.8285206
    123       0.0001627         4.8266810
    124       0.0001640         4.8248489
    125       0.0001653         4.8230250
    126       0.0001667         4.8212102
    127       0.0001680         4.8194053
    128       0.0001693         4.8176108
    129       0.0001707         4.8158276
    130       0.0001720         4.8140563
    131       0.0001733         4.8122975
    132       0.0001747         4.8105518
    133       0.0001760         4.8088199
    134       0.0001773         4.8071022
    135       0.0001787         4.8053993
    136       0.0001800         4.8037117
    137       0.0001813         4.8020399
    138       0.0001827         4.8003844
    139       0.0001840         4.7987455
    140       0.0001853         4.7971238
    141       0.0001867         4.7955196
    142       0.0001880         4.7939332
    143       0.0001893         4.7923651
    144       0.0001907         4.7908155
    145       0.0001920         4.7892847
    146       0.0001933         4.7877730
    147       0.0001947         4.7862806
    148       0.0001960         4.7848077
    149       0.0001973         4.7833545
    150       0.0001987         4.7819211
    151       0.0002000         4.7805077
    152       0.0002013         4.7791143
    153       0.0002027         4.7777411
    154       0.0002040         4.7763880
    155       0.0002053         4.7750551
    156       0.0002067         4.7737424
    157       0.0002080         4.7724499
    158       0.0002093         4.7711775
    159       0.0002107         4.7699252
    160       0.0002120         4.7686928
    161       0.0002133         4.7674805
    162       0.0002147         4.7662879
    163       0.0002160         4.7651151
    164       0.0002173         4.7639619
    165       0.0002187         4.7628281
    166       0.0002200         4.7617137
    167       0.0002213         4.7606185
    168       0.0002227         4.7595423
    169       0.0002240         4.7584849
    170       0.0002253         4.7574462
    171       0.0002267         4.7564261
    172       0.0002280         4.7554242
    173       0.0002293         4.7544406
    174       0.0002307         4.7534748
    175       0.0002320         4.7525268
    176       0.0002333         4.7515964
    177       0.0002347         4.7506834
    178       0.0002360         4.7497875
    179       0.0002373         4.7489085
    180       0.0002387         4.7480463
    181       0.0002400         4.7472007
    182       0.0002413         4.7463714
    183       0.0002427         4.7455582
    184       0.0002440         4.7447610
    185       0.0002453         4.7439795
    186       0.0002467         4.7432135
    187       0.0002480         4.7424629
    188       0.0002493         4.7417273
    189       0.0002507         4.7410067
    190       0.0002520         4.7403008
    191       0.0002533         4.7396093
    192       0.0002547         4.7389322
    193       0.0002560         4.7382692
    194       0.0002573         4.7376201
    195       0.0002587         4.7369847
    196       0.0002600         4.7363628
    197       0.0002613         4.7357543
    198       0.0002627         4.7351588
    199       0.0002640         4.7345763
    200       0.0002653         4.7340065
    201       0.0002667         4.7334493
    202       0.0002680         4.7329045
    203       0.0002693         4.7323718
    204       0.0002707         4.7318511
    205       0.0002720         4.7313423
    206       0.0002733         4.7308451
    207       0.0002747         4.7303593
    208       0.0002760         4.7298848
    209       0.0002773         4.7294214
    210       0.0002787         4.7289689
    211       0.0002800         4.7285272
    212       0.0002813         4.7280960
    213       0.0002827         4.7276753
    214       0.0002840         4.7272648
    215       0.0002853         4.7268644
    216       0.0002867         4.7264739
    217       0.0002880         4.7260932
    218       0.0002893         4.7257220
    219       0.0002907         4.7253603
    220       0.0002920         4.7250079
    221       0.0002933         4.7246646
    222       0.0002947         4.7243304
    223       0.0002960         4.7240049
    224       0.0002973         4.7236882
    225       0.0002987         4.7233800
    226       0.0003000         4.7230803
    227       0.0003013         4.7227888
    228       0.0003027         4.7225055
    229       0.0003040         4.7222303
    230       0.0003053         4.7219630
    231       0.0003067         4.7217035
    232       0.0003080         4.7214517
    233       0.0003093         4.7212075
    234       0.0003107         4.7209708
    235       0.0003120         4.7207415
    236       0.0003133         4.7205195
    237       0.0003147         4.7203048
    238       0.0003160         4.7200972
    239       0.0003173         4.7198968
    240       0.0003187         4.7197034
    241       0.0003200         4.7195171
    242       0.0003213         4.7193377
    243       0.0003227         4.7191654
    244       0.0003240         4.7190000
    245       0.0003253         4.7188416
    246       0.0003267         4.7186902
    247       0.0003280         4.7185459
    248       0.0003293         4.7184087
    249       0.0003307         4.7182787
    250       0.0003320         4.7181561
    251       0.0003333         4.7180410
    252       0.0003347         4.7179336
    253       0.0003360         4.7178342
    254       0.0003373         4.7177428
    255       0.0003387         4.7176600
    256       0.0003400         4.7175859
    257       0.0003413         4.7175209
    258       0.0003427         4.7174655
    259       0.0003440         4.7174200
    260       0.0003453         4.7173849
    261       0.0003467         4.7173609
    262       0.0003480         4.7173486
    263       0.0003493         4.7173488
    264       0.0003507         4.7173623
    265       0.0003520         4.7173901
    266       0.0003533         4.7174331
    267       0.0003547         4.7174924
    268       0.0003560         4.7175693
    269       0.0003573         4.7176650
    270       0.0003587         4.7177807
    271       0.0003600         4.7179179
    272       0.0003613         4.7180784
    273       0.0003627         4.7182643
    274       0.0003640         4.7184779
    275       0.0003653         4.7187219
    276       0.0003667         4.7189993
    277       0.0003680         4.7193131
    278       0.0003693         4.7196668
    279       0.0003707         4.7200639
    280       0.0003720         4.7205079
    281       0.0003733         4.7210026
    282       0.0003747         4.7215517
    283       0.0003760         4.7221589
    284       0.0003773         4.7228277
    285       0.0003787         4.7235618
    286       0.0003800         4.7243678
    287       0.0003813         4.7252633
    288       0.0003827         4.7262573
    289       0.0003840         4.7273627
    290       0.0003853         4.7285907
    291       0.0003867         4.7299524
    292       0.0003880         4.7314580
    293       0.0003893         4.7331170
    294       0.0003907         4.7349378
    295       0.0003920         4.7369282
    296       0.0003933         4.7390947
    297       0.0003947         4.7414433
    298       0.0003960         4.7439785
    299       0.0003973         4.7467045
    300       0.0003987         4.7498433
    301       0.0004000         4.7535679
    302       0.0004013         4.7578303
    303       0.0004027         4.7626350
    304       0.0004040         4.7679828
    305       0.0004053         4.7738717
    306       0.0004067         4.7802945
    307       0.0004080         4.7872407
    308       0.0004093         4.7946967
    309       0.0004107         4.8026468
    310       0.0004120         4.8110729
    311       0.0004133         4.8199558
    312       0.0004147         4.8292752
    313       0.0004160         4.8390099
    314       0.0004173         4.8491382
    315       0.0004187         4.9299589
    316       0.0004200         4.9539638
    317       0.0004213         4.9787178
    318       0.0004227         5.0042164
    319       0.0004240         5.0302823
    320       0.0004253         5.0567954
    321       0.0004267         5.0836453
    322       0.0004280         5.1107380
    323       0.0004293         5.1379919
    324       0.0004307         5.1653364
    325       0.0004320         5.1927107
    326       0.0004333         5.2200626
    327       0.0004347         5.2473470
    328       0.0004360         5.2745254
    329       0.0004373         5.3015650
    330       0.0004387         5.6582002
    331       0.0004400         5.7209156
    332       0.0004413         5.7821358
    333       0.0004427         5.8417592
    334       0.0004440         5.8997369
    335       0.0004453         5.9560478
    336       0.0004467         6.0106850
    337       0.0004480         6.0636582
    338       0.0004493         6.1149885
    339       0.0004507         6.1647065
    340       0.0004520         6.2128493
    341       0.0004533         6.2594594
    342       0.0004547         6.3045826
    343       0.0004560         6.3482674
    344       0.0004573         6.3905633
    345       0.0004587         7.5741127
    346       0.0004600         7.8696036
    347       0.0004613         7.9405937
    348       0.0004627         8.0057850
    349       0.0004640         8.0658305
    350       0.0004653         8.1212463
    351       0.0004667         8.1725130
    352       0.0004680         8.2200515
    353       0.0004693         8.2642334
    354       0.0004707         8.3053870
    355       0.0004720         8.3438029
    356       0.0004733         8.3797387
    357       0.0004747         8.4134228
    358       0.0004760         8.4450583
    359       0.0004773         8.4748260
    360       0.0004787         9.6448921
    361       0.0004800        12.5709887
    362       0.0004813        12.4969754
    363       0.0004827        12.4256291
    364       0.0004840        12.3571143
    365       0.0004853        12.2913971
    366       0.0004867        12.2284594
    367       0.0004880        12.1682420
    368       0.0004893        12.1106700
    369       0.0004907        12.0556541
    370       0.0004920        12.0030963
    371       0.0004933        11.9528936
    372       0.0004947        11.9049403
    373       0.0004960        11.8591303
    374       0.0004973        11.8153584
    375       0.0004987        12.1024693
    376       0.0005000        16.0314825
