   -0.1987    0.0000    0.0023    0.0133
   -0.1962    0.0000    0.0025    0.0144
   -0.1937    0.0000    0.0028    0.0161
   -0.1912    0.0000    0.0032    0.0184
   -0.1887    0.0000    0.0037    0.0214
   -0.1862    0.0000    0.0043    0.0251
   -0.1837    0.0000    0.0051    0.0297
   -0.1812    0.0000    0.0060    0.0354
   -0.1787    0.0000    0.0071    0.0422
   -0.1762    0.0001    0.0085    0.0503
   -0.1737    0.0001    0.0101    0.0601
   -0.1712    0.0001    0.0120    0.0716
   -0.1687    0.0001    0.0142    0.0853
   -0.1662    0.0001    0.0168    0.1015
   -0.1637    0.0001    0.0198    0.1205
   -0.1612    0.0001    0.0233    0.1428
   -0.1587    0.0002    0.0275    0.1689
   -0.1562    0.0002    0.0322    0.1994
   -0.1537    0.0002    0.0377    0.2349
   -0.1512    0.0003    0.0441    0.2762
   -0.1487    0.0003    0.0514    0.3241
   -0.1462    0.0003    0.0598    0.3795
   -0.1437    0.0004    0.0693    0.4435
   -0.1412    0.0004    0.0803    0.5172
   -0.1387    0.0005    0.0927    0.6019
   -0.1362    0.0006    0.1068    0.6991
   -0.1337    0.0006    0.1228    0.8104
   -0.1312    0.0007    0.1408    0.9375
   -0.1287    0.0008    0.1610    1.0824
   -0.1262    0.0009    0.1838    1.2472
   -0.1237    0.0010    0.2092    1.4343
   -0.1212    0.0012    0.2377    1.6464
   -0.1187    0.0013    0.2693    1.8861
   -0.1162    0.0015    0.3044    2.1567
   -0.1137    0.0016    0.3433    2.4615
   -0.1112    0.0018    0.3862    2.8041
   -0.1087    0.0020    0.4334    3.1884
   -0.1062    0.0022    0.4852    3.6189
   -0.1037    0.0024    0.5419    4.0999
   -0.1012    0.0027    0.6037    4.6366
   -0.0987    0.0029    0.6709    5.2343
   -0.0962    0.0032    0.7437    5.8986
   -0.0937    0.0035    0.8223    6.6356
   -0.0912    0.0038    0.9069    7.4520
   -0.0887    0.0041    0.9977    8.3545
   -0.0862    0.0045    1.0947    9.3507
   -0.0837    0.0048    1.1981   10.4483
   -0.0812    0.0052    1.3077   11.6556
   -0.0787    0.0056    1.4235   12.9814
   -0.0762    0.0060    1.5455   14.4349
   -0.0737    0.0064    1.6733   16.0259
   -0.0712    0.0068    1.8067   17.7645
   -0.0687    0.0072    1.9454   19.6614
   -0.0662    0.0076    2.0888   21.7280
   -0.0637    0.0081    2.2364   23.9760
   -0.0612    0.0085    2.3875   26.4176
   -0.0587    0.0090    2.5416   29.0660
   -0.0562    0.0095    2.6977   31.9347
   -0.0537    0.0099    2.8550   35.0382
   -0.0512    0.0104    3.0126   38.3924
   -0.0487    0.0108    3.1696   42.0165
   -0.0462    0.0113    3.3250   45.9368
   -0.0437    0.0117    3.4778   50.1822
   -0.0412    0.0121    3.6271   54.7301
   -0.0387    0.0125    3.7720   59.3564
   -0.0362    0.0129    3.9114   63.4855
   -0.0337    0.0133    4.0447   66.3480
   -0.0312    0.0137    4.1709   67.5684
   -0.0287    0.0140    4.2895   67.5433
   -0.0262    0.0143    4.3998   67.0628
   -0.0237    0.0146    4.5012   66.7241
   -0.0212    0.0149    4.5932   66.7727
   -0.0187    0.0151    4.6753   67.2541
   -0.0162    0.0154    4.7473   68.1632
   -0.0137    0.0155    4.8088   69.4933
   -0.0112    0.0157    4.8595   71.2301
   -0.0087    0.0158    4.8992   73.4916
   -0.0062    0.0159    4.9277   76.4794
   -0.0037    0.0160    4.9449   79.9062
   -0.0012    0.0160    4.9507   81.6239
    0.0013    0.0160    4.9452   79.9058
    0.0038    0.0159    4.9282   76.4787
    0.0063    0.0158    4.9000   73.4905
    0.0088    0.0157    4.8606   71.2288
    0.0113    0.0156    4.8101   69.4917
    0.0138    0.0154    4.7489   68.1615
    0.0163    0.0152    4.6772   67.2507
    0.0188    0.0150    4.5952   66.7644
    0.0213    0.0147    4.5034   66.7329
    0.0238    0.0144    4.4022   67.2274
    0.0263    0.0141    4.2922   68.1731
    0.0288    0.0138    4.1737   68.9065
    0.0313    0.0134    4.0476   68.0628
    0.0338    0.0130    3.9145   64.8232
    0.0363    0.0126    3.7751   59.9856
    0.0388    0.0122    3.6304   54.8936
    0.0413    0.0118    3.4812   50.1897
    0.0438    0.0114    3.3284   45.9268
    0.0463    0.0109    3.1731   42.0110
    0.0488    0.0105    3.0161   38.3884
    0.0513    0.0100    2.8585   35.0339
    0.0538    0.0095    2.7011   31.9303
    0.0563    0.0091    2.5450   29.0616
    0.0588    0.0086    2.3909   26.4133
    0.0613    0.0082    2.2397   23.9717
    0.0638    0.0077    2.0921   21.7239
    0.0663    0.0073    1.9486   19.6574
    0.0688    0.0069    1.8099   17.7605
    0.0713    0.0065    1.6763   16.0220
    0.0738    0.0060    1.5484   14.4312
    0.0763    0.0056    1.4263   12.9779
    0.0788    0.0053    1.3104   11.6522
    0.0813    0.0049    1.2006   10.4450
    0.0838    0.0045    1.0972    9.3476
    0.0863    0.0042    1.0000    8.3516
    0.0888    0.0039    0.9091    7.4492
    0.0913    0.0036    0.8244    6.6330
    0.0938    0.0033    0.7457    5.8961
    0.0963    0.0030    0.6727    5.2319
    0.0988    0.0027    0.6054    4.6344
    0.1013    0.0025    0.5435    4.0979
    0.1038    0.0023    0.4867    3.6169
    0.1063    0.0020    0.4348    3.1867
    0.1088    0.0018    0.3875    2.8024
    0.1113    0.0017    0.3445    2.4600
    0.1138    0.0015    0.3055    2.1553
    0.1163    0.0013    0.2703    1.8849
    0.1188    0.0012    0.2386    1.6452
    0.1213    0.0011    0.2101    1.4333
    0.1238    0.0010    0.1845    1.2462
    0.1263    0.0008    0.1617    1.0815
    0.1288    0.0007    0.1414    0.9367
    0.1313    0.0007    0.1233    0.8096
    0.1338    0.0006    0.1073    0.6984
    0.1363    0.0005    0.0931    0.6013
    0.1388    0.0005    0.0807    0.5166
    0.1413    0.0004    0.0697    0.4430
    0.1438    0.0003    0.0601    0.3791
    0.1463    0.0003    0.0517    0.3237
    0.1488    0.0003    0.0443    0.2759
    0.1513    0.0002    0.0379    0.2346
    0.1538    0.0002    0.0324    0.1991
    0.1563    0.0002    0.0276    0.1686
    0.1588    0.0001    0.0235    0.1425
    0.1613    0.0001    0.0199    0.1202
    0.1638    0.0001    0.0169    0.1012
    0.1663    0.0001    0.0142    0.0851
    0.1688    0.0001    0.0120    0.0714
    0.1713    0.0001    0.0101    0.0598
    0.1738    0.0001    0.0085    0.0500
    0.1763    0.0000    0.0071    0.0418
    0.1788    0.0000    0.0060    0.0349
    0.1813    0.0000    0.0050    0.0292
    0.1838    0.0000    0.0042    0.0245
    0.1863    0.0000    0.0036    0.0207
    0.1888    0.0000    0.0031    0.0175
    0.1913    0.0000    0.0026    0.0151
    0.1938    0.0000    0.0023    0.0132
    0.1963    0.0000    0.0021    0.0118
    0.1988    0.0000    0.0019    0.0108
