  run    Left   Right Coinc. Accid.    BCM      Clock      Cor.Asymm        Polarization    angl  An.Pow Pol.Targ PolarizationL/R     Asym BCM     coil Factor
15338  297904  302826  33556  1254.   256742.  104968 -0.0534+/- 0.0020 -0.9036+/- 0.0336  19.95  0.763  0.0824 -0.3533 -0.3712  0.00047 0.00024  15.6 16.914
15339  294838  305442  33254  1244.   257044.  104984  0.0538+/- 0.0007  0.9086+/- 0.0120  19.95  0.763  0.0825  0.3322  0.3723  0.00033 0.00007 -16.0 16.904
15340  265144  284592  29595  1043.   255879.  104995 -0.0524+/- 0.0006 -0.8856+/- 0.0097  19.95  0.763  0.0825 -0.3364 -0.3815  0.00033 0.00007  15.7 16.909
15341  265688  270735  28564   978.   249076.  104976  0.0534+/- 0.0006  0.9026+/- 0.0095  19.95  0.763  0.0824  0.3460  0.3806  0.00027 0.00006 -16.0 16.914
15342  264012  266059  28201   959.   247965.  104972 -0.0529+/- 0.0007 -0.8957+/- 0.0123  19.95  0.763  0.0824 -0.3444 -0.3806  0.00037 0.00009  15.7 16.924
15343  249201  254649  26535   860.   236675.  104967  0.0532+/- 0.0008  0.8997+/- 0.0137  19.95  0.763  0.0825  0.3435  0.3770  0.00029 0.00019 -16.0 16.905
15344  274193  276056  29226  1025.   258739.  104960 -0.0538+/- 0.0007 -0.9100+/- 0.0121  19.95  0.763  0.0824 -0.3426 -0.3869  0.00027 0.00008  15.7 16.915
15345  270207  275643  28827  1001.   257505.  104952  0.0515+/- 0.0007  0.8705+/- 0.0122  19.95  0.763  0.0825  0.3477  0.3838  0.00031 0.00007 -16.0 16.904
15346  267666  269982  28357   979.   254427.  104962 -0.0539+/- 0.0013 -0.9126+/- 0.0225  19.95  0.763  0.0824 -0.3425 -0.3842  0.00038 0.00012  15.7 16.925
15347  262321  268046  27796   953.   251194.  104951  0.0522+/- 0.0007  0.8832+/- 0.0124  19.95  0.763  0.0825  0.3397  0.3778  0.00016 0.00007 -16.0 16.905
15348  254665  257947  26751   888.   243796.  104944 -0.0534+/- 0.0007 -0.9040+/- 0.0126  19.95  0.763  0.0824 -0.3384 -0.3913  0.00032 0.00016  15.7 16.924
15349  278307  283775  29615  1059.   266975.  104940  0.0528+/- 0.0007  0.8924+/- 0.0120  19.95  0.763  0.0825  0.3392  0.3777  0.00034 0.00021 -16.0 16.905
15350  277230  279508  29173  1036.   265361.  104941 -0.0521+/- 0.0007 -0.8818+/- 0.0121  19.95  0.763  0.0824 -0.3457 -0.3832  0.00030 0.00007  15.7 16.913

15352  272658  274653  28701  1002.   262080.  104956 -0.0544+/- 0.0022 -0.9207+/- 0.0366  19.95  0.763  0.0824 -0.3355 -0.3744  0.00055 0.00046  15.6 16.914
15353  273504  278761  28875  1015.   264001.  104939  0.0530+/- 0.0007  0.8957+/- 0.0122  19.95  0.763  0.0825  0.3465  0.3757  0.00115 0.00007 -16.0 16.905
* bleedthrough
15354    1594    1658   1250     0.     2079.  104910 -0.0024+/- 0.1024 -0.0413+/- 1.7315  19.95  0.763  0.0824 -0.7875  0.0624  0.00243 0.02914  15.6 16.911
15355    1559    1738   1250     0.     2214.  104940 -0.0159+/- 0.0981 -0.2691+/- 1.6582  19.95  0.763  0.0825 -0.7879 -1.3860  0.01624 0.02346 -16.0 16.902
15356    1780    1729   1250     0.     2140.  104982  0.0368+/- 0.1207  0.6219+/- 2.0424  19.95  0.763  0.0824 -0.3831  0.2286 -0.03697 0.03054  15.6 16.920
15357    1670    1579   1261     0.     2136.  104977 -0.0229+/- 0.0949 -0.3873+/- 1.6035  19.95  0.763  0.0825  0.2658 -0.1748  0.03191 0.02526 -16.0 16.902

Q1 scan
  run    Left   Right Coinc. Accid.    BCM      Clock      Cor.Asymm        Polarization    angl  An.Pow Pol.Targ PolarizationL/R     Asym BCM     coil Factor
15358  220288  209110  14229   627.   259632.  104994 -0.0530+/- 0.0015 -0.8965+/- 0.0254  19.95  0.763  0.0824 -0.3710 -0.4060  0.00078 0.00010  15.6 16.915
15359  218475  210256  14187   620.   258960.  104999  0.0521+/- 0.0015  0.8800+/- 0.0254  19.95  0.763  0.0825  0.3860  0.4142  0.00063 0.00010 -16.0 16.906
15360  229373  218838  17496   679.   256317.  104987 -0.0519+/- 0.0013 -0.8788+/- 0.0228  19.95  0.763  0.0824 -0.3681 -0.4088  0.00069 0.00011  15.6 16.916
15361  231241  224808  21184   705.   250112.  105003  0.0521+/- 0.0012  0.8801+/- 0.0210  19.95  0.763  0.0825  0.3773  0.3950  0.00073 0.00010 -16.0 16.901
15362  241788  233844  24630   765.   248520.  104984 -0.0497+/- 0.0011 -0.8397+/- 0.0194  19.95  0.763  0.0825 -0.3669 -0.4026  0.00060 0.00011  15.7 16.910
15363  256583  252860  27946   867.   254797.  104989  0.0507+/- 0.0011  0.8573+/- 0.0182  19.95  0.763  0.0825  0.3732  0.3893  0.00065 0.00010 -16.0 16.902
15364  262034  255621  28804   899.   249696.  104965 -0.0505+/- 0.0017 -0.8548+/- 0.0283  19.95  0.763  0.0825 -0.3402 -0.3952  0.00068 0.00018  15.7 16.910
15365  267967  265916  28599   949.   254221.  104969  0.0533+/- 0.0011  0.9016+/- 0.0180  19.95  0.763  0.0825  0.3481  0.3841  0.00066 0.00011 -16.0 16.902
15366  269495  266435  26516   951.   254778.  104958 -0.0506+/- 0.0010 -0.8552+/- 0.0165  19.95  0.763  0.0825 -0.3252 -0.3691  0.00069 0.00010  15.7 16.910
15367  267484  265624  21948   932.   255584.  104954  0.0507+/- 0.0012  0.8576+/- 0.0205  19.95  0.763  0.0825  0.3008  0.3429  0.00060 0.00012 -16.0 16.902
15368  261242  260268  16215   898.   254796.  104961 -0.0504+/- 0.0013 -0.8522+/- 0.0218  19.95  0.763  0.0825 -0.2638 -0.3164  0.00051 0.00010  15.7 16.910
15369  251379  252552  10581   835.   254032.  104971  0.0482+/- 0.0017  0.8142+/- 0.0280  19.95  0.763  0.0825  0.2437  0.2795  0.00066 0.00009 -16.0 16.901



Q3 scan
  run    Left   Right Coinc. Accid.    BCM      Clock      Cor.Asymm        Polarization    angl  An.Pow Pol.Targ PolarizationL/R     Asym BCM     coil Factor
15370  237841  228314  16610   740.   254303.  104937 -0.0527+/- 0.0013 -0.8904+/- 0.0216  19.95  0.763  0.0824 -0.3476 -0.3871  0.00039 0.00013  15.6 16.911
15371  254309  247943  21849   850.   257136.  104947  0.0515+/- 0.0011  0.8698+/- 0.0183  19.95  0.763  0.0825  0.3583  0.3945  0.00018 0.00012 -16.0 16.902

15372    1250    1875   1250     0.     2500.  105000  0.0000+/- 0.0000  0.0000+/- 0.0000  19.95  0.763  0.0824  0.0000  0.0000  0.00000 0.00000  15.6 16.912

15373  261158  259135  26454   910.   255963.  104975  0.0530+/- 0.0011  0.8963+/- 0.0186  19.95  0.763  0.0825  0.3600  0.3824  0.00043 0.00026 -16.0 16.902
15374  274241  273063  29190  1010.   265768.  104972 -0.0527+/- 0.0011 -0.8918+/- 0.0193  19.95  0.763  0.0825 -0.3496 -0.3753  0.00047 0.00017  15.6 16.910
15375  262535  263731  27835   920.   252091.  104987  0.0516+/- 0.0007  0.8713+/- 0.0124  19.95  0.763  0.0825  0.3467  0.3765  0.00032 0.00011 -16.0 16.902
15376  255390  250305  26695   855.   241255.  104994 -0.0529+/- 0.0011 -0.8946+/- 0.0182  19.95  0.763  0.0824 -0.3366 -0.3834  0.00051 0.00012  15.6 16.911
15377  266606  272570  28612   967.   258075.  104997  0.0525+/- 0.0007  0.8866+/- 0.0122  19.95  0.763  0.0825  0.3411  0.3771  0.00023 0.00012 -16.0 16.902
15378  270154  265793  28020   960.   254163.  104997 -0.0528+/- 0.0008 -0.8941+/- 0.0135  19.95  0.763  0.0824 -0.3333 -0.3763  0.00019 0.00012  15.6 16.925
15379  267796  268512  27205   951.   255425.  104992  0.0530+/- 0.0010  0.8965+/- 0.0163  19.95  0.763  0.0825  0.3243  0.3633  0.00035 0.00012 -16.0 16.904
15380  262371  263488  24615   903.   254124.  104983 -0.0531+/- 0.0010 -0.8987+/- 0.0172  19.95  0.763  0.0824 -0.3104 -0.3716  0.00026 0.00013  15.7 16.924
15381  247772  254619  20451   822.   248280.  104985  0.0527+/- 0.0011  0.8911+/- 0.0190  19.95  0.763  0.0825  0.2948  0.3489  0.00022 0.00013 -16.0 16.902





















