beam=3349.65 MeV (set) HWP=IN, PAS=OUT
  run    Left   Right Coinc. Accid.    BCM      Clock      Cor.Asymm        Polarization    angl  An.Pow Pol.Targ PolarizationL/R     Asym BCM     coil Factor
15439       0       0      0     0.        0.       0  0.0000+/- 0.0000  0.0000+/- 0.0000  19.95  0.763  0.0825  0.0000  0.0000  0.00000 0.00000 -16.0 16.901
15440       0       0      0     0.        0.       0  0.0000+/- 0.0000  0.0000+/- 0.0000  19.95  0.763  0.0825  0.0000  0.0000  0.00000 0.00000  15.7 16.910

  run    Left   Right Coinc. Accid.    BCM      Clock      Cor.Asymm        Polarization    angl  An.Pow Pol.Targ PolarizationL/R     Asym BCM     coil Factor
15441   64377   76319  16313    83.   159029.  104905  0.0488+/- 0.0007  0.8256+/- 0.0124  19.95  0.763  0.0825  0.4103  0.5367  0.00012 0.00014 -16.0 16.902
15442   61736   70361  14216    74.   156248.  104902 -0.0483+/- 0.0008 -0.8174+/- 0.0133  19.95  0.763  0.0825 -0.4094 -0.5311  0.00007 0.00014  15.7 16.909
15443   64171   72971  14170    81.   165865.  104897  0.0481+/- 0.0012  0.8136+/- 0.0203  19.95  0.763  0.0825  0.4135  0.5457 -0.00036 0.00027 -16.0 16.901
15444   60644   69160  13140    70.   159524.  104905 -0.0487+/- 0.0008 -0.8240+/- 0.0138  19.95  0.763  0.0825 -0.4014 -0.5358 -0.00001 0.00012  15.7 16.910
15445   61358   69742  12954    73.   163300.  104904  0.0485+/- 0.0010  0.8197+/- 0.0175  19.95  0.763  0.0825  0.3919  0.5398  0.00002 0.00016 -16.0 16.902
#junk?
15446   61078   69121  12517    71.   164903.  104904 -0.0487+/- 0.0008  0.0000+/- 0.0000  19.95  0.763  0.0000  0.0000  0.0000 -0.00006 0.00012   0.0  0.000 #junk
# beam tripped at the end
15447   61128   70070  12531    72.   167513.  104900  0.0503+/- 0.0021  0.8507+/- 0.0360  19.95  0.763  0.0825  0.4236  0.5533  0.00026 0.00033 -16.0 16.902
15448   62683   72361  12737    76.   173510.  104898 -0.0499+/- 0.0008 -0.8438+/- 0.0141  19.95  0.763  0.0825 -0.3978 -0.5428 -0.00010 0.00011  15.7 16.910
#junk, beam tripped all the run
15449   61096   70035  12242    77.   169397.  104905  0.0410+/- 0.0062  0.6927+/- 0.1040  19.95  0.763  0.0825  0.3723  0.5523  0.00128 0.00086 -16.0 16.902 #junk
#
15450   67194   76028  13222    85.   185598.  104899 -0.0495+/- 0.0013 -0.8371+/- 0.0225  19.95  0.763  0.0825 -0.3904 -0.5420  0.00013 0.00022  15.7 16.909
#junk, beam tripped all the run
15451       0       0      0     0.        0.       0  0.0000+/- 0.0000  0.0000+/- 0.0000  19.95  0.763  0.0825  0.0000  0.0000  0.00000 0.00000 -16.0 16.902 #junk

15452   62657   71093  12373    76.   173198.  104890 -0.0490+/- 0.0008 -0.8291+/- 0.0142  19.95  0.763  0.0825 -0.3958 -0.5402  0.00008 0.00013  15.7 16.909
15453   61747   70617  12158    71.   172386.  104895  0.0498+/- 0.0018  0.8418+/- 0.0307  19.95  0.763  0.0825  0.4197  0.5488 -0.00010 0.00025 -16.0 16.901

#########################################
15454   54384   62595  10954    58.   149545.  104893 -0.0491+/- 0.0011 -0.8299+/- 0.0188  19.95  0.763  0.0825 -0.3957 -0.5445 -0.00001 0.00020  15.7 16.911
15455   52218   60236  10437    53.   145026.  104894  0.0480+/- 0.0009  0.8118+/- 0.0155  19.95  0.763  0.0825  0.3968  0.5407 -0.00009 0.00015 -16.0 16.902
#beam tripped at the end
15456   52299   60130  10329    54.   146461.  104888 -0.0465+/- 0.0014 -0.7867+/- 0.0236  19.95  0.763  0.0825 -0.3962 -0.5431 -0.00023 0.00021  15.7 16.910 #junk?
15457   62067   71337  12229    75.   173667.  104896  0.0487+/- 0.0009  0.8230+/- 0.0144  19.95  0.763  0.0825  0.3998  0.5510 -0.00044 0.00022 -16.0 16.901
15458   63476   72760  12347    77.   178704.  104895 -0.0484+/- 0.0008 -0.8186+/- 0.0143  19.95  0.763  0.0825 -0.3887 -0.5446  0.00019 0.00021  15.7 16.911
15459   60427   69619  11669    70.   171667.  104891  0.0480+/- 0.0009  0.8121+/- 0.0146  19.95  0.763  0.0825  0.3867  0.5430  0.00004 0.00022 -16.0 16.902
15460   58819   67088  11179    68.   167144.  104890 -0.0498+/- 0.0009 -0.8421+/- 0.0151  19.95  0.763  0.0825 -0.4102 -0.5429 -0.00017 0.00023  15.7 16.909

15461   58791   67364  11166    67.   167804.  104886  0.0480+/- 0.0009  0.8109+/- 0.0152  19.95  0.763  0.0825  0.3888  0.5312  0.00009 0.00027 -16.0 16.902
15462   58086   65066  10816    66.   164319.  104894 -0.0496+/- 0.0009 -0.8391+/- 0.0152  19.95  0.763  0.0825 -0.3977 -0.5524  0.00003 0.00017  15.7 16.909

15463   66892   76323  12665    86.   190813.  104887  0.0485+/- 0.0008  0.8192+/- 0.0141  19.95  0.763  0.0825  0.3905  0.5321  0.00012 0.00024 -16.0 16.904
#beam tripped at the end
15464   67827   76542  12656    87.   193173.  104892 -0.0470+/- 0.0008 -0.7950+/- 0.0142  19.95  0.763  0.0825 -0.3927 -0.5386 -0.00016 0.00022  15.7 16.910 
15465   65749   75104  12311    84.   189260.  104886  0.0486+/- 0.0009  0.8220+/- 0.0144  19.95  0.763  0.0825  0.3991  0.5371 -0.00018 0.00023 -16.0 16.901
15466   65999   75063  12218    83.   190279.  104890 -0.0472+/- 0.0011 -0.7988+/- 0.0178  19.95  0.763  0.0825 -0.3714 -0.5345  0.00015 0.00028  15.7 16.910
15467   57941   66242  10721    66.   167917.  104887  0.0498+/- 0.0009  0.8420+/- 0.0154  19.95  0.763  0.0825  0.3978  0.5448 -0.00015 0.00013 -16.0 16.903

####FLIP HWP: HWP=OUT, PAS=OUT
15468   62649   70494  11447    76.   179817.  104896  0.0492+/- 0.0009  0.8317+/- 0.0149  19.95  0.763  0.0825  0.3779  0.5441 -0.00028 0.00015  15.7 16.909

<Pb> = 82.28% +/- 0.33%

################################################################
Bleed thru, HallA laser off, slit=-1, hallC at 180uA, HWP=OUT, PAS=OUT

  run    Left   Right Coinc. Accid.    BCM      Clock      Cor.Asymm        Polarization    angl  An.Pow Pol.Targ PolarizationL/R     Asym BCM     coil Factor
15469    6729    7274   1784     1.    17613.  104902 -0.0014+/- 0.0043 -0.0237+/- 0.0723  19.95  0.763  0.0825  0.0537  0.0238  0.00018 0.00016 -16.0 16.902
15470    6720    7324   1781     1.    17671.  104903 -0.0011+/- 0.0043 -0.0187+/- 0.0728  19.95  0.763  0.0825 -0.0220  0.0062  0.00000 0.00016  15.7 16.909
15471    6325    6998   1733     1.    16609.  104900  0.0040+/- 0.0055  0.0678+/- 0.0925  19.95  0.763  0.0825  0.0274  0.0065 -0.00075 0.00114 -16.0 16.902
#beam tripped
15472    6599    7445   1789     1.    17507.  104900  0.0021+/- 0.0138  0.0361+/- 0.2325  19.95  0.763  0.0825 -0.0991  0.2209  0.00212 0.00235  15.7 16.909
15473    6666    7604   1800     1.    17849.  104901  0.0008+/- 0.0042  0.0130+/- 0.0703  19.95  0.763  0.0825  0.0201 -0.0077 -0.00001 0.00017 -16.0 16.902

<Pb_bleedthru> = -1.24% +/- 3.73%

################################################################
Q1 scan,  HWP=OUT, PAS=OUT
*** Eb=3.35GeV 
*Dipole=5.829kG=213.8A=957564kG*cm
*** Anpow=0.753
** Q1   Amp     Q3     Amp
1.2    57.78   1.30   53.68
1.3    62.69   1.40   57.97
1.4    67.60   1.50   62.25
1.5    72.50   1.60   66.52
1.6    77.41   1.75   72.92**
1.7    82.32   1.90   79.30
1.8    87.23   2.10   87.76
1.975**95.82   2.30   96.16
2.1   101.96   2.50  104.52
2.3   111.79   2.70  112.83
2.5   121.63
2.7   131.48
2.9   141.35
3.1   151.25
3.3   161.13
*******************************
  run    Left   Right Coinc. Accid.    BCM      Clock      Cor.Asymm        Polarization    angl  An.Pow Pol.Targ PolarizationL/R     Asym BCM     coil Factor  Q1      Q2
15474   53587   38615  17856    35.   140070.  104884  0.0502+/- 0.0010  0.8491+/- 0.0163  19.95  0.763  0.0825  0.5727  0.5626 -0.00003 0.00017  15.7 16.910  161.13  72.92
15475   48513   40089  11838    33.   142922.  104886 -0.0494+/- 0.0020 -0.8344+/- 0.0332  19.95  0.763  0.0825 -0.4970 -0.5233 -0.00035 0.00033 -16.0 16.901  151.25  72.92 
15476   54034   42156  14643    38.   141552.  104892  0.0492+/- 0.0011  0.8313+/- 0.0182  19.95  0.763  0.0825  0.5310  0.5453 -0.00017 0.00019  15.7 16.910  141.35  72.92
15477   52062   42937  11655    38.   144168.  104894 -0.0494+/- 0.0015 -0.8348+/- 0.0258  19.95  0.763  0.0825 -0.4773 -0.5468 -0.00002 0.00024 -16.0 16.901  131.48  72.92
15478   48985   44838   9602    35.   142748.  104897  0.0465+/- 0.0018  0.7858+/- 0.0297  19.95  0.763  0.0824  0.4345  0.5068 -0.00013 0.00024  15.7 16.912  121.63  72.92 #beam tripped
15479   59108   60618  11265    59.   174400.  104896 -0.0468+/- 0.0014 -0.7913+/- 0.0242  19.95  0.763  0.0825 -0.4080 -0.5334  0.00005 0.00024 -16.0 16.902  111.79  72.92
15480   51602   58118   9693    50.   153830.  104889  0.0469+/- 0.0027  0.7931+/- 0.0458  19.95  0.763  0.0825  0.3886  0.5470  0.00010 0.00037  15.7 16.910  101.96  72.92
#beam tripped at the end
15481   56299   63214  10097    60.   162781.  104889 -0.0468+/- 0.0023 -0.7913+/- 0.0392  19.95  0.763  0.0825 -0.3691 -0.5408  0.00008 0.00032 -16.0 16.902   95.82  72.92  #beam tripped
15482   51997   59916   9580    53.   152035.  104896  0.0505+/- 0.0016  0.8546+/- 0.0263  19.95  0.763  0.0825  0.3825  0.5475 -0.00026 0.00020  15.7 16.910   95.82  72.92
15483   51939   61877   9013    54.   149400.  104890 -0.0480+/- 0.0016 -0.8120+/- 0.0276  19.95  0.763  0.0825 -0.3667 -0.5380 -0.00039 0.00022 -16.0 16.901   87.23  72.92   
15484   51213   62454   8176    54.   147650.  104899  0.0514+/- 0.0017  0.8687+/- 0.0286  19.95  0.763  0.0824  0.3714  0.5583 -0.00028 0.00022  15.7 16.912   82.32  72.92
15485   50224   63932   7300    56.   147854.  104893 -0.0463+/- 0.0018 -0.7832+/- 0.0303  19.95  0.763  0.0825 -0.3348 -0.5149 -0.00020 0.00022 -16.0 16.901   77.41  72.92
15486   51142   65189   6324    58.   150221.  104893  0.0526+/- 0.0019  0.8900+/- 0.0328  19.95  0.763  0.0825  0.3530  0.5319 -0.00026 0.00022  15.7 16.909   72.50  72.92
15487   47364   61068   4953    50.   140789.  104878 -0.0452+/- 0.0066 -0.7648+/- 0.1110  19.95  0.763  0.0825 -0.3486 -0.5032  0.00016 0.00055 -16.0 16.902   67.60  72.92
15488   47394   60102   3897    46.   140664.  104895  0.0393+/- 0.0029  0.6653+/- 0.0485  19.95  0.763  0.0825  0.2883  0.4687 -0.00014 0.00023  15.7 16.909   62.69  72.92
15489   44046   55823   2766    42.   132906.  104898 -0.0332+/- 0.0035 -0.5611+/- 0.0599  19.95  0.763  0.0825 -0.2527 -0.4722 -0.00004 0.00027 -16.0 16.901   57.78  72.92


################################################################
Q3 scan,  HWP=OUT, PAS=OUT
Q1=95.85A

  run    Left   Right Coinc. Accid.    BCM      Clock      Cor.Asymm        Polarization    angl  An.Pow Pol.Targ PolarizationL/R     Asym BCM     coil Factor  Q3
15490   69733   58486  23307    71.   146679.  104887  0.0485+/- 0.0010  0.8204+/- 0.0168  19.95  0.763  0.0825  0.5068  0.5653 -0.00014 0.00019  15.7 16.909  112.83
15491   77547   67814  30826    90.   150745.  104879 -0.0501+/- 0.0009 -0.8474+/- 0.0146  19.95  0.763  0.0825 -0.5437 -0.5905 -0.00008 0.00018 -16.0 16.902  104.52
#beam tripped in most of the time
15492       0       0      0     0.        0.       0  0.0000+/- 0.0000  0.0000+/- 0.0000  19.95  0.763  0.0825  0.0000  0.0000  0.00000 0.00000  15.7 16.910   96.16  #junk
15493   73508   65290  25325    79.   148391.  104896 -0.0490+/- 0.0010 -0.8275+/- 0.0161  19.95  0.763  0.0825 -0.5069 -0.5818 -0.00017 0.00019 -16.0 16.902   96.16
15494   61896   54481  13547    55.   146148.  104893  0.0469+/- 0.0013  0.7936+/- 0.0225  19.95  0.763  0.0825  0.4122  0.5067 -0.00014 0.00019  15.7 16.910   87.76
15495   52027   54242   9321    48.   143933.  104893 -0.0488+/- 0.0016 -0.8256+/- 0.0267  19.95  0.763  0.0825 -0.3872 -0.5191  0.00021 0.00018 -16.0 16.901   79.30
15496   50251   56437   9037    48.   145892.  104891  0.0470+/- 0.0016  0.7952+/- 0.0271  19.95  0.763  0.0825  0.3771  0.5198 -0.00002 0.00018  15.7 16.910   72.92
#beam tripped 
15497       0       0      0     0.        0.       0  0.0000+/- 0.0000  0.0000+/- 0.0000  19.95  0.763  0.0825  0.0000  0.0000  0.00000 0.00000 -16.0 16.902   66.52  #junk
15498   45517   58203   8306    46.   144655.  104891  0.0483+/- 0.0017  0.8162+/- 0.0283  19.95  0.763  0.0825  0.3984  0.5563 -0.00047 0.00021  15.7 16.909   66.52
15499   41166   55793   7047    41.   137196.  104885 -0.0472+/- 0.0018 -0.7985+/- 0.0308  19.95  0.763  0.0825 -0.3727 -0.5568 -0.00033 0.00020 -16.0 16.901   62.25
15500   38530   53273   5481    35.   135361.  104893  0.0450+/- 0.0021  0.7608+/- 0.0354  19.95  0.763  0.0824  0.3671  0.5456 -0.00019 0.00021  15.7 16.911   57.97
15501   40062   54453   3868    39.   150096.  104891 -0.0350+/- 0.0027 -0.5914+/- 0.0453  19.95  0.763  0.0825 -0.3569 -0.5134 -0.00026 0.00023 -16.0 16.902   53.68
